日期,股票代码,名称,收盘价,最高价,最低价,开盘价,前收盘,涨跌额,涨跌幅,换手率,成交量,成交金额,总市值,流通市值
2019-03-15,'603111,康尼机电,5.26,5.38,5.18,5.25,5.27,-0.01,-0.1898,2.0084,16789600,88589891.0,5224629045.84,4397271895.0
2019-03-14,'603111,康尼机电,5.27,5.54,5.17,5.5,5.56,-0.29,-5.2158,2.2619,18908777,100365246.0,5234561800.68,4405631727.5
2019-03-13,'603111,康尼机电,5.56,5.82,5.5,5.79,5.78,-0.22,-3.8062,2.5192,21060267,118431986.0,5522611691.04,4648066870.0
2019-03-12,'603111,康尼机电,5.78,5.88,5.67,5.71,5.77,0.01,0.1733,3.3539,28037779,161441652.0,5741132297.52,4831983185.0
2019-03-11,'603111,康尼机电,5.77,5.85,5.4,5.71,5.71,0.06,1.0508,4.1885,30927231,172756958.0,5731199542.68,4260471352.5
2019-03-08,'603111,康尼机电,5.71,6.22,5.71,6.03,6.34,-0.63,-9.9369,6.945,51280753,304917524.0,5671603013.64,4216168357.5
2019-03-07,'603111,康尼机电,6.34,6.34,5.68,6.0,5.76,0.58,10.0694,11.334,83688344,511370593.0,6297366568.56,4681349805.0
2019-03-06,'603111,康尼机电,5.76,5.76,5.37,5.37,5.24,0.52,9.9237,5.4068,39922771,226446905.0,5721266787.84,4253087520.0
2019-03-05,'603111,康尼机电,5.24,5.24,5.03,5.1,5.12,0.12,2.3438,2.587,19101928,98503775.0,5204763536.16,3869128230.0
2019-03-04,'603111,康尼机电,5.12,5.28,5.07,5.17,5.16,-0.04,-0.7752,3.7707,27841948,144508223.0,5085570478.08,3780522240.0
2019-03-01,'603111,康尼机电,5.16,5.22,4.85,4.85,4.85,0.31,6.3918,3.6444,26909369,135614401.0,5125301497.44,3810057570.0
2019-02-28,'603111,康尼机电,4.85,5.02,4.71,4.99,4.99,-0.14,-2.8056,2.0441,15093345,73547465.0,4817386097.4,3581158762.5
2019-02-27,'603111,康尼机电,4.99,5.26,4.88,5.02,4.93,0.06,1.217,3.768,27822530,141099295.0,4956444665.16,3684532417.5
2019-02-26,'603111,康尼机电,4.93,5.1,4.65,4.75,4.73,0.2,4.2283,3.8933,28747250,139783191.0,4896848136.12,3640229422.5
2019-02-25,'603111,康尼机电,4.73,4.76,4.57,4.57,4.54,0.19,4.185,2.942,21723550,101498386.0,4698193039.32,3492552772.5
2019-02-22,'603111,康尼机电,4.54,4.57,4.43,4.44,4.46,0.08,1.7937,1.6868,12455200,55994258.0,4509470697.36,3352259955.0
2019-02-21,'603111,康尼机电,4.46,4.75,4.46,4.57,4.55,-0.09,-1.978,2.3366,17252969,79146955.0,4430008658.64,3293189295.0
2019-02-20,'603111,康尼机电,4.55,4.8,4.38,4.42,4.39,0.16,3.6446,3.0827,22762093,104406120.0,4519403452.2,3359643787.5
2019-02-19,'603111,康尼机电,4.39,4.44,4.3,4.37,4.37,0.02,0.4577,1.5002,11077026,48284806.0,4360479374.76,3241502467.5
2019-02-18,'603111,康尼机电,4.37,4.38,4.28,4.28,4.27,0.1,2.3419,1.1697,8636989,37574268.0,4340613865.08,3226734802.5
2019-02-15,'603111,康尼机电,4.27,4.32,4.2,4.23,4.25,0.02,0.4706,0.8294,6124353,26141737.0,4241286316.68,3152896477.5
2019-02-14,'603111,康尼机电,4.25,4.33,4.13,4.15,4.15,0.1,2.4096,1.3058,9641734,40898086.0,4221420807.0,3138128812.5
2019-02-13,'603111,康尼机电,4.15,4.18,4.07,4.09,4.09,0.06,1.467,1.1409,8424390,34782984.0,4122093258.6,3064290487.5
2019-02-12,'603111,康尼机电,4.09,4.15,4.07,4.09,4.07,0.02,0.4914,0.8952,6609650,27135179.0,4062496729.56,3019987492.5
2019-02-11,'603111,康尼机电,4.07,4.14,4.04,4.04,4.01,0.06,1.4963,1.2154,8974000,36733143.0,4042631219.88,3005219827.5
2019-02-01,'603111,康尼机电,4.01,4.15,3.85,3.85,3.85,0.16,4.1558,1.5102,11151121,44664437.0,3983034690.84,2960916832.5
2019-01-31,'603111,康尼机电,3.85,3.94,3.56,3.56,3.92,-0.07,-1.7857,2.5937,19151701,72801246.0,3824110613.4,2842775512.5
2019-01-30,'603111,康尼机电,3.92,3.99,3.89,3.97,3.99,-0.07,-1.7544,0.8992,6639195,26151416.0,3893639897.28,2894462340.0
2019-01-29,'603111,康尼机电,3.99,4.18,3.96,4.13,4.16,-0.17,-4.0865,1.8361,13557446,54525633.0,3963169181.16,2946149167.5
2019-01-28,'603111,康尼机电,4.16,4.35,4.15,4.35,4.3,-0.14,-3.2558,0.9473,6995037,29648742.0,4132026013.44,3071674320.0
2019-01-25,'603111,康尼机电,4.3,4.39,4.29,4.36,4.34,-0.04,-0.9217,0.646,4770200,20596408.0,4271084581.2,3175047975.0
2019-01-24,'603111,康尼机电,4.34,4.43,4.33,4.38,4.41,-0.07,-1.5873,0.9972,7362800,32112922.0,4310815600.56,3204583305.0
2019-01-23,'603111,康尼机电,4.41,4.43,4.31,4.36,4.4,0.01,0.2273,1.9123,14119849,61648495.0,4380344884.44,3256270132.5
2019-01-22,'603111,康尼机电,4.4,4.42,4.13,4.2,4.18,0.22,5.2632,3.303,24389076,105086600.0,4370412129.6,3248886300.0
2019-01-21,'603111,康尼机电,4.18,4.23,4.17,4.2,4.2,-0.02,-0.4762,0.7761,5730363,24047759.0,4151891523.12,3086441985.0
2019-01-18,'603111,康尼机电,4.2,4.23,4.16,4.22,4.18,0.02,0.4785,1.469,10846856,45352947.0,4171757032.8,3101209650.0
2019-01-17,'603111,康尼机电,4.18,4.31,4.18,4.31,4.29,-0.11,-2.5641,1.2351,9119933,38514456.0,4151891523.12,3086441985.0
2019-01-16,'603111,康尼机电,4.29,4.37,4.28,4.36,4.34,-0.05,-1.1521,1.0695,7897013,34170419.0,4261151826.36,3167664142.5
2019-01-15,'603111,康尼机电,4.34,4.37,4.29,4.32,4.33,0.01,0.2309,1.1797,8710363,37710823.0,4310815600.56,3204583305.0
2019-01-14,'603111,康尼机电,4.33,4.41,4.31,4.38,4.4,-0.07,-1.5909,1.4648,10815881,46970153.0,4300882845.72,3197199472.5
2019-01-11,'603111,康尼机电,4.4,4.44,4.29,4.29,4.32,0.08,1.8519,2.4923,18402742,80834653.0,4370412129.6,3248886300.0
2019-01-10,'603111,康尼机电,4.32,4.39,4.29,4.36,4.44,-0.12,-2.7027,2.6984,19924451,86470047.0,4290950090.88,3189815640.0
2019-01-09,'603111,康尼机电,4.44,4.64,4.32,4.37,4.61,-0.17,-3.6876,6.4589,47691251,210734003.0,4410143148.96,3278421630.0
2019-01-08,'603111,康尼机电,4.61,4.85,4.57,4.78,4.41,0.2,4.5351,8.389,61942925,295979185.0,4578999981.24,3403946782.5
2019-01-07,'603111,康尼机电,4.41,4.41,4.11,4.12,4.01,0.4,9.9751,1.4728,10874894,47169942.0,4380344884.44,3256270132.5
2019-01-04,'603111,康尼机电,4.01,4.03,3.86,3.88,3.94,0.07,1.7766,0.526,3884000,15458429.0,3983034690.84,2960916832.5
2019-01-03,'603111,康尼机电,3.94,4.02,3.91,3.96,3.94,0.0,0.0,0.4386,3238628,12834033.0,3913505406.96,2909230005.0
2019-01-02,'603111,康尼机电,3.94,3.98,3.88,3.97,3.96,-0.02,-0.5051,0.4064,3000562,11804248.0,3913505406.96,2909230005.0
2018-12-28,'603111,康尼机电,3.96,4.0,3.9,3.94,3.97,-0.01,-0.2519,0.4113,3037050,12012062.0,3933370916.64,2923997670.0
2018-12-27,'603111,康尼机电,3.97,4.09,3.95,4.09,4.0,-0.03,-0.75,0.4014,2963800,11906575.0,3943303671.48,2931381502.5
2018-12-26,'603111,康尼机电,4.0,4.05,3.99,4.02,4.03,-0.03,-0.7444,0.3334,2461888,9870025.0,3973101936.0,2953533000.0
2018-12-25,'603111,康尼机电,4.03,4.05,3.94,4.05,4.08,-0.05,-1.2255,0.657,4851523,19365764.0,4002900200.52,2975684497.5
2018-12-24,'603111,康尼机电,4.08,4.12,4.05,4.06,4.09,-0.01,-0.2445,0.3696,2729100,11163812.0,4052563974.72,3012603660.0
2018-12-21,'603111,康尼机电,4.09,4.15,4.06,4.15,4.12,-0.03,-0.7282,0.366,2702526,11072708.0,4062496729.56,3019987492.5
2018-12-20,'603111,康尼机电,4.12,4.17,4.08,4.1,4.1,0.02,0.4878,0.3638,2686048,11098641.0,4092294994.08,3042138990.0
2018-12-19,'603111,康尼机电,4.1,4.17,4.07,4.14,4.14,-0.04,-0.9662,0.4122,3043740,12496421.0,4072429484.4,3027371325.0
2018-12-18,'603111,康尼机电,4.14,4.19,4.07,4.1,4.14,0.0,0.0,0.4743,3501902,14459440.0,4112160503.76,3056906655.0
2018-12-17,'603111,康尼机电,4.14,4.19,4.03,4.17,4.2,-0.06,-1.4286,0.8671,6402323,26359077.0,4112160503.76,3056906655.0
2018-12-14,'603111,康尼机电,4.2,4.33,4.19,4.33,4.33,-0.13,-3.0023,1.441,10639800,45019591.0,4171757032.8,3101209650.0
2018-12-13,'603111,康尼机电,4.33,4.45,4.23,4.29,4.25,0.08,1.8824,2.1875,16151963,70262754.0,4300882845.72,3197199472.5
2018-12-12,'603111,康尼机电,4.25,4.3,4.24,4.25,4.22,0.03,0.7109,0.521,3847100,16405303.0,4221420807.0,3138128812.5
2018-12-11,'603111,康尼机电,4.22,4.27,4.2,4.2,4.2,0.02,0.4762,0.5263,3886350,16412294.0,4191622542.48,3115977315.0
2018-12-10,'603111,康尼机电,4.2,4.3,4.18,4.24,4.31,-0.11,-2.5522,0.6889,5086700,21541963.0,4171757032.8,3101209650.0
2018-12-07,'603111,康尼机电,4.31,4.4,4.27,4.29,4.29,0.02,0.4662,0.7195,5312500,23016426.0,4281017336.04,3182431807.5
2018-12-06,'603111,康尼机电,4.29,4.4,4.28,4.37,4.37,-0.08,-1.8307,0.7634,5636950,24445230.0,4261151826.36,3167664142.5
2018-12-05,'603111,康尼机电,4.37,4.42,4.32,4.42,4.43,-0.06,-1.3544,1.0995,8118650,35417373.0,4340613865.08,3226734802.5
2018-12-04,'603111,康尼机电,4.43,4.5,4.36,4.39,4.35,0.08,1.8391,1.6302,12037111,53306281.0,4400210394.12,3271037797.5
2018-12-03,'603111,康尼机电,4.35,4.39,4.28,4.34,4.27,0.08,1.8735,1.9235,14203113,61733150.0,4320748355.4,3211967137.5
2018-11-30,'603111,康尼机电,4.27,4.48,4.24,4.48,4.71,-0.44,-9.3418,4.3428,32066745,138297131.0,4241286316.68,3152896477.5
2018-11-29,'603111,康尼机电,4.71,5.07,4.71,4.78,4.61,0.1,2.1692,6.3583,46948469,232064538.0,4678327529.64,3477785107.5
2018-11-28,'603111,康尼机电,4.61,4.61,4.42,4.57,4.56,0.05,1.0965,1.0551,7790598,35187704.0,4578999981.24,3403946782.5
2018-11-27,'603111,康尼机电,4.56,4.65,4.5,4.6,4.55,0.01,0.2198,0.7875,5814448,26534233.0,4529336207.04,3367027620.0
2018-11-26,'603111,康尼机电,4.55,4.6,4.46,4.51,4.5,0.05,1.1111,0.7358,5432725,24645467.0,4519403452.2,3359643787.5
2018-11-23,'603111,康尼机电,4.5,4.75,4.5,4.74,4.72,-0.22,-4.661,1.2072,8913750,40959171.0,4469739678.0,3322724625.0
2018-11-22,'603111,康尼机电,4.72,4.77,4.63,4.63,4.65,0.07,1.5054,1.6203,11964323,56368698.0,4688260284.48,3485168940.0
2018-11-21,'603111,康尼机电,4.65,4.7,4.45,4.48,4.55,0.1,2.1978,1.2548,9265248,42874573.0,4618731000.6,3433482112.5
2018-11-20,'603111,康尼机电,4.55,4.75,4.53,4.63,4.7,-0.15,-3.1915,1.5825,11685041,54126059.0,4519403452.2,3359643787.5
2018-11-19,'603111,康尼机电,4.7,4.81,4.46,4.81,4.96,-0.26,-5.2419,3.0884,22804450,106818690.0,4668394774.8,3470401275.0
2018-11-16,'603111,康尼机电,4.96,5.07,4.72,4.75,4.8,0.16,3.3333,3.7918,27997975,138778415.0,4926646400.64,3662380920.0
2018-11-15,'603111,康尼机电,4.8,4.95,4.72,4.92,4.92,-0.12,-2.439,3.8047,28093292,135904071.0,4767722323.2,3544239600.0
2018-11-14,'603111,康尼机电,4.92,4.98,4.46,4.53,4.58,0.34,7.4236,4.1247,30456017,144049568.0,4886915381.28,3632845590.0
2018-11-13,'603111,康尼机电,4.58,4.74,4.33,4.33,4.32,0.26,6.0185,3.826,28250437,129031907.0,4549201716.72,3381795285.0
2018-11-12,'603111,康尼机电,4.32,4.37,4.18,4.19,4.18,0.14,3.3493,1.6717,12343817,52941476.0,4290950090.88,3189815640.0
2018-11-09,'603111,康尼机电,4.18,4.27,4.16,4.23,4.27,-0.09,-2.1077,1.2014,8870757,37216344.0,4151891523.12,3086441985.0
2018-11-08,'603111,康尼机电,4.27,4.4,4.2,4.24,4.2,0.07,1.6667,1.8576,13716133,58789847.0,4241286316.68,3152896477.5
2018-11-07,'603111,康尼机电,4.2,4.28,4.16,4.2,4.22,-0.02,-0.4739,1.2352,9120670,38532611.0,4171757032.8,3101209650.0
2018-11-06,'603111,康尼机电,4.22,4.24,4.12,4.19,4.21,0.01,0.2375,1.1848,8748600,36575844.0,4191622542.48,3115977315.0
2018-11-05,'603111,康尼机电,4.21,4.29,4.1,4.13,4.15,0.06,1.4458,1.6426,12128750,50821109.0,4181689787.64,3108593482.5
2018-11-02,'603111,康尼机电,4.15,4.15,4.06,4.12,4.05,0.1,2.4691,1.6532,12206970,50195584.0,4122093258.6,3064290487.5
2018-11-01,'603111,康尼机电,4.05,4.14,4.01,4.08,4.08,-0.03,-0.7353,1.5922,11756750,48059732.0,4022765710.2,2990452162.5
2018-10-31,'603111,康尼机电,4.08,4.18,3.94,3.94,3.95,0.13,3.2911,1.6275,12017209,49065917.0,4052563974.72,3012603660.0
2018-10-30,'603111,康尼机电,3.95,4.05,3.88,3.99,3.88,0.07,1.8041,0.7912,5842116,23108618.0,3923438161.8,2916613837.5
2018-10-29,'603111,康尼机电,3.88,4.0,3.85,3.98,3.98,-0.1,-2.5126,0.69,5094659,19996009.0,3853908877.92,2864927010.0
2018-10-26,'603111,康尼机电,3.98,4.12,3.95,4.0,3.98,0.0,0.0,0.9637,7115659,28692950.0,3953236426.32,2938765335.0
2018-10-25,'603111,康尼机电,3.98,3.99,3.81,3.84,4.02,-0.04,-0.995,1.0669,7877466,30717187.0,3953236426.32,2938765335.0
2018-10-24,'603111,康尼机电,4.02,4.08,3.96,4.0,4.04,-0.02,-0.495,1.0426,7698452,30992619.0,3992967445.68,2968300665.0
2018-10-23,'603111,康尼机电,4.04,4.18,3.99,4.05,4.03,0.01,0.2481,1.4026,10356607,42159014.0,4012832955.36,2983068330.0
2018-10-22,'603111,康尼机电,4.03,4.09,3.86,3.86,3.84,0.19,4.9479,1.4191,10478403,41922118.0,4002900200.52,2975684497.5
2018-10-19,'603111,康尼机电,3.84,3.88,3.63,3.77,3.82,0.02,0.5236,1.1527,8511596,32069269.0,3814177858.56,2835391680.0
2018-10-18,'603111,康尼机电,3.82,4.0,3.71,4.0,4.04,-0.22,-5.4455,1.0628,7847246,30456728.0,3794312348.88,2820624015.0
2018-10-17,'603111,康尼机电,4.04,4.1,3.91,4.05,4.01,0.03,0.7481,0.8273,6108900,24570794.0,4012832955.36,2983068330.0
2018-10-16,'603111,康尼机电,4.01,4.15,3.95,4.08,4.08,-0.07,-1.7157,1.0072,7437050,29985769.0,3983034690.84,2960916832.5
2018-10-15,'603111,康尼机电,4.08,4.27,4.04,4.1,4.06,0.02,0.4926,1.1843,8744562,36190149.0,4052563974.72,3012603660.0
2018-10-12,'603111,康尼机电,4.06,4.18,3.9,4.02,4.14,-0.08,-1.9324,1.7236,12726956,51752816.0,4032698465.04,2997835995.0
2018-10-11,'603111,康尼机电,4.14,4.46,4.14,4.4,4.6,-0.46,-10.0,2.2347,16500800,70509375.0,4112160503.76,3056906655.0
2018-10-10,'603111,康尼机电,4.6,4.63,4.51,4.54,4.57,0.03,0.6565,1.2003,8863051,40545520.0,4569067226.4,3396562950.0
2018-10-09,'603111,康尼机电,4.57,4.68,4.55,4.63,4.54,0.03,0.6608,1.2743,9409389,43355458.0,4539268961.88,3374411452.5
2018-10-08,'603111,康尼机电,4.54,4.77,4.52,4.76,4.81,-0.27,-5.6133,1.5963,11787032,54850911.0,4509470697.36,3352259955.0
2018-09-28,'603111,康尼机电,4.81,4.96,4.78,4.9,4.91,-0.1,-2.0367,1.993,14716065,71460854.0,4777655078.04,3551623432.5
2018-09-27,'603111,康尼机电,4.91,5.06,4.84,5.02,5.08,-0.17,-3.3465,2.9972,22130964,109414859.0,4876982626.44,3625461757.5
2018-09-26,'603111,康尼机电,5.08,5.14,5.02,5.11,5.16,-0.08,-1.5504,3.1553,23298407,118269897.0,5045839458.72,3750986910.0
2018-09-25,'603111,康尼机电,5.16,5.16,4.94,5.03,5.16,0.0,0.0,3.7136,27420327,138843289.0,5125301497.44,3810057570.0
2018-09-21,'603111,康尼机电,5.16,5.4,5.0,5.22,5.48,-0.32,-5.8394,6.931,51177252,264634191.0,5125301497.44,3810057570.0
2018-09-20,'603111,康尼机电,5.48,5.89,5.48,5.68,5.35,0.13,2.4299,10.1692,75087975,429051626.0,5443149652.32,4046340210.0
2018-09-19,'603111,康尼机电,5.35,5.35,5.35,5.35,4.86,0.49,10.0823,0.6323,4668607,24977047.0,5314023839.4,3950350387.5
2018-09-18,'603111,康尼机电,4.86,4.86,4.52,4.61,4.42,0.44,9.9548,3.5691,26353404,126885131.0,4827318852.24,3588542595.0
2018-09-17,'603111,康尼机电,4.42,4.51,4.4,4.5,4.51,-0.09,-1.9956,0.829,6120846,27256781.0,4390277639.28,3263653965.0
2018-09-14,'603111,康尼机电,4.51,4.64,4.51,4.61,4.64,-0.13,-2.8017,0.6566,4848486,22165390.0,4479672432.84,3330108457.5
2018-09-13,'603111,康尼机电,4.64,4.71,4.51,4.66,4.65,-0.01,-0.2151,1.1087,8186776,37667459.0,4608798245.76,3426098280.0
2018-09-12,'603111,康尼机电,4.65,4.75,4.55,4.55,4.61,0.04,0.8677,1.2771,9429683,43904415.0,4618731000.6,3433482112.5
2018-09-11,'603111,康尼机电,4.61,4.68,4.51,4.62,4.62,-0.01,-0.2165,0.9842,7267125,33265764.0,4578999981.24,3403946782.5
2018-09-10,'603111,康尼机电,4.62,4.66,4.52,4.59,4.62,0.0,0.0,1.546,11415640,52440665.0,4588932736.08,3411330615.0
2018-09-07,'603111,康尼机电,4.62,4.74,4.52,4.56,4.52,0.1,2.2124,1.7454,12887406,59198741.0,4588932736.08,3411330615.0
2018-09-06,'603111,康尼机电,4.52,4.59,4.45,4.5,4.6,-0.08,-1.7391,1.4492,10700584,48343975.0,4489605187.68,3337492290.0
2018-09-05,'603111,康尼机电,4.6,4.81,4.45,4.52,4.48,0.12,2.6786,3.0651,22631819,104894003.0,4569067226.4,3396562950.0
2018-09-04,'603111,康尼机电,4.48,4.58,4.28,4.3,4.3,0.18,4.186,2.1751,16060370,71409438.0,4449874168.32,3307956960.0
2018-09-03,'603111,康尼机电,4.3,4.35,4.19,4.19,4.57,-0.27,-5.9081,2.3135,17082739,73030431.0,4271084581.2,3175047975.0
2018-08-31,'603111,康尼机电,4.57,4.7,4.57,4.57,5.08,-0.51,-10.0394,1.4335,10584612,48484413.0,4539268961.88,3374411452.5
2018-08-30,'603111,康尼机电,5.08,5.14,5.04,5.12,5.05,0.03,0.5941,1.0197,7529180,38184031.0,5045839458.72,3750986910.0
2018-08-29,'603111,康尼机电,5.05,5.14,5.03,5.12,5.16,-0.11,-2.1318,1.5152,11187949,56692688.0,5016041194.2,3728835412.5
2018-08-28,'603111,康尼机电,5.16,5.34,5.0,5.01,5.0,0.16,3.2,2.5663,18949049,98173010.0,5125301497.44,3810057570.0
2018-08-27,'603111,康尼机电,5.0,5.06,4.97,5.0,4.97,0.03,0.6036,1.7209,12706645,63795936.0,4966377420.0,3691916250.0
2018-08-24,'603111,康尼机电,4.97,5.08,4.95,4.97,4.96,0.01,0.2016,1.9628,14492726,72476289.0,4936579155.48,3669764752.5
2018-08-23,'603111,康尼机电,4.96,5.06,4.83,4.83,5.28,-0.32,-6.0606,2.8464,21017382,103660716.0,4926646400.64,3662380920.0
2018-08-22,'603111,康尼机电,5.28,5.38,5.25,5.34,5.32,-0.04,-0.7519,1.0331,7627950,40439093.0,5244494555.52,3898663560.0
2018-08-21,'603111,康尼机电,5.32,5.33,5.11,5.14,5.22,0.1,1.9157,1.8246,13472612,70664000.0,5284225574.88,3928198890.0
2018-08-20,'603111,康尼机电,5.22,5.43,5.21,5.33,5.79,-0.57,-9.8446,3.3296,24585526,128682076.0,5184898026.48,3854360565.0
2018-08-17,'603111,康尼机电,5.79,6.37,5.79,6.35,6.43,-0.64,-9.9533,2.9034,21437943,127111409.0,5751065052.36,4275239017.5
2018-08-16,'603111,康尼机电,6.43,6.61,6.42,6.52,6.55,-0.12,-1.8321,0.9079,6704100,43503771.0,6386761362.12,4747804297.5
2018-08-15,'603111,康尼机电,6.55,6.75,6.53,6.73,6.71,-0.16,-2.3845,1.1305,8347275,55284978.0,6505954420.2,4836410287.5
2018-08-14,'603111,康尼机电,6.71,6.76,6.67,6.69,6.79,-0.08,-1.1782,1.2848,9486519,63604528.0,6664878497.64,4954551607.5
2018-08-13,'603111,康尼机电,6.79,6.83,6.61,6.83,6.91,-0.12,-1.7366,1.6635,12282895,82626022.0,6744340536.36,5013622267.5
2018-08-10,'603111,康尼机电,6.91,7.06,6.85,6.97,7.09,-0.18,-2.5388,2.2463,16586461,114879966.0,6863533594.44,5102228257.5
2018-08-09,'603111,康尼机电,7.09,7.1,6.5,6.87,6.89,0.2,2.9028,3.5138,25945219,177320796.0,7042323181.56,5235137242.5
2018-08-08,'603111,康尼机电,6.89,7.26,6.82,6.97,6.72,0.17,2.5298,3.0126,22244665,156420795.0,6843668084.76,5087460592.5
2018-08-07,'603111,康尼机电,6.72,6.72,6.35,6.47,6.47,0.25,3.864,1.1663,8611462,56664572.0,6674811252.48,4961935440.0
2018-08-06,'603111,康尼机电,6.47,6.81,6.43,6.67,6.64,-0.17,-2.5602,1.1848,8748375,57641544.0,6426492381.48,4777339627.5
2018-08-03,'603111,康尼机电,6.64,6.79,6.56,6.56,6.62,0.02,0.3021,0.956,7058589,47296676.0,6595349213.76,4902864780.0
2018-08-02,'603111,康尼机电,6.62,6.79,6.37,6.78,6.82,-0.2,-2.9326,1.4367,10608531,69785680.0,6575483704.08,4888097115.0
2018-08-01,'603111,康尼机电,6.82,7.1,6.78,7.02,7.03,-0.21,-2.9872,1.3163,9719381,67515383.0,6774138800.88,5035773765.0
2018-07-31,'603111,康尼机电,7.03,7.11,6.83,6.96,7.02,0.01,0.1425,1.1686,8629033,60315326.0,6982726652.52,5190834247.5
2018-07-30,'603111,康尼机电,7.02,7.28,6.93,6.99,6.93,0.09,1.2987,2.6125,19290224,137143279.0,6972793897.68,5183450415.0
2018-07-27,'603111,康尼机电,6.93,7.09,6.92,7.05,7.12,-0.19,-2.6685,1.3368,9870881,68912713.0,6883399104.12,5116995922.5
2018-07-26,'603111,康尼机电,7.12,7.19,7.03,7.14,7.11,0.01,0.1406,1.7256,12741694,90572924.0,7072121446.08,5257288740.0
2018-07-25,'603111,康尼机电,7.11,7.14,6.95,7.02,7.07,0.04,0.5658,1.6542,12214461,85927873.0,7062188691.24,5249904907.5
2018-07-24,'603111,康尼机电,7.07,7.16,6.87,6.99,7.07,0.0,0.0,2.712,20024714,141031502.0,7022457671.88,5220369577.5
2018-07-23,'603111,康尼机电,7.07,7.1,6.8,6.85,6.92,0.15,2.1676,2.1636,15975883,111728070.0,7022457671.88,5220369577.5
2018-07-20,'603111,康尼机电,6.92,7.13,6.6,6.63,6.57,0.35,5.3272,3.1132,22987385,159079619.0,6873466349.28,5109612090.0
2018-07-19,'603111,康尼机电,6.57,6.77,6.46,6.71,6.73,-0.16,-2.3774,1.2357,9124119,60328315.0,6525819929.88,4851177952.5
2018-07-18,'603111,康尼机电,6.73,7.08,6.71,6.91,6.93,-0.2,-2.886,1.964,14501709,99568982.0,6684744007.32,4969319272.5
2018-07-17,'603111,康尼机电,6.93,6.95,6.64,6.72,6.69,0.24,3.5874,1.5636,11545230,78422598.0,6883399104.12,5116995922.5
2018-07-16,'603111,康尼机电,6.69,6.79,6.68,6.79,6.77,-0.08,-1.1817,1.118,8255459,55519265.0,6645012987.96,4939783942.5
2018-07-13,'603111,康尼机电,6.77,6.78,6.6,6.68,6.66,0.11,1.6517,1.4937,11029056,74023899.0,6724475026.68,4998854602.5
2018-07-12,'603111,康尼机电,6.66,6.71,6.38,6.39,6.41,0.25,3.9002,1.1612,8573771,56565780.0,6615214723.44,4917632445.0
2018-07-11,'603111,康尼机电,6.41,6.58,6.33,6.58,6.69,-0.28,-4.1854,1.1278,8327236,53517574.0,6366895852.44,4733036632.5
2018-07-10,'603111,康尼机电,6.69,6.74,6.6,6.72,6.72,-0.03,-0.4464,1.0562,7798672,51941899.0,6645012987.96,4939783942.5
2018-07-09,'603111,康尼机电,6.72,6.78,6.63,6.63,6.63,0.09,1.3575,1.2045,8893501,59842048.0,6674811252.48,4961935440.0
2018-07-06,'603111,康尼机电,6.63,6.78,6.42,6.55,6.61,0.02,0.3026,1.445,10669670,70759099.0,6585416458.92,4895480947.5
2018-07-05,'603111,康尼机电,6.61,6.8,6.59,6.67,6.76,-0.15,-2.2189,1.0128,7478676,49920490.0,6565550949.24,4880713282.5
2018-07-04,'603111,康尼机电,6.76,6.92,6.75,6.79,6.86,-0.1,-1.4577,1.4435,10658363,72694828.0,6714542271.84,4991470770.0
2018-07-03,'603111,康尼机电,6.86,6.97,6.55,6.61,6.61,0.25,3.7821,2.3394,17273576,116080090.0,6813869820.24,5065309095.0
2018-07-02,'603111,康尼机电,6.61,6.75,6.5,6.58,6.61,0.0,0.0,2.0852,15396462,102018243.0,6565550949.24,4880713282.5
2018-06-29,'603111,康尼机电,6.61,6.66,6.36,6.4,6.51,0.1,1.5361,2.1808,16102711,105162066.0,6565550949.24,4880713282.5
2018-06-28,'603111,康尼机电,6.51,7.07,6.49,7.01,7.21,-0.7,-9.7087,5.6971,42066760,279497784.0,6466223400.84,4806874957.5
2018-06-27,'603111,康尼机电,7.21,7.41,7.21,7.21,8.01,-0.8,-9.9875,3.827,28257679,204190993.0,7161516239.64,5323743232.5
2018-06-26,'603111,康尼机电,8.01,8.01,8.01,8.01,8.9,-0.89,-10.0,0.0846,624600,5003046.0,7956136626.84,5914449832.5
2018-06-25,'603111,康尼机电,8.9,8.9,8.9,8.9,9.89,-0.99,-10.0101,0.1108,818400,7283760.0,8840151807.6,6571610925.0
2018-06-22,'603111,康尼机电,9.89,9.9,9.6,9.7,9.79,0.1,1.0215,0.3611,2666121,26102483.0,9823494536.76,7302610342.5
2018-06-21,'603111,康尼机电,9.79,9.87,9.52,9.8,9.84,-0.05,-0.5081,0.3847,2840780,27647334.0,9724166988.36,7228772017.5
2018-06-20,'603111,康尼机电,9.84,10.01,9.59,9.59,9.81,0.03,0.3058,0.5974,4411381,43332812.0,9773830762.56,7265691180.0
2018-06-19,'603111,康尼机电,9.81,10.01,9.42,10.01,10.18,-0.37,-3.6346,0.8934,6596923,64052866.0,9744032498.04,7243539682.5
2018-06-15,'603111,康尼机电,10.18,10.43,10.02,10.37,10.37,-0.19,-1.8322,0.4375,3230759,32874187.0,10111544427.1,7516741485.0
2018-06-14,'603111,康尼机电,10.37,10.5,10.32,10.35,10.37,0.0,0.0,0.2996,2212278,23007817.0,10300266769.1,7657034302.5
2018-06-13,'603111,康尼机电,10.37,10.51,10.31,10.38,10.43,-0.06,-0.5753,0.4714,3481011,36360284.0,10300266769.1,7657034302.5
2018-06-12,'603111,康尼机电,10.43,10.46,10.13,10.13,10.19,0.24,2.3553,0.5095,3762200,38890947.0,10359863298.1,7701337297.5
2018-06-11,'603111,康尼机电,10.19,10.44,10.08,10.3,10.34,-0.15,-1.4507,0.4622,3412607,34746534.0,10121477182.0,7524125317.5
2018-06-08,'603111,康尼机电,10.34,10.52,10.25,10.5,10.55,-0.21,-1.9905,0.4811,3552499,36832725.0,10270468504.6,7634882805.0
2018-06-07,'603111,康尼机电,10.55,10.7,10.24,10.42,10.4,0.15,1.4423,0.6265,4626221,48389634.0,10479056356.2,7789943287.5
2018-06-06,'603111,康尼机电,10.4,10.54,10.35,10.54,10.55,-0.15,-1.4218,0.3917,2892089,30190311.0,10330065033.6,7679185800.0
2018-06-05,'603111,康尼机电,10.55,10.58,10.39,10.48,10.52,0.03,0.2852,0.5543,4093066,42949078.0,10479056356.2,7789943287.5
2018-06-04,'603111,康尼机电,10.52,10.54,10.12,10.2,10.2,0.32,3.1373,0.6577,4856055,50051369.0,10449258091.7,7767791790.0
2018-06-01,'603111,康尼机电,10.2,10.25,10.04,10.15,10.28,-0.08,-0.7782,0.6886,5084184,51498193.0,10131409936.8,7531509150.0
2018-05-31,'603111,康尼机电,10.28,10.32,9.96,10.22,10.12,0.16,1.581,0.762,5626289,56989015.0,10210871975.5,7590579810.0
2018-05-30,'603111,康尼机电,10.12,10.28,10.07,10.28,10.4,-0.28,-2.6923,1.0479,7737711,78521419.0,10051947898.1,7472438490.0
2018-05-29,'603111,XD康尼机,10.4,10.78,10.35,10.72,10.67,-0.27,-2.5305,0.9243,6824759,71765008.0,10330065033.6,7679185800.0
2018-05-28,'603111,康尼机电,10.79,11.08,10.75,11.08,11.08,-0.29,-2.6173,0.895,6608195,71472615.0,10717442472.4,7967155267.5
2018-05-25,'603111,康尼机电,11.08,11.35,11.01,11.35,11.29,-0.21,-1.8601,0.6283,4639300,51514555.0,11005492362.7,8181286410.0
2018-05-24,'603111,康尼机电,11.29,11.48,11.23,11.48,11.48,-0.19,-1.6551,0.4597,3394400,38520409.0,11214080214.4,8336346892.5
2018-05-23,'603111,康尼机电,11.48,11.83,11.36,11.82,11.83,-0.35,-2.9586,0.9081,6704921,77401783.0,11402802556.3,8476639710.0
2018-05-22,'603111,康尼机电,11.83,11.85,11.61,11.75,11.75,0.08,0.6809,0.5791,4275904,50064770.0,11750448975.7,8735073847.5
2018-05-21,'603111,康尼机电,11.75,11.84,11.61,11.72,11.62,0.13,1.1188,0.6484,4787995,56300016.0,11670986937.0,8676003187.5
2018-05-18,'603111,康尼机电,11.62,11.65,11.41,11.41,11.47,0.15,1.3078,0.413,3049516,35235453.0,11541861124.1,8580013365.0
2018-05-17,'603111,康尼机电,11.47,11.74,11.46,11.74,11.72,-0.25,-2.1331,0.5176,3822051,44116916.0,11392869801.5,8469255877.5
2018-05-16,'603111,康尼机电,11.72,11.9,11.65,11.69,11.63,0.09,0.7739,0.7799,5758290,67701695.0,11641188672.5,8653851690.0
2018-05-15,'603111,康尼机电,11.63,11.76,11.45,11.5,11.54,0.09,0.7799,0.6996,5165684,59881928.0,11551793878.9,8587397197.5
2018-05-14,'603111,康尼机电,11.54,11.85,11.48,11.85,11.86,-0.32,-2.6981,0.9339,6896025,79994413.0,11462399085.4,8520942705.0
2018-05-11,'603111,康尼机电,11.86,12.06,11.81,11.82,11.76,0.1,0.8503,0.6731,4970411,59138993.0,11780247240.2,8757225345.0
2018-05-10,'603111,康尼机电,11.76,11.99,11.69,11.87,11.87,-0.11,-0.9267,0.7699,5684686,67197436.0,11680919691.8,8683387020.0
2018-05-09,'603111,康尼机电,11.87,12.05,11.82,11.9,11.92,-0.05,-0.4195,0.5715,4219828,50280007.0,11790179995.1,8764609177.5
2018-05-08,'603111,康尼机电,11.92,12.1,11.81,11.9,11.88,0.04,0.3367,0.6594,4868950,58245207.0,11839843769.3,8801528340.0
2018-05-07,'603111,康尼机电,11.88,11.95,11.75,11.8,11.8,0.08,0.678,0.5868,4332559,51316066.0,11800112749.9,8771993010.0
2018-05-04,'603111,康尼机电,11.8,11.94,11.56,11.62,11.6,0.2,1.7241,0.6596,4870050,57395366.0,11720650711.2,8712922350.0
2018-05-03,'603111,康尼机电,11.6,11.75,11.51,11.6,11.6,0.0,0.0,0.6137,4531450,52679619.0,11521995614.4,8565245700.0
2018-05-02,'603111,康尼机电,11.6,11.68,11.35,11.5,11.45,0.15,1.31,0.6115,4515120,52114001.0,11521995614.4,8565245700.0
2018-04-27,'603111,康尼机电,11.45,11.49,11.23,11.35,11.32,0.13,1.1484,0.548,4046408,46120380.0,11373004291.8,8454488212.5
2018-04-26,'603111,康尼机电,11.32,11.57,11.21,11.51,11.56,-0.24,-2.0761,0.8359,6172316,70110226.0,11243878478.9,8358498390.0
2018-04-25,'603111,康尼机电,11.56,11.7,11.03,11.03,11.18,0.38,3.3989,1.4519,10720512,123230468.0,11482264595.0,8535710370.0
2018-04-24,'603111,康尼机电,11.18,11.2,10.69,10.69,10.68,0.5,4.6816,0.9087,6709331,74289597.0,11104819911.1,8255124735.0
2018-04-23,'603111,康尼机电,10.68,10.88,10.6,10.78,10.59,0.09,0.8499,0.5264,3887016,41661477.0,10608182169.1,7885933110.0
2018-04-20,'603111,康尼机电,10.59,10.95,10.58,10.89,10.93,-0.34,-3.1107,0.6024,4448313,47807205.0,10518787375.6,7819478617.5
2018-04-19,'603111,康尼机电,10.93,10.98,10.77,10.83,10.83,0.1,0.9234,0.4949,3654080,39701257.0,10856501040.1,8070528922.5
2018-04-18,'603111,康尼机电,10.83,10.99,10.7,10.89,10.82,0.01,0.0924,0.5484,4049450,43751652.0,10757173491.7,7996690597.5
2018-04-17,'603111,康尼机电,10.82,11.23,10.73,11.23,11.19,-0.37,-3.3065,0.5071,3744300,41008209.0,10747240736.9,7989306765.0
2018-04-16,'603111,康尼机电,11.19,11.28,11.01,11.16,11.17,0.02,0.1791,0.3889,2871300,31925025.0,11114752666.0,8262508567.5
2018-04-13,'603111,康尼机电,11.17,11.28,11.05,11.28,11.13,0.04,0.3594,0.4561,3367978,37655357.0,11094887156.3,8247740902.5
2018-04-12,'603111,康尼机电,11.13,11.34,11.12,11.16,11.27,-0.14,-1.2422,0.4229,3122939,35030526.0,11055156136.9,8218205572.5
2018-04-11,'603111,康尼机电,11.27,11.41,11.21,11.32,11.31,-0.04,-0.3537,0.5575,4116200,46568952.0,11194214704.7,8321579227.5
2018-04-10,'603111,康尼机电,11.31,11.32,11.14,11.22,11.23,0.08,0.7124,0.4101,3028363,34018073.0,11233945724.0,8351114557.5
2018-04-09,'603111,康尼机电,11.23,11.33,11.16,11.3,11.33,-0.1,-0.8826,0.3502,2585863,29059056.0,11154483685.3,8292043897.5
2018-04-04,'603111,康尼机电,11.33,11.62,11.3,11.47,11.47,-0.14,-1.2206,0.4786,3534025,40360004.0,11253811233.7,8365882222.5
2018-04-03,'603111,康尼机电,11.47,11.52,11.18,11.25,11.43,0.04,0.35,0.6282,4638772,52772733.0,11392869801.5,8469255877.5
2018-04-02,'603111,康尼机电,11.43,11.49,11.16,11.16,11.24,0.19,1.6904,0.5834,4307788,49064757.0,11353138782.1,8439720547.5
2018-03-30,'603111,康尼机电,11.24,11.26,11.04,11.04,11.02,0.22,1.9964,0.4255,3142050,35106458.0,11164416440.2,8299427730.0
2018-03-29,'603111,康尼机电,11.02,11.13,11.0,11.08,10.97,0.05,0.4558,0.5124,3783539,41856474.0,10945895833.7,8136983415.0
2018-03-28,'603111,康尼机电,10.97,11.2,10.93,11.2,11.22,-0.25,-2.2282,0.6857,5063418,55850274.0,10896232059.5,8100064252.5
2018-03-27,'603111,康尼机电,11.22,11.36,11.1,11.1,11.03,0.19,1.7226,0.4995,3688262,41464535.0,11144550930.5,8284660065.0
2018-03-26,'603111,康尼机电,11.03,11.24,10.59,10.6,10.96,0.07,0.6387,0.5611,4143250,45336215.0,10955828588.5,8144367247.5
2018-03-23,'603111,康尼机电,10.96,11.47,10.83,11.45,11.68,-0.72,-6.1644,0.8908,6577754,73385512.0,10886299304.6,8092680420.0
2018-03-22,'603111,康尼机电,11.68,11.97,11.67,11.91,11.92,-0.24,-2.0134,0.8299,4007900,47155465.0,11601457653.1,5640510330.4
2018-03-21,'603111,康尼机电,11.92,12.35,11.91,12.22,12.16,-0.24,-1.9737,0.8071,3897848,47473923.0,11839843769.3,5756411227.6
2018-03-20,'603111,康尼机电,12.16,12.34,12.11,12.23,12.4,-0.24,-1.9355,0.8938,4316400,52652101.0,12078229885.4,5872312124.8
2018-03-19,'603111,康尼机电,12.4,12.48,12.05,12.28,12.24,0.16,1.3072,0.6504,3140762,38695947.0,12316616001.6,5988213022.0
2018-03-16,'603111,康尼机电,12.24,12.43,12.22,12.37,12.36,-0.12,-0.9709,0.6375,3058150,37586297.0,12157691924.2,5871532957.2
2018-03-15,'603111,康尼机电,12.36,12.5,12.17,12.4,12.49,-0.13,-1.0408,0.8184,3925655,48369598.0,12276884982.2,5929097005.8
2018-03-14,'603111,康尼机电,12.49,12.79,12.42,12.79,12.78,-0.29,-2.2692,0.7702,3694866,46395976.0,12406010795.2,5991458058.45
2018-03-13,'603111,康尼机电,12.78,12.98,12.65,12.9,12.93,-0.15,-1.1601,1.0657,5112036,65302520.0,12694060685.5,6130571175.9
2018-03-12,'603111,康尼机电,12.93,12.98,12.69,12.72,12.68,0.25,1.9716,1.4109,6768260,87008334.0,12843052008.1,6202526236.65
2018-03-09,'603111,康尼机电,12.68,12.73,12.36,12.36,12.35,0.33,2.6721,1.5417,7395386,93419247.0,12594733137.1,6082601135.4
2018-03-08,'603111,康尼机电,12.35,12.41,12.25,12.41,12.32,0.03,0.2435,0.5253,2519845,31043485.0,12266952227.4,5924300001.75
2018-03-07,'603111,康尼机电,12.32,12.62,12.28,12.54,12.58,-0.26,-2.0668,0.8866,4253136,52823380.0,12237153962.9,5909908989.6
2018-03-06,'603111,康尼机电,12.58,12.65,12.33,12.52,12.52,0.06,0.4792,1.1381,5459450,68215938.0,12495405588.7,6034631094.9
2018-03-05,'603111,康尼机电,12.52,12.54,12.14,12.32,12.3,0.22,1.7886,1.1437,5486472,67504243.0,12435809059.7,6005849070.6
2018-03-02,'603111,康尼机电,12.3,12.53,12.28,12.38,12.48,-0.18,-1.4423,0.8226,3945968,48740830.0,12217288453.2,5900314981.5
2018-03-01,'603111,康尼机电,12.48,12.55,12.23,12.5,12.39,0.09,0.7264,1.0175,4881150,60430176.0,11178030040.3,5986661054.4
2018-02-28,'603111,康尼机电,12.39,12.6,12.31,12.34,12.49,-0.1,-0.8006,1.1857,5687943,70708982.0,11097419246.8,5943488017.95
2018-02-27,'603111,康尼机电,12.49,12.56,11.82,11.94,11.89,0.6,5.0463,2.7638,13257920,163411123.0,11186986795.2,5991458058.45
2018-02-26,'603111,康尼机电,11.89,11.98,11.35,11.45,11.41,0.48,4.2068,1.8216,8738216,102452496.0,10649581504.8,5703637815.45
2018-02-23,'603111,康尼机电,11.41,11.67,11.26,11.64,11.67,-0.26,-2.2279,1.5445,7409073,84050066.0,10219657272.4,5473381621.05
2018-02-22,'603111,康尼机电,11.67,11.8,11.48,11.7,11.65,0.02,0.1717,1.2706,6094915,70854824.0,10452532898.3,5598103726.35
2018-02-14,'603111,康尼机电,11.65,11.76,11.49,11.49,11.49,0.16,1.3925,1.0913,5235143,61214325.0,10434619388.6,5588509718.25
2018-02-13,'603111,康尼机电,11.49,11.64,11.42,11.43,11.4,0.09,0.7895,1.0979,5266400,60915815.0,10291311311.2,5511757653.45
2018-02-12,'603111,康尼机电,11.4,11.51,11.15,11.16,11.1,0.3,2.7027,1.0178,4882225,55559652.0,10210700517.6,5468584617.0
2018-02-09,'603111,康尼机电,11.1,11.52,11.0,11.3,11.5,-0.4,-3.4783,1.1728,5625900,63149263.0,9941997872.4,5324674495.5
2018-02-08,'603111,康尼机电,11.5,11.74,11.26,11.34,11.32,0.18,1.5901,1.1419,5477875,63262909.0,10300268066.0,5516554657.5
2018-02-07,'603111,康尼机电,11.32,12.12,11.22,12.0,11.76,-0.44,-3.7415,1.4488,6949825,79822361.0,10139046478.9,5430208584.6
2018-02-06,'603111,康尼机电,11.76,12.08,11.51,12.08,12.19,-0.43,-3.5275,1.172,5622050,66523439.0,10533143691.8,5641276762.8
2018-02-05,'603111,康尼机电,12.19,12.33,11.72,12.0,12.1,0.09,0.7438,1.1317,5428616,65550681.0,10918284150.0,5847547936.95
2018-02-02,'603111,康尼机电,12.1,12.32,11.62,11.84,11.76,0.34,2.8912,1.0213,4899133,58960985.0,10837673356.4,5804374900.5
2018-02-01,'603111,康尼机电,11.76,12.08,11.72,12.05,12.08,-0.32,-2.649,0.7305,3504436,41511769.0,10533143691.8,5641276762.8
2018-01-31,'603111,康尼机电,12.08,12.11,11.7,11.88,11.94,0.14,1.1725,0.9189,4408085,52664485.0,10819759846.7,5794780892.4
2018-01-30,'603111,康尼机电,11.94,12.17,11.86,11.93,12.02,-0.08,-0.6656,1.1606,5567529,66493293.0,10694365279.0,5727622835.7
2018-01-29,'603111,康尼机电,12.02,12.55,12.0,12.43,12.48,-0.46,-3.6859,1.5694,7528586,91798484.0,10766019317.7,5765998868.1
2018-01-26,'603111,康尼机电,12.48,12.6,12.45,12.57,12.57,-0.09,-0.716,0.6089,2921069,36517813.0,11178030040.3,5986661054.4
2018-01-25,'603111,康尼机电,12.57,12.75,12.5,12.5,12.49,0.08,0.6405,1.3498,6475136,81707251.0,11258640833.9,6029834090.85
2018-01-24,'603111,康尼机电,12.49,12.56,12.26,12.56,12.5,-0.01,-0.08,0.8838,4239663,52508685.0,11186986795.2,5991458058.45
2018-01-23,'603111,康尼机电,12.5,12.57,12.38,12.57,12.56,-0.06,-0.4777,1.2168,5837054,72703853.0,11195943550.0,5996255062.5
2018-01-22,'603111,康尼机电,12.56,12.58,12.28,12.5,12.55,0.01,0.0797,0.7714,3700624,46100583.0,11249684079.0,6025037086.8
2018-01-19,'603111,康尼机电,12.55,12.71,12.46,12.65,12.26,0.29,2.3654,1.4896,7145716,89796851.0,11240727324.2,6020240082.75
2018-01-18,'603111,康尼机电,12.26,12.45,12.08,12.08,12.04,0.22,1.8272,1.1104,5326547,65504940.0,10980981433.8,5881126965.3
2018-01-17,'603111,康尼机电,12.04,12.15,11.87,12.14,12.14,-0.1,-0.8237,1.0353,4966450,59468696.0,10783932827.4,5775592876.2
2018-01-16,'603111,康尼机电,12.14,12.29,11.98,12.08,12.12,0.02,0.165,1.5884,7619330,92047878.0,10873500375.8,5823562916.7
2018-01-15,'603111,康尼机电,12.12,12.89,12.08,12.85,12.85,-0.73,-5.6809,2.871,13772130,169027490.0,10855586866.1,5813968908.6
2018-01-12,'603111,康尼机电,12.85,13.27,12.81,13.24,13.22,-0.37,-2.7988,2.1319,10226600,132580449.0,11509429969.4,6164150204.25
2018-01-11,'603111,康尼机电,13.22,13.26,13.11,13.26,13.26,-0.04,-0.3017,0.9449,4532800,59791847.0,11840829898.5,6341639354.1
2018-01-10,'603111,康尼机电,13.26,13.48,13.13,13.43,13.44,-0.18,-1.3393,1.3254,6357919,84170981.0,11876656917.8,6360827370.3
2018-01-09,'603111,康尼机电,13.44,13.63,13.3,13.47,13.58,-0.14,-1.0309,1.4472,6942054,93291698.0,12037878505.0,6447173443.2
2018-01-08,'603111,康尼机电,13.58,14.13,13.23,14.13,14.15,-0.57,-4.0283,2.9211,14012350,189800803.0,12163273072.7,6514331499.9
2018-01-05,'603111,康尼机电,14.15,14.47,14.1,14.4,14.39,-0.24,-1.6678,0.8,3837385,54705116.0,12673808098.6,6787760730.75
2018-01-04,'603111,康尼机电,14.39,14.57,14.28,14.3,14.4,-0.01,-0.0694,1.2873,6175407,88996051.0,12888770214.8,6902888827.95
2018-01-03,'603111,康尼机电,14.4,14.53,14.14,14.15,14.31,0.09,0.6289,1.3295,6377850,91795081.0,12897726969.6,6907685832.0
2018-01-02,'603111,康尼机电,14.31,14.4,13.43,13.54,13.5,0.81,6.0,1.9066,9145950,128231059.0,12817116176.0,6864512795.55
2017-12-29,'603111,康尼机电,13.5,13.7,13.3,13.42,13.48,0.02,0.1484,0.6573,3153250,42295519.0,12091619034.0,6475955467.5
2017-12-28,'603111,康尼机电,13.48,13.59,13.36,13.57,13.57,-0.09,-0.6632,0.6243,2994540,40241003.0,12073705524.3,6466361459.4
2017-12-27,'603111,康尼机电,13.57,13.8,13.21,13.3,13.39,0.18,1.3443,1.1814,5667030,76968149.0,12154316317.9,6509534495.85
2017-12-26,'603111,康尼机电,13.39,13.5,13.18,13.5,13.53,-0.14,-1.0347,0.7332,3517075,46880292.0,11993094730.8,6423188422.95
2017-12-25,'603111,康尼机电,13.53,14.21,13.22,14.06,14.1,-0.57,-4.0426,1.938,9296693,126153546.0,12118489298.5,6490346479.65
2017-12-22,'603111,康尼机电,14.1,14.52,14.02,14.41,14.48,-0.38,-2.6243,1.0049,4820386,68600490.0,12629024324.4,6763775710.5
2017-12-21,'603111,康尼机电,14.48,14.6,14.25,14.44,14.52,-0.04,-0.2755,0.9749,4676647,67343157.0,12969381008.3,6946061864.4
2017-12-20,'603111,康尼机电,14.52,14.56,13.85,14.0,13.99,0.53,3.7884,1.8213,8736785,123848004.0,13005208027.7,6965249880.6
2017-12-19,'603111,康尼机电,13.99,14.25,13.9,14.08,14.0,-0.01,-0.0714,1.151,5521550,77523890.0,12530500021.2,6711008665.95
2017-12-18,'603111,康尼机电,14.0,14.9,13.95,14.9,15.04,-1.04,-6.9149,1.9677,9439092,135145595.0,12539456776.0,6715805670.0
2017-12-15,'603111,康尼机电,15.04,15.15,14.75,15.09,15.03,0.01,0.0665,0.9967,4781336,71317145.0,13470959279.4,7214694091.2
2017-12-14,'603111,康尼机电,15.03,15.16,14.96,15.16,15.19,-0.16,-1.0533,0.5957,2857655,43005718.0,13462002524.5,7209897087.15
2017-12-13,'603111,康尼机电,15.19,15.27,14.9,15.21,15.21,-0.02,-0.1315,0.9239,4431764,66648070.0,13605310602.0,7286649151.95
2017-12-12,'603111,康尼机电,15.21,15.46,15.19,15.4,15.39,-0.18,-1.1696,0.7964,3820100,58670153.0,13623224111.6,7296243160.05
2017-12-11,'603111,康尼机电,15.39,15.57,15.25,15.42,15.4,-0.01,-0.0649,0.8175,3921563,60282511.0,13784445698.8,7382589232.95
2017-12-08,'603111,康尼机电,15.4,15.41,14.91,15.03,14.99,0.41,2.7352,0.9112,4370889,66623334.0,13793402453.6,7387386237.0
2017-12-07,'603111,康尼机电,14.99,15.24,14.9,15.11,15.17,-0.18,-1.1866,0.5698,2733450,41272340.0,11068364917.5,7190709070.95
2017-12-06,'603111,康尼机电,15.17,15.17,14.7,15.01,15.08,0.09,0.5968,0.9459,4537421,67863303.0,11201273902.5,7277055143.85
2017-12-05,'603111,康尼机电,15.08,15.62,14.86,15.42,15.47,-0.39,-2.521,1.4234,6828057,104028115.0,11134819410.0,7233882107.4
2017-12-04,'603111,康尼机电,15.47,15.95,15.46,15.91,15.85,-0.38,-2.3975,1.338,6418376,100717771.0,11422788877.5,7420965265.35
2017-12-01,'603111,康尼机电,15.85,15.94,15.36,15.55,15.45,0.4,2.589,1.9109,9166630,144092231.0,11703374512.5,7603251419.25
2017-11-30,'603111,康尼机电,15.45,15.98,15.26,15.3,15.61,-0.16,-1.025,2.0302,9739103,152048336.0,11408021212.5,7411371257.25
2017-11-29,'603111,康尼机电,15.61,15.74,15.38,15.57,15.57,0.04,0.2569,1.6364,7850035,122050720.0,11526162532.5,7488123322.05
2017-11-28,'603111,康尼机电,15.57,15.59,15.01,15.38,15.48,0.09,0.5814,1.6126,7735621,118256141.0,11496627202.5,7468935305.85
2017-11-27,'603111,康尼机电,15.48,15.76,15.22,15.54,15.46,0.02,0.1294,1.7742,8510791,131726129.0,11430172710.0,7425762269.4
2017-11-24,'603111,康尼机电,15.46,15.66,14.84,14.88,14.97,0.49,3.2732,2.6277,12605128,193503281.0,11415405045.0,7416168261.3
2017-11-23,'603111,康尼机电,14.97,15.18,14.73,15.0,15.0,-0.03,-0.2,2.261,10845977,161792943.0,11053597252.5,7181115062.85
2017-11-22,'603111,康尼机电,15.0,15.12,14.78,14.81,14.87,0.13,0.8742,1.9559,9382344,140185044.0,11075748750.0,7195506075.0
2017-11-21,'603111,康尼机电,14.87,14.95,14.53,14.6,14.68,0.19,1.2943,1.3535,6492834,96200756.0,10979758927.5,7133145022.35
2017-11-20,'603111,康尼机电,14.68,14.75,13.65,14.34,14.34,0.34,2.371,1.6256,7798076,110552504.0,10839466110.0,7042001945.4
2017-11-17,'603111,康尼机电,14.34,15.28,14.32,15.28,15.21,-0.87,-5.7199,2.7359,13123968,191826211.0,10588415805.0,6878903807.7
2017-11-16,'603111,康尼机电,15.21,15.48,15.05,15.33,15.32,-0.11,-0.718,1.4166,6795415,103205696.0,11230809232.5,7296243160.05
2017-11-15,'603111,康尼机电,15.32,15.52,14.96,15.52,15.62,-0.3,-1.9206,2.3135,11097923,168719347.0,11312031390.0,7349010204.6
2017-11-14,'603111,康尼机电,15.62,16.25,15.45,16.25,16.08,-0.46,-2.8607,2.3928,11478300,180756823.0,11533546365.0,7492920326.1
2017-11-13,'603111,康尼机电,16.08,16.38,15.88,15.88,15.79,0.29,1.8366,2.0726,9942216,160444860.0,11873202660.0,7713582512.4
2017-11-10,'603111,康尼机电,15.79,16.29,15.72,15.78,15.92,-0.13,-0.8166,2.2429,10759210,172189907.0,11659071517.5,7574469394.95
2017-11-09,'603111,康尼机电,15.92,16.08,15.38,15.7,15.65,0.27,1.7252,2.5728,12341555,194956443.0,11755061340.0,7636830447.6
2017-11-08,'603111,康尼机电,15.65,15.71,15.26,15.48,15.52,0.13,0.8376,2.4407,11707808,181563605.0,11555697862.5,7507311338.25
2017-11-07,'603111,康尼机电,15.52,15.55,14.51,14.52,14.59,0.93,6.3742,3.4671,16631496,253507291.0,11459708040.0,7444950285.6
2017-11-06,'603111,康尼机电,14.59,14.66,14.3,14.37,14.44,0.15,1.0388,1.1287,5414550,78050117.0,10773011617.5,6998828908.95
2017-11-03,'603111,康尼机电,14.44,14.79,14.24,14.79,14.69,-0.25,-1.7018,1.2198,5851308,84778079.0,10662254130.0,6926873848.2
2017-11-02,'603111,康尼机电,14.69,15.08,14.51,15.0,15.11,-0.42,-2.7796,1.6137,7740735,113701385.0,10846849942.5,7046798949.45
2017-11-01,'603111,康尼机电,15.11,15.28,14.88,15.03,15.02,0.09,0.5992,1.2261,5881562,88816063.0,11156970907.5,7248273119.55
2017-10-31,'603111,康尼机电,15.02,15.23,14.8,14.96,14.99,0.03,0.2001,1.4014,6722286,101177818.0,11090516415.0,7205100083.1
2017-10-30,'603111,康尼机电,14.99,15.29,14.5,14.69,14.79,0.2,1.3523,2.6679,12797718,192729579.0,11068364917.5,7190709070.95
2017-10-27,'603111,康尼机电,14.79,15.18,14.27,14.27,14.39,0.4,2.7797,2.1888,10499616,155613114.0,10920688267.5,7094768989.95
2017-10-26,'603111,康尼机电,14.39,14.7,13.84,14.11,14.14,0.25,1.768,1.8447,8848876,127199452.0,10625334967.5,6902888827.95
2017-10-25,'603111,康尼机电,14.14,14.28,14.08,14.28,14.28,-0.14,-0.9804,0.6967,3342099,47293748.0,10440739155.0,6782963726.7
2017-10-24,'603111,康尼机电,14.28,14.45,14.1,14.32,14.32,-0.04,-0.2793,0.765,3669853,52287961.0,10544112810.0,6850121783.4
2017-10-23,'603111,康尼机电,14.32,14.47,14.1,14.24,14.13,0.19,1.3447,0.7039,3376693,48280361.0,10573648140.0,6869309799.6
2017-10-20,'603111,康尼机电,14.13,14.15,13.68,13.88,13.79,0.34,2.4656,0.5795,2779704,38994515.0,10433355322.5,6778166722.65
2017-10-19,'603111,康尼机电,13.79,14.02,13.64,13.81,13.81,-0.02,-0.1448,0.865,4149300,57591447.0,10182305017.5,6615068584.95
2017-10-18,'603111,康尼机电,13.81,14.25,13.71,14.1,14.17,-0.36,-2.5406,1.5535,7452259,103751475.0,10197072682.5,6624662593.05
2017-10-17,'603111,康尼机电,14.17,14.58,14.08,14.25,14.2,-0.03,-0.2113,1.1398,5467800,78195588.0,10462890652.5,6797354738.85
2017-10-16,'603111,康尼机电,14.2,15.25,14.0,15.1,14.98,-0.78,-5.2069,1.8879,9056324,130898204.0,10485042150.0,6811745751.0
2017-10-13,'603111,康尼机电,14.98,15.44,14.81,15.06,14.84,0.14,0.9434,2.4368,11689128,176592503.0,11060981085.0,7185912066.9
2017-10-12,'603111,康尼机电,0.0,0.0,0.0,0.0,14.84,None,None,0.0,0,0.0,10957607430.0,7118754010.2
2017-10-11,'603111,康尼机电,0.0,0.0,0.0,0.0,14.84,None,None,0.0,0,0.0,10957607430.0,7118754010.2
2017-10-10,'603111,康尼机电,0.0,0.0,0.0,0.0,14.84,None,None,0.0,0,0.0,10957607430.0,7118754010.2
2017-10-09,'603111,康尼机电,0.0,0.0,0.0,0.0,14.84,None,None,0.0,0,0.0,10957607430.0,7118754010.2
2017-09-29,'603111,康尼机电,0.0,0.0,0.0,0.0,14.84,None,None,0.0,0,0.0,10957607430.0,7118754010.2
2017-09-28,'603111,康尼机电,0.0,0.0,0.0,0.0,14.84,None,None,0.0,0,0.0,10957607430.0,7118754010.2
2017-09-27,'603111,康尼机电,14.84,14.89,14.41,14.49,14.51,0.33,2.2743,0.9259,4441387,65176780.0,10957607430.0,7118754010.2
2017-09-26,'603111,康尼机电,14.51,14.82,14.33,14.82,14.77,-0.26,-1.7603,1.1707,5615926,81440106.0,10713940957.5,6960452876.55
2017-09-25,'603111,康尼机电,14.77,14.95,14.6,14.88,14.87,-0.1,-0.6725,0.7806,3744565,55373853.0,10905920602.5,7085174981.85
2017-09-22,'603111,康尼机电,14.87,15.0,14.27,14.69,14.69,0.18,1.2253,2.1746,10431339,152155723.0,10979758927.5,7133145022.35
2017-09-21,'603111,康尼机电,14.69,15.46,14.65,15.31,15.15,-0.46,-3.0363,2.0011,9599220,144526934.0,10846849942.5,7046798949.45
2017-09-20,'603111,康尼机电,15.15,15.23,14.58,14.66,14.66,0.49,3.3424,2.3452,11250154,169129492.0,11186506237.5,7267461135.75
2017-09-19,'603111,康尼机电,14.66,14.92,14.58,14.7,14.58,0.08,0.5487,1.512,7252842,107283253.0,10824698445.0,7032407937.3
2017-09-18,'603111,康尼机电,14.58,14.93,14.38,14.57,14.53,0.05,0.3441,2.2968,11017853,160952362.0,10765627785.0,6994031904.9
2017-09-15,'603111,康尼机电,14.53,14.54,13.82,13.82,13.76,0.77,5.5959,3.8756,18591408,266138177.0,10728708622.5,6970046884.65
2017-09-14,'603111,康尼机电,13.76,14.15,13.6,14.12,13.97,-0.21,-1.5032,1.8483,8866170,122224714.0,10160153520.0,6600677572.8
2017-09-13,'603111,康尼机电,13.97,14.33,13.91,14.3,14.21,-0.24,-1.689,1.1381,5459525,76744650.0,10315214002.5,6701414657.85
2017-09-12,'603111,康尼机电,14.21,14.46,14.17,14.38,14.34,-0.13,-0.9066,0.8913,4275434,60950866.0,10492425982.5,6816542755.05
2017-09-11,'603111,康尼机电,14.34,14.48,13.8,14.08,14.06,0.28,1.9915,1.1103,5326119,75757255.0,10588415805.0,6878903807.7
2017-09-08,'603111,康尼机电,14.06,14.34,13.93,14.19,14.19,-0.13,-0.9161,0.844,4048785,57145158.0,10381668495.0,6744587694.3
2017-09-07,'603111,康尼机电,14.19,14.43,13.6,13.8,13.79,0.4,2.9007,2.0659,9909893,139000882.0,10477658317.5,6806948746.95
2017-09-06,'603111,康尼机电,13.79,13.98,13.76,13.76,13.77,0.02,0.1452,1.6585,7956069,110585656.0,10182305017.5,6615068584.95
2017-09-05,'603111,康尼机电,13.77,13.96,13.49,13.58,13.59,0.18,1.3245,1.9936,9563104,132041283.0,10167537352.5,6605474576.85
2017-09-04,'603111,康尼机电,13.59,13.65,12.94,13.03,13.11,0.48,3.6613,1.9312,9264008,123820850.0,10034628367.5,6519128503.95
2017-09-01,'603111,康尼机电,13.11,13.21,12.9,13.21,13.19,-0.08,-0.6065,1.2826,6152433,80077647.0,9680204407.5,6288872309.55
2017-08-31,'603111,康尼机电,13.19,13.25,13.06,13.1,13.13,0.06,0.457,0.5127,2459254,32368807.0,9739275067.5,6327248341.95
2017-08-30,'603111,康尼机电,13.13,13.18,13.03,13.11,13.14,-0.01,-0.0761,0.9716,4660676,61076100.0,9694972072.5,6298466317.65
2017-08-29,'603111,康尼机电,13.14,13.3,13.1,13.29,13.22,-0.08,-0.6051,0.8768,4205996,55435937.0,9702355905.0,6303263321.7
2017-08-28,'603111,康尼机电,13.22,13.25,12.98,13.07,13.12,0.1,0.7622,1.6809,8063202,105819615.0,9761426565.0,6341639354.1
2017-08-25,'603111,康尼机电,13.12,13.48,13.01,13.48,13.3,-0.18,-1.3534,1.4495,6953350,91512129.0,9687588240.0,6293669313.6
2017-08-24,'603111,康尼机电,13.3,13.56,13.13,13.13,13.28,0.02,0.1506,1.0909,5233204,69929486.0,9820497225.0,6380015386.5
2017-08-23,'603111,康尼机电,13.28,13.64,13.24,13.48,13.42,-0.14,-1.0432,2.1111,8098900,108654724.0,9805729560.0,5094606400.0
2017-08-22,'603111,康尼机电,13.42,13.62,12.76,12.8,12.78,0.64,5.0078,3.6219,13894807,185498297.0,9909103215.0,5148314600.0
2017-08-21,'603111,康尼机电,12.78,13.06,12.65,12.8,12.89,-0.11,-0.8534,1.5104,5794213,74079206.0,9436537935.0,4902791400.0
2017-08-18,'603111,康尼机电,12.89,13.22,12.72,12.97,13.0,-0.11,-0.8462,1.5543,5962900,77421045.0,9517760092.5,4944990700.0
2017-08-17,'603111,康尼机电,13.0,13.32,12.91,13.07,13.14,-0.14,-1.0654,2.3058,8845662,116220492.0,9598982250.0,4987190000.0
2017-08-16,'603111,康尼机电,13.14,13.31,12.92,12.93,12.89,0.25,1.9395,3.1942,12254073,161401133.0,9702355905.0,5040898200.0
2017-08-15,'603111,康尼机电,12.89,13.1,12.25,12.25,12.19,0.7,5.7424,3.4632,13285979,169587369.0,9517760092.5,4944990700.0
2017-08-14,'603111,康尼机电,12.19,12.27,11.75,11.92,11.92,0.27,2.2651,1.6728,6417448,77368499.0,9000891817.5,4676449700.0
2017-08-11,'603111,康尼机电,11.92,12.16,11.89,12.02,12.03,-0.11,-0.9144,1.0842,4159305,49939002.0,8801528340.0,4572869600.0
2017-08-10,'603111,康尼机电,12.03,12.12,11.95,12.0,12.04,-0.01,-0.0831,1.2346,4736255,56985436.0,8882750497.5,4615068900.0
2017-08-09,'603111,康尼机电,12.04,12.27,11.9,12.27,12.28,-0.24,-1.9544,1.9513,7485654,89860942.0,8890134330.0,4618905200.0
2017-08-08,'603111,康尼机电,12.28,12.47,12.15,12.3,12.3,-0.02,-0.1626,1.1752,4508470,55535610.0,9067346310.0,4710976400.0
2017-08-07,'603111,康尼机电,12.3,12.5,12.19,12.3,12.36,-0.06,-0.4854,1.1731,4500241,55347366.0,9082113975.0,4718649000.0
2017-08-04,'603111,康尼机电,12.36,12.89,12.3,12.83,12.83,-0.47,-3.6633,1.8574,7125377,89075578.0,9126416970.0,4741666800.0
2017-08-03,'603111,康尼机电,12.83,13.18,12.69,12.87,12.87,-0.04,-0.3108,1.4503,5563670,71717445.0,9473457097.5,4921972900.0
2017-08-02,'603111,康尼机电,12.87,13.05,12.73,13.05,13.06,-0.19,-1.4548,1.1075,4248793,54599291.0,9502992427.5,4937318100.0
2017-08-01,'603111,康尼机电,13.06,13.18,12.76,13.18,13.24,-0.18,-1.3595,1.73,6636925,86277347.0,9643285245.0,5010207800.0
2017-07-31,'603111,康尼机电,13.24,13.3,12.26,12.3,12.5,0.74,5.92,3.2416,12435940,162843340.0,9776194230.0,5079261200.0
2017-07-28,'603111,康尼机电,12.5,12.91,12.32,12.33,12.39,0.11,0.8878,1.8462,7082500,89402646.0,9229790625.0,4795375000.0
2017-07-27,'603111,康尼机电,12.39,12.59,12.27,12.43,12.48,-0.09,-0.7212,1.5521,5954200,73934655.0,9148568467.5,4753175700.0
2017-07-26,'603111,康尼机电,12.48,12.78,12.17,12.29,12.38,0.1,0.8078,3.6982,14187280,177111536.0,9215022960.0,4787702400.0
2017-07-25,'603111,康尼机电,12.38,12.45,11.58,11.65,11.63,0.75,6.4488,4.3338,16625740,201893584.0,9141184635.0,4749339400.0
2017-07-24,'603111,康尼机电,11.63,11.72,11.03,11.19,11.17,0.46,4.1182,2.4003,9208453,105297625.0,8587397197.5,4461616900.0
2017-07-21,'603111,康尼机电,11.17,11.37,11.15,11.33,11.32,-0.15,-1.3251,0.8342,3200115,35927454.0,8247740902.5,4285147100.0
2017-07-20,'603111,康尼机电,11.32,11.59,11.28,11.44,11.43,-0.11,-0.9624,0.9721,3729275,42548926.0,8358498390.0,4342691600.0
2017-07-19,'603111,康尼机电,11.43,11.5,11.29,11.45,11.4,0.03,0.2632,0.7435,2852431,32391434.0,8439720547.5,4384890900.0
2017-07-18,'603111,康尼机电,11.4,11.45,11.01,11.17,11.24,0.16,1.4235,0.8524,3270241,36657564.0,8417569050.0,4373382000.0
2017-07-17,'603111,康尼机电,11.24,12.1,11.05,12.0,12.0,-0.76,-6.3333,1.6356,6274762,71779965.0,8299427730.0,4312001200.0
2017-07-14,'603111,康尼机电,12.0,12.22,11.91,12.02,12.08,-0.08,-0.6623,0.9328,3578486,43252091.0,8860599000.0,4603560000.0
2017-07-13,'603111,康尼机电,12.08,12.27,11.98,12.0,11.99,0.09,0.7506,1.1648,4468347,54363491.0,8919669660.0,4634250400.0
2017-07-12,'603111,康尼机电,11.99,12.18,11.81,12.16,12.15,-0.16,-1.3169,1.2098,4641291,55447780.0,8853215167.5,4599723700.0
2017-07-11,'603111,康尼机电,12.15,12.7,12.09,12.7,12.65,-0.5,-3.9526,2.2791,8743274,107632316.0,8971356487.5,4661104500.0
2017-07-10,'603111,康尼机电,12.65,12.77,11.7,11.76,11.71,0.94,8.0273,3.7876,14530240,177376371.0,9340548112.5,4852919500.0
2017-07-07,'603111,康尼机电,11.71,11.94,11.67,11.94,11.96,-0.25,-2.0903,2.8307,10859382,127628195.0,8646467857.5,4492307300.0
2017-07-06,'603111,康尼机电,11.96,12.15,11.81,12.15,12.09,-0.13,-1.0753,1.6808,6448212,77301779.0,8831063670.0,4588214800.0
2017-07-05,'603111,康尼机电,12.09,12.2,12.03,12.17,12.17,-0.08,-0.6574,1.0417,3996436,48293555.0,8927053492.5,4638086700.0
2017-07-04,'603111,康尼机电,12.17,12.18,12.04,12.1,12.11,0.06,0.4955,0.7843,3008825,36517360.0,8986124152.5,4668777100.0
2017-07-03,'603111,康尼机电,12.11,12.33,12.0,12.17,12.2,-0.09,-0.7377,1.4053,5391009,65361354.0,8941821157.5,4645759300.0
2017-06-30,'603111,康尼机电,12.2,12.3,12.02,12.3,12.31,-0.11,-0.8936,1.1515,4417678,53734949.0,9008275650.0,4680286000.0
2017-06-29,'603111,康尼机电,12.31,12.58,12.12,12.4,12.24,0.07,0.5719,1.5579,5976712,73651875.0,9089497807.5,4722485300.0
2017-06-28,'603111,康尼机电,12.24,12.4,11.81,11.81,11.95,0.29,2.4268,2.2602,8670880,105952769.0,9037810980.0,4695631200.0
2017-06-27,'603111,XD康尼机,11.95,12.28,11.61,11.7,11.53,0.42,3.6427,2.3731,9103830,109304138.0,8823679837.5,4584378500.0
2017-06-26,'603111,康尼机电,11.63,11.79,11.35,11.38,11.34,0.29,2.5573,1.0158,3897050,45360379.0,8587397197.5,4461616900.0
2017-06-23,'603111,康尼机电,11.34,11.47,11.24,11.42,11.42,-0.08,-0.7005,0.6076,2330750,26405468.0,8373266055.0,4350364200.0
2017-06-22,'603111,康尼机电,11.42,11.8,11.4,11.65,11.7,-0.28,-2.3932,0.753,2888809,33624419.0,8432336715.0,4381054600.0
2017-06-21,'603111,康尼机电,11.7,11.83,11.64,11.75,11.74,-0.04,-0.3407,0.6896,2645643,30984919.0,8639084025.0,4488471000.0
2017-06-20,'603111,康尼机电,11.74,11.83,11.67,11.77,11.76,-0.02,-0.1701,0.9341,3583350,42054811.0,8668619355.0,4503816200.0
2017-06-19,'603111,康尼机电,11.76,11.85,11.4,11.4,11.4,0.36,3.1579,1.4124,5418369,63145692.0,8683387020.0,4511488800.0
2017-06-16,'603111,康尼机电,11.4,11.58,11.39,11.5,11.49,-0.09,-0.7833,0.7958,3053111,35073856.0,8417569050.0,4373382000.0
2017-06-15,'603111,康尼机电,11.49,11.54,11.22,11.37,11.17,0.32,2.8648,1.4989,5750063,65606826.0,8484023542.5,4407908700.0
2017-06-14,'603111,康尼机电,11.17,11.27,11.14,11.25,11.2,-0.03,-0.2679,0.8231,3157475,35307263.0,8247740902.5,4285147100.0
2017-06-13,'603111,康尼机电,11.2,11.27,11.08,11.11,11.11,0.09,0.8101,1.0584,4060461,45406271.0,8269892400.0,4296656000.0
2017-06-12,'603111,康尼机电,11.11,11.55,11.11,11.53,11.56,-0.45,-3.8927,1.251,4799374,54013753.0,8203437907.5,4262129300.0
2017-06-09,'603111,康尼机电,11.56,11.58,11.41,11.56,11.56,0.0,0.0,1.1577,4441391,51063398.0,8535710370.0,4434762800.0
2017-06-08,'603111,康尼机电,11.56,11.68,11.4,11.63,11.63,-0.07,-0.6019,1.9944,7651054,88080428.0,8535710370.0,4434762800.0
2017-06-07,'603111,康尼机电,11.63,11.63,11.41,11.49,11.49,0.14,1.2185,1.5424,5917165,68369015.0,8587397197.5,4461616900.0
2017-06-06,'603111,康尼机电,11.49,11.68,11.32,11.41,11.4,0.09,0.7895,1.1541,4427650,50906269.0,8484023542.5,4407908700.0
2017-06-05,'603111,康尼机电,11.4,11.47,10.97,10.99,10.92,0.48,4.3956,1.7051,6541376,73972576.0,8417569050.0,4373382000.0
2017-06-02,'603111,康尼机电,10.92,11.2,10.65,11.14,11.14,-0.22,-1.9749,1.672,6414237,69611425.0,8063145090.0,4189239600.0
2017-06-01,'603111,康尼机电,11.14,11.34,11.05,11.28,11.3,-0.16,-1.4159,1.2773,4900200,54940837.0,8225589405.0,4273638200.0
2017-05-31,'603111,康尼机电,11.3,11.67,11.29,11.56,11.45,-0.15,-1.31,1.3694,5253253,60266291.0,8343730725.0,4335019000.0
2017-05-26,'603111,康尼机电,11.45,11.62,11.3,11.49,11.35,0.1,0.8811,0.8887,3409391,39089011.0,8454488212.5,4392563500.0
2017-05-25,'603111,康尼机电,11.35,11.64,11.2,11.23,11.27,0.08,0.7098,1.5343,5885889,67442396.0,8380649887.5,4354200500.0
2017-05-24,'603111,康尼机电,11.27,11.54,11.03,11.11,11.59,-0.32,-2.761,1.3106,5027796,56645435.0,8321579227.5,4323510100.0
2017-05-23,'603111,康尼机电,11.59,11.76,10.7,11.57,11.57,0.02,0.1729,3.2905,12623381,142738273.0,8557861867.5,4446271700.0
2017-05-22,'603111,康尼机电,11.57,12.89,11.56,12.86,12.84,-1.27,-9.891,4.5024,17272454,207707443.0,8543094202.5,4438599100.0
2017-05-19,'603111,康尼机电,12.84,13.19,12.7,12.83,12.85,-0.01,-0.0778,1.6453,6311958,81905046.0,9480840930.0,4925809200.0
2017-05-18,'603111,康尼机电,12.85,13.2,12.52,12.52,13.23,-0.38,-2.8723,3.6738,14093664,180276243.0,9488224762.5,4929645500.0
2017-05-17,'603111,康尼机电,13.23,14.1,13.23,14.1,14.7,-1.47,-10.0,7.1981,27613895,367286696.0,9768810397.5,5075424900.0
2017-05-16,'603111,康尼机电,0.0,0.0,0.0,0.0,14.7,None,None,0.0,0,0.0,10854233775.0,5639361000.0
2017-05-15,'603111,康尼机电,0.0,0.0,0.0,0.0,14.7,None,None,0.0,0,0.0,10854233775.0,5639361000.0
2017-05-12,'603111,康尼机电,0.0,0.0,0.0,0.0,14.7,None,None,0.0,0,0.0,10854233775.0,5639361000.0
2017-05-11,'603111,康尼机电,0.0,0.0,0.0,0.0,14.7,None,None,0.0,0,0.0,10854233775.0,5639361000.0
2017-05-10,'603111,康尼机电,0.0,0.0,0.0,0.0,14.7,None,None,0.0,0,0.0,10854233775.0,5639361000.0
2017-05-09,'603111,康尼机电,0.0,0.0,0.0,0.0,14.7,None,None,0.0,0,0.0,10854233775.0,5639361000.0
2017-05-08,'603111,康尼机电,0.0,0.0,0.0,0.0,14.7,None,None,0.0,0,0.0,10854233775.0,5639361000.0
2017-05-05,'603111,康尼机电,0.0,0.0,0.0,0.0,14.7,None,None,0.0,0,0.0,10854233775.0,5639361000.0
2017-05-04,'603111,康尼机电,0.0,0.0,0.0,0.0,14.7,None,None,0.0,0,0.0,10854233775.0,5639361000.0
2017-05-03,'603111,康尼机电,0.0,0.0,0.0,0.0,14.7,None,None,0.0,0,0.0,10854233775.0,5639361000.0
2017-05-02,'603111,康尼机电,0.0,0.0,0.0,0.0,14.7,None,None,0.0,0,0.0,10854233775.0,5639361000.0
2017-04-28,'603111,康尼机电,0.0,0.0,0.0,0.0,14.7,None,None,0.0,0,0.0,10854233775.0,5639361000.0
2017-04-27,'603111,康尼机电,0.0,0.0,0.0,0.0,14.7,None,None,0.0,0,0.0,10854233775.0,5639361000.0
2017-04-26,'603111,康尼机电,0.0,0.0,0.0,0.0,14.7,None,None,0.0,0,0.0,10854233775.0,5639361000.0
2017-04-25,'603111,康尼机电,0.0,0.0,0.0,0.0,14.7,None,None,0.0,0,0.0,10854233775.0,5639361000.0
2017-04-24,'603111,康尼机电,0.0,0.0,0.0,0.0,14.7,None,None,0.0,0,0.0,10854233775.0,5639361000.0
2017-04-21,'603111,康尼机电,0.0,0.0,0.0,0.0,14.7,None,None,0.0,0,0.0,10854233775.0,5639361000.0
2017-04-20,'603111,康尼机电,0.0,0.0,0.0,0.0,14.7,None,None,0.0,0,0.0,10854233775.0,5639361000.0
2017-04-19,'603111,康尼机电,0.0,0.0,0.0,0.0,14.7,None,None,0.0,0,0.0,10854233775.0,5639361000.0
2017-04-18,'603111,康尼机电,0.0,0.0,0.0,0.0,14.7,None,None,0.0,0,0.0,10854233775.0,5639361000.0
2017-04-17,'603111,康尼机电,0.0,0.0,0.0,0.0,14.7,None,None,0.0,0,0.0,10854233775.0,5639361000.0
2017-04-14,'603111,康尼机电,0.0,0.0,0.0,0.0,14.7,None,None,0.0,0,0.0,10854233775.0,5639361000.0
2017-04-13,'603111,康尼机电,0.0,0.0,0.0,0.0,14.7,None,None,0.0,0,0.0,10854233775.0,5639361000.0
2017-04-12,'603111,康尼机电,0.0,0.0,0.0,0.0,14.7,None,None,0.0,0,0.0,10854233775.0,5639361000.0
2017-04-11,'603111,康尼机电,0.0,0.0,0.0,0.0,14.7,None,None,0.0,0,0.0,10854233775.0,5639361000.0
2017-04-10,'603111,康尼机电,0.0,0.0,0.0,0.0,14.7,None,None,0.0,0,0.0,10854233775.0,5639361000.0
2017-04-07,'603111,康尼机电,0.0,0.0,0.0,0.0,14.7,None,None,0.0,0,0.0,10854233775.0,5639361000.0
2017-04-06,'603111,康尼机电,0.0,0.0,0.0,0.0,14.7,None,None,0.0,0,0.0,10854233775.0,5639361000.0
2017-04-05,'603111,康尼机电,0.0,0.0,0.0,0.0,14.7,None,None,0.0,0,0.0,10854233775.0,5639361000.0
2017-03-31,'603111,康尼机电,0.0,0.0,0.0,0.0,14.7,None,None,0.0,0,0.0,10854233775.0,5639361000.0
2017-03-30,'603111,康尼机电,0.0,0.0,0.0,0.0,14.7,None,None,0.0,0,0.0,10854233775.0,5639361000.0
2017-03-29,'603111,康尼机电,0.0,0.0,0.0,0.0,14.7,None,None,0.0,0,0.0,10854233775.0,5639361000.0
2017-03-28,'603111,康尼机电,0.0,0.0,0.0,0.0,14.7,None,None,0.0,0,0.0,10854233775.0,5639361000.0
2017-03-27,'603111,康尼机电,0.0,0.0,0.0,0.0,14.7,None,None,0.0,0,0.0,10854233775.0,5639361000.0
2017-03-24,'603111,康尼机电,0.0,0.0,0.0,0.0,14.7,None,None,0.0,0,0.0,10854233775.0,5639361000.0
2017-03-23,'603111,康尼机电,0.0,0.0,0.0,0.0,14.7,None,None,0.0,0,0.0,10854233775.0,5639361000.0
2017-03-22,'603111,康尼机电,0.0,0.0,0.0,0.0,14.7,None,None,0.0,0,0.0,10854233775.0,5639361000.0
2017-03-21,'603111,康尼机电,0.0,0.0,0.0,0.0,14.7,None,None,0.0,0,0.0,10854233775.0,5639361000.0
2017-03-20,'603111,康尼机电,0.0,0.0,0.0,0.0,14.7,None,None,0.0,0,0.0,10854233775.0,5639361000.0
2017-03-17,'603111,康尼机电,0.0,0.0,0.0,0.0,14.7,None,None,0.0,0,0.0,10854233775.0,5639361000.0
2017-03-16,'603111,康尼机电,0.0,0.0,0.0,0.0,14.7,None,None,0.0,0,0.0,10854233775.0,5639361000.0
2017-03-15,'603111,康尼机电,0.0,0.0,0.0,0.0,14.7,None,None,0.0,0,0.0,10854233775.0,5639361000.0
2017-03-14,'603111,康尼机电,0.0,0.0,0.0,0.0,14.7,None,None,0.0,0,0.0,10854233775.0,5639361000.0
2017-03-13,'603111,康尼机电,0.0,0.0,0.0,0.0,14.7,None,None,0.0,0,0.0,10854233775.0,5639361000.0
2017-03-10,'603111,康尼机电,0.0,0.0,0.0,0.0,14.7,None,None,0.0,0,0.0,10854233775.0,5639361000.0
2017-03-09,'603111,康尼机电,0.0,0.0,0.0,0.0,14.7,None,None,0.0,0,0.0,10854233775.0,5639361000.0
2017-03-08,'603111,康尼机电,0.0,0.0,0.0,0.0,14.7,None,None,0.0,0,0.0,10854233775.0,5639361000.0
2017-03-07,'603111,康尼机电,0.0,0.0,0.0,0.0,14.7,None,None,0.0,0,0.0,10854233775.0,5639361000.0
2017-03-06,'603111,康尼机电,0.0,0.0,0.0,0.0,14.7,None,None,0.0,0,0.0,10854233775.0,5639361000.0
2017-03-03,'603111,康尼机电,0.0,0.0,0.0,0.0,14.7,None,None,0.0,0,0.0,10854233775.0,5639361000.0
2017-03-02,'603111,康尼机电,0.0,0.0,0.0,0.0,14.7,None,None,0.0,0,0.0,10854233775.0,5639361000.0
2017-03-01,'603111,康尼机电,0.0,0.0,0.0,0.0,14.7,None,None,0.0,0,0.0,10854233775.0,5639361000.0
2017-02-28,'603111,康尼机电,0.0,0.0,0.0,0.0,14.7,None,None,0.0,0,0.0,10854233775.0,5639361000.0
2017-02-27,'603111,康尼机电,0.0,0.0,0.0,0.0,14.7,None,None,0.0,0,0.0,10854233775.0,5639361000.0
2017-02-24,'603111,康尼机电,0.0,0.0,0.0,0.0,14.7,None,None,0.0,0,0.0,10854233775.0,5639361000.0
2017-02-23,'603111,康尼机电,0.0,0.0,0.0,0.0,14.7,None,None,0.0,0,0.0,10854233775.0,5639361000.0
2017-02-22,'603111,康尼机电,0.0,0.0,0.0,0.0,14.7,None,None,0.0,0,0.0,10854233775.0,5639361000.0
2017-02-21,'603111,康尼机电,0.0,0.0,0.0,0.0,14.7,None,None,0.0,0,0.0,10854233775.0,5639361000.0
2017-02-20,'603111,康尼机电,0.0,0.0,0.0,0.0,14.7,None,None,0.0,0,0.0,10854233775.0,5639361000.0
2017-02-17,'603111,康尼机电,0.0,0.0,0.0,0.0,14.7,None,None,0.0,0,0.0,10854233775.0,5639361000.0
2017-02-16,'603111,康尼机电,0.0,0.0,0.0,0.0,14.7,None,None,0.0,0,0.0,10854233775.0,5639361000.0
2017-02-15,'603111,康尼机电,0.0,0.0,0.0,0.0,14.7,None,None,0.0,0,0.0,10854233775.0,5639361000.0
2017-02-14,'603111,康尼机电,0.0,0.0,0.0,0.0,14.7,None,None,0.0,0,0.0,10854233775.0,5639361000.0
2017-02-13,'603111,康尼机电,0.0,0.0,0.0,0.0,14.7,None,None,0.0,0,0.0,10854233775.0,5639361000.0
2017-02-10,'603111,康尼机电,0.0,0.0,0.0,0.0,14.7,None,None,0.0,0,0.0,10854233775.0,5568360000.0
2017-02-09,'603111,康尼机电,0.0,0.0,0.0,0.0,14.7,None,None,0.0,0,0.0,10854233775.0,5568360000.0
2017-02-08,'603111,康尼机电,0.0,0.0,0.0,0.0,14.7,None,None,0.0,0,0.0,10854233775.0,5568360000.0
2017-02-07,'603111,康尼机电,0.0,0.0,0.0,0.0,14.7,None,None,0.0,0,0.0,10854233775.0,5568360000.0
2017-02-06,'603111,康尼机电,0.0,0.0,0.0,0.0,14.7,None,None,0.0,0,0.0,10854233775.0,5568360000.0
2017-02-03,'603111,康尼机电,0.0,0.0,0.0,0.0,14.7,None,None,0.0,0,0.0,10854233775.0,5568360000.0
2017-01-26,'603111,康尼机电,0.0,0.0,0.0,0.0,14.7,None,None,0.0,0,0.0,10854233775.0,5568360000.0
2017-01-25,'603111,康尼机电,0.0,0.0,0.0,0.0,14.7,None,None,0.0,0,0.0,10854233775.0,5568360000.0
2017-01-24,'603111,康尼机电,0.0,0.0,0.0,0.0,14.7,None,None,0.0,0,0.0,10854233775.0,5568360000.0
2017-01-23,'603111,康尼机电,0.0,0.0,0.0,0.0,14.7,None,None,0.0,0,0.0,10854233775.0,5568360000.0
2017-01-20,'603111,康尼机电,0.0,0.0,0.0,0.0,14.7,None,None,0.0,0,0.0,10854233775.0,5568360000.0
2017-01-19,'603111,康尼机电,0.0,0.0,0.0,0.0,14.7,None,None,0.0,0,0.0,10854233775.0,5568360000.0
2017-01-18,'603111,康尼机电,0.0,0.0,0.0,0.0,14.7,None,None,0.0,0,0.0,10854233775.0,5568360000.0
2017-01-17,'603111,康尼机电,0.0,0.0,0.0,0.0,14.7,None,None,0.0,0,0.0,10854233775.0,5568360000.0
2017-01-16,'603111,康尼机电,0.0,0.0,0.0,0.0,14.7,None,None,0.0,0,0.0,10854233775.0,5568360000.0
2017-01-13,'603111,康尼机电,0.0,0.0,0.0,0.0,14.7,None,None,0.0,0,0.0,10854233775.0,5568360000.0
2017-01-12,'603111,康尼机电,0.0,0.0,0.0,0.0,14.7,None,None,0.0,0,0.0,10854233775.0,5568360000.0
2017-01-11,'603111,康尼机电,0.0,0.0,0.0,0.0,14.7,None,None,0.0,0,0.0,10854233775.0,5568360000.0
2017-01-10,'603111,康尼机电,0.0,0.0,0.0,0.0,14.7,None,None,0.0,0,0.0,10854233775.0,5568360000.0
2017-01-09,'603111,康尼机电,0.0,0.0,0.0,0.0,14.7,None,None,0.0,0,0.0,10854233775.0,5568360000.0
2017-01-06,'603111,康尼机电,0.0,0.0,0.0,0.0,14.7,None,None,0.0,0,0.0,10854233775.0,5568360000.0
2017-01-05,'603111,康尼机电,0.0,0.0,0.0,0.0,14.7,None,None,0.0,0,0.0,10854233775.0,5568360000.0
2017-01-04,'603111,康尼机电,0.0,0.0,0.0,0.0,14.7,None,None,0.0,0,0.0,10854233775.0,5568360000.0
2017-01-03,'603111,康尼机电,0.0,0.0,0.0,0.0,14.7,None,None,0.0,0,0.0,10854233775.0,5568360000.0
2016-12-30,'603111,康尼机电,0.0,0.0,0.0,0.0,14.7,None,None,0.0,0,0.0,10854233775.0,5568360000.0
2016-12-29,'603111,康尼机电,0.0,0.0,0.0,0.0,14.7,None,None,0.0,0,0.0,10854233775.0,5568360000.0
2016-12-28,'603111,康尼机电,0.0,0.0,0.0,0.0,14.7,None,None,0.0,0,0.0,10854233775.0,5568360000.0
2016-12-27,'603111,康尼机电,0.0,0.0,0.0,0.0,14.7,None,None,0.0,0,0.0,10854233775.0,5568360000.0
2016-12-26,'603111,康尼机电,0.0,0.0,0.0,0.0,14.7,None,None,0.0,0,0.0,10854233775.0,5568360000.0
2016-12-23,'603111,康尼机电,14.7,14.79,14.33,14.52,14.5,0.2,1.3793,1.6914,6406951,93638677.0,10854233775.0,5568360000.0
2016-12-22,'603111,康尼机电,14.5,14.59,14.2,14.34,14.26,0.24,1.683,1.2483,4728695,68615914.0,10706557125.0,5492600000.0
2016-12-21,'603111,康尼机电,14.26,14.3,13.82,13.91,13.91,0.35,2.5162,0.9456,3581761,50510313.0,10529345145.0,5401688000.0
2016-12-20,'603111,康尼机电,13.91,14.05,13.79,13.95,14.07,-0.16,-1.1372,0.6465,2448864,33987194.0,10270911007.5,5269108000.0
2016-12-19,'603111,康尼机电,14.07,14.13,13.85,14.05,14.02,0.05,0.3566,0.48,1818298,25466427.0,10389052327.5,5329716000.0
2016-12-16,'603111,康尼机电,14.02,14.1,13.9,14.0,14.0,0.02,0.1429,0.4234,1603737,22491378.0,10352133165.0,5310776000.0
2016-12-15,'603111,康尼机电,14.0,14.16,13.78,13.99,13.9,0.1,0.7194,0.6645,2517200,35229976.0,10337365500.0,5303200000.0
2016-12-14,'603111,康尼机电,13.9,14.23,13.45,13.5,13.56,0.34,2.5074,1.5286,5790167,80409220.0,10263527175.0,5265320000.0
2016-12-13,'603111,康尼机电,13.56,13.68,13.39,13.45,13.42,0.14,1.0432,0.9271,3511802,47517239.0,10012476870.0,5136528000.0
2016-12-12,'603111,康尼机电,13.42,14.39,13.3,14.27,14.37,-0.95,-6.611,1.9954,7558584,104168400.0,9909103215.0,5083496000.0
2016-12-09,'603111,康尼机电,14.37,14.6,14.31,14.58,14.53,-0.16,-1.1012,1.1398,4317650,62396877.0,10610567302.5,5443356000.0
2016-12-08,'603111,康尼机电,14.53,14.68,14.5,14.62,14.62,-0.09,-0.6156,0.8257,3127888,45623924.0,10728708622.5,5503964000.0
2016-12-07,'603111,康尼机电,14.62,14.75,14.5,14.71,14.62,0.0,0.0,1.1527,4366502,63731205.0,10795163115.0,5538056000.0
2016-12-06,'603111,康尼机电,14.62,14.89,14.58,14.62,14.62,0.0,0.0,0.8482,3213150,47159791.0,10795163115.0,5538056000.0
2016-12-05,'603111,康尼机电,14.62,14.84,14.52,14.71,14.84,-0.22,-1.4825,1.0224,3872875,56793423.0,10795163115.0,5538056000.0
2016-12-02,'603111,康尼机电,14.84,15.1,14.76,14.95,14.86,-0.02,-0.1346,1.3418,5082638,75966620.0,10957607430.0,5621392000.0
2016-12-01,'603111,康尼机电,14.86,15.03,14.8,14.89,14.81,0.05,0.3376,0.761,2882750,42909251.0,10972375095.0,5628968000.0
2016-11-30,'603111,康尼机电,14.81,15.05,14.79,14.99,14.99,-0.18,-1.2008,1.089,4125200,61282542.0,10935455932.5,5610028000.0
2016-11-29,'603111,康尼机电,14.99,15.13,14.82,15.03,15.03,-0.04,-0.2661,1.3092,4959070,74201779.0,11068364917.5,5678212000.0
2016-11-28,'603111,康尼机电,15.03,15.16,14.79,14.79,14.81,0.22,1.4855,1.8244,6910786,103923178.0,11097900247.5,5693364000.0
2016-11-25,'603111,康尼机电,14.81,15.0,14.5,14.89,14.94,-0.13,-0.8701,1.4236,5392632,79433925.0,10935455932.5,5610028000.0
2016-11-24,'603111,康尼机电,14.94,15.15,14.89,15.15,15.14,-0.2,-1.321,1.192,4515292,67683017.0,11031445755.0,5659272000.0
2016-11-23,'603111,康尼机电,15.14,15.56,15.09,15.46,15.48,-0.34,-2.1964,2.0151,7633186,116281375.0,11179122405.0,5735032000.0
2016-11-22,'603111,康尼机电,15.48,15.58,14.98,14.98,15.02,0.46,3.0626,2.9145,11040289,170179303.0,11430172710.0,5863824000.0
2016-11-21,'603111,康尼机电,15.02,15.12,14.74,14.75,14.84,0.18,1.2129,1.5819,5992422,89785266.0,11090516415.0,5689576000.0
2016-11-18,'603111,康尼机电,14.84,15.04,14.8,14.9,14.9,-0.06,-0.4027,0.9798,3711623,55250327.0,10957607430.0,5621392000.0
2016-11-17,'603111,康尼机电,14.9,15.15,14.85,15.08,15.11,-0.21,-1.3898,1.2546,4752462,70948094.0,11001910425.0,5644120000.0
2016-11-16,'603111,康尼机电,15.11,15.27,15.01,15.04,15.09,0.02,0.1325,1.3954,5285714,80125403.0,11156970907.5,5723668000.0
2016-11-15,'603111,康尼机电,15.09,15.14,14.86,15.03,14.93,0.16,1.0717,1.5606,5911592,89006600.0,11142203242.5,5716092000.0
2016-11-14,'603111,康尼机电,14.93,15.15,14.76,14.88,14.98,-0.05,-0.3338,2.3053,8732631,129753744.0,11024061922.5,5655484000.0
2016-11-11,'603111,康尼机电,14.98,15.18,14.85,14.92,14.93,0.05,0.3349,1.6559,6272584,94260324.0,11060981085.0,5674424000.0
2016-11-10,'603111,康尼机电,14.93,15.19,14.81,14.95,14.84,0.09,0.6065,2.1653,8202275,122488838.0,11024061922.5,5655484000.0
2016-11-09,'603111,康尼机电,14.84,15.3,14.75,15.21,15.25,-0.41,-2.6885,2.0807,7881851,117884064.0,10957607430.0,5621392000.0
2016-11-08,'603111,康尼机电,15.25,15.39,15.16,15.32,15.21,0.04,0.263,1.0069,3814191,58158747.0,11260344562.5,5776700000.0
2016-11-07,'603111,康尼机电,15.21,15.4,15.16,15.26,15.12,0.09,0.5952,1.2933,4898956,74934394.0,11230809232.5,5761548000.0
2016-11-04,'603111,康尼机电,15.12,15.38,15.11,15.2,15.31,-0.19,-1.241,1.6028,6071315,92223063.0,11164354740.0,5727456000.0
2016-11-03,'603111,康尼机电,15.31,15.58,15.09,15.11,15.2,0.11,0.7237,1.9714,7467771,114183185.0,11304647557.5,5799428000.0
2016-11-02,'603111,康尼机电,15.2,15.45,15.14,15.4,15.51,-0.31,-1.9987,1.6961,6425000,98201594.0,11223425400.0,5757760000.0
2016-11-01,'603111,康尼机电,15.51,15.65,15.28,15.33,15.34,0.17,1.1082,1.6155,6119614,94602242.0,11452324207.5,5875188000.0
2016-10-31,'603111,康尼机电,15.34,15.6,15.11,15.6,15.82,-0.48,-3.0341,2.6873,10179553,156342162.0,11326799055.0,5810792000.0
2016-10-28,'603111,康尼机电,15.82,16.26,15.8,16.04,16.12,-0.3,-1.861,2.9266,11085899,177791558.0,11681223015.0,5992616000.0
2016-10-27,'603111,康尼机电,16.12,16.2,15.47,15.61,15.62,0.5,3.201,3.3185,12570460,199366114.0,11902737990.0,6106256000.0
2016-10-26,'603111,康尼机电,15.62,15.85,15.4,15.52,15.65,-0.03,-0.1917,2.4602,9319075,145373295.0,11533546365.0,5916856000.0
2016-10-25,'603111,康尼机电,15.65,16.02,15.4,15.48,15.48,0.17,1.0982,4.4664,16918836,266463465.0,11555697862.5,5928220000.0
2016-10-24,'603111,康尼机电,15.48,15.62,14.9,15.1,14.95,0.53,3.5452,4.5304,17161091,263751784.0,11430172710.0,5863824000.0
2016-10-21,'603111,康尼机电,14.95,15.18,14.81,14.9,14.89,0.06,0.403,2.1238,8044989,120510929.0,11038829587.5,5663060000.0
2016-10-20,'603111,康尼机电,14.89,15.18,14.87,15.03,15.11,-0.22,-1.456,1.851,7011424,105009251.0,10994526592.5,5640332000.0
2016-10-19,'603111,康尼机电,15.11,15.66,15.07,15.2,15.23,-0.12,-0.7879,3.6263,13736402,211043442.0,11156970907.5,5723668000.0
2016-10-18,'603111,康尼机电,15.23,15.32,14.61,14.61,14.69,0.54,3.676,3.6429,13799225,208088973.0,11245576897.5,5769124000.0
2016-10-17,'603111,康尼机电,14.69,15.17,14.58,15.0,15.05,-0.36,-2.392,2.0879,7908827,117231205.0,10846849942.5,5564572000.0
2016-10-14,'603111,康尼机电,15.05,15.09,14.64,14.84,14.84,0.21,1.4151,1.9932,7550128,112298795.0,11112667912.5,5700940000.0
2016-10-13,'603111,康尼机电,14.84,15.12,14.78,14.87,14.87,-0.03,-0.2017,2.006,7598916,113309710.0,10957607430.0,5621392000.0
2016-10-12,'603111,康尼机电,14.87,15.18,14.74,15.16,15.16,-0.29,-1.9129,2.4777,9385676,139758455.0,10979758927.5,5632756000.0
2016-10-11,'603111,康尼机电,15.16,15.34,14.78,14.92,14.91,0.25,1.6767,3.7391,14163757,214031841.0,11193890070.0,5742608000.0
2016-10-10,'603111,康尼机电,14.91,14.97,14.01,14.01,13.89,1.02,7.3434,3.9218,14855843,217646811.0,11009294257.5,5647908000.0
2016-09-30,'603111,康尼机电,13.89,13.96,13.7,13.85,13.88,0.01,0.072,1.0024,3797182,52480209.0,10256143342.5,5261532000.0
2016-09-29,'603111,康尼机电,13.88,14.07,13.85,13.95,13.93,-0.05,-0.3589,1.0366,3926721,54798627.0,10248759510.0,5257744000.0
2016-09-28,'603111,康尼机电,13.93,13.97,13.69,13.83,13.86,0.07,0.5051,1.0689,4049114,56194327.0,10285678672.5,5276684000.0
2016-09-27,'603111,康尼机电,13.86,14.1,13.6,13.89,14.09,-0.23,-1.6324,2.3385,8858211,122420138.0,10233991845.0,5250168000.0
2016-09-26,'603111,康尼机电,14.09,14.78,14.06,14.61,14.59,-0.5,-3.427,2.6651,10095369,144414274.0,10403819992.5,5337292000.0
2016-09-23,'603111,康尼机电,14.59,14.88,14.43,14.43,14.52,0.07,0.4821,3.2573,12338576,181028318.0,10773011617.5,5526692000.0
2016-09-22,'603111,康尼机电,14.52,14.74,14.2,14.35,14.21,0.31,2.1816,3.2243,12213710,178024378.0,10721324790.0,5500176000.0
2016-09-21,'603111,康尼机电,14.21,14.57,14.19,14.41,14.53,-0.32,-2.2023,2.1992,8330466,119056714.0,10492425982.5,5382748000.0
2016-09-20,'603111,康尼机电,14.53,14.85,14.22,14.48,14.47,0.06,0.4147,3.0777,11658413,169898975.0,10728708622.5,5503964000.0
2016-09-19,'603111,康尼机电,14.47,14.54,14.1,14.39,14.27,0.2,1.4015,2.41,9129051,130633775.0,10684405627.5,5481236000.0
2016-09-14,'603111,康尼机电,14.27,14.69,14.0,14.59,14.85,-0.58,-3.9057,3.8798,14696644,210277747.0,10536728977.5,5405476000.0
2016-09-13,'603111,康尼机电,14.85,15.18,14.5,14.99,14.82,0.03,0.2024,5.434,20584164,304624909.0,10964991262.5,5625180000.0
2016-09-12,'603111,康尼机电,14.82,14.99,13.76,13.9,14.48,0.34,2.3481,6.8355,25892829,375871655.0,10942839765.0,5613816000.0
2016-09-09,'603111,康尼机电,14.48,15.14,14.14,14.19,13.93,0.55,3.9483,9.0067,34117530,498533305.0,10691789460.0,5485024000.0
2016-09-08,'603111,康尼机电,13.93,13.95,13.15,13.26,13.34,0.59,4.4228,5.5242,20925729,286207419.0,10285678672.5,5276684000.0
2016-09-07,'603111,康尼机电,13.34,13.58,13.01,13.01,13.04,0.3,2.3006,3.6503,13827147,184875718.0,9850032555.0,5053192000.0
2016-09-06,'603111,康尼机电,13.04,13.08,12.71,12.97,12.85,0.19,1.4786,1.1532,4368382,56525750.0,9628517580.0,4939552000.0
2016-09-05,'603111,康尼机电,12.85,13.0,12.69,12.69,12.73,0.12,0.9427,0.8354,3164428,40693532.0,9488224762.5,4867580000.0
2016-09-02,'603111,康尼机电,12.73,12.96,12.62,12.92,12.9,-0.17,-1.3178,0.9353,3542731,45299190.0,9399618772.5,4822124000.0
2016-09-01,'603111,康尼机电,12.9,13.06,12.9,13.0,13.01,-0.11,-0.8455,0.6913,2618796,33994822.0,9525143925.0,4886520000.0
2016-08-31,'603111,康尼机电,13.01,13.17,12.98,13.12,13.12,-0.11,-0.8384,0.82,3106236,40464112.0,9606366082.5,4928188000.0
2016-08-30,'603111,康尼机电,13.12,13.19,13.0,13.12,13.1,0.02,0.1527,1.0682,4046460,52947084.0,9687588240.0,4969856000.0
2016-08-29,'603111,康尼机电,13.1,13.17,12.98,13.0,13.09,0.01,0.0764,0.9507,3601190,47213219.0,9672820575.0,4962280000.0
2016-08-26,'603111,康尼机电,13.09,13.22,12.93,13.06,13.05,0.04,0.3065,1.2486,4729616,61806130.0,9665436742.5,4958492000.0
2016-08-25,'603111,康尼机电,13.05,13.24,12.8,13.2,13.24,-0.19,-1.435,1.7628,6677664,86840551.0,9635901412.5,4943340000.0
2016-08-24,'603111,康尼机电,13.24,13.4,13.19,13.4,13.47,-0.23,-1.7075,1.3708,5192555,68892216.0,9776194230.0,5015312000.0
2016-08-23,'603111,康尼机电,13.47,13.5,13.15,13.5,13.42,0.05,0.3726,2.1642,8198059,109066061.0,9946022377.5,5102436000.0
2016-08-22,'603111,康尼机电,13.42,13.7,12.81,12.89,12.8,0.62,4.8438,4.77,18068817,241640338.0,9909103215.0,5083496000.0
2016-08-19,'603111,康尼机电,12.8,12.83,12.51,12.68,12.63,0.17,1.346,1.4065,5327785,67707693.0,9451305600.0,4848640000.0
2016-08-18,'603111,康尼机电,12.63,12.73,12.57,12.65,12.65,-0.02,-0.1581,0.88,3333354,42189437.0,9325780447.5,4784244000.0
2016-08-17,'603111,康尼机电,12.65,12.8,12.49,12.8,12.78,-0.13,-1.0172,1.8563,7031704,88877912.0,9340548112.5,4791820000.0
2016-08-16,'603111,康尼机电,12.78,13.06,12.77,13.0,12.93,-0.15,-1.1601,1.9786,7495055,96429021.0,9436537935.0,4841064000.0
2016-08-15,'603111,康尼机电,12.93,12.97,12.65,12.73,12.7,0.23,1.811,1.6974,6429789,82906818.0,9547295422.5,4897884000.0
2016-08-12,'603111,康尼机电,12.7,12.74,12.55,12.68,12.66,0.04,0.316,0.8186,3101042,39204926.0,9377467275.0,4810760000.0
2016-08-11,'603111,康尼机电,12.66,12.82,12.6,12.73,12.74,-0.08,-0.6279,0.7099,2689173,34275558.0,9347931945.0,4795608000.0
2016-08-10,'603111,康尼机电,12.74,12.79,12.71,12.75,12.76,-0.02,-0.1567,0.6006,2274985,29001279.0,9407002605.0,4825912000.0
2016-08-09,'603111,康尼机电,12.76,12.79,12.64,12.7,12.7,0.06,0.4724,0.831,3147653,40038782.0,9421770270.0,4833488000.0
2016-08-08,'603111,康尼机电,12.7,12.75,12.49,12.66,12.56,0.14,1.1146,0.6412,2428696,30713286.0,9377467275.0,4810760000.0
2016-08-05,'603111,康尼机电,12.56,12.76,12.53,12.76,12.75,-0.19,-1.4902,1.0051,3807341,47945626.0,9274093620.0,4757728000.0
2016-08-04,'603111,康尼机电,12.75,12.89,12.65,12.87,12.85,-0.1,-0.7782,1.0786,4085569,51933052.0,9414386437.5,4829700000.0
2016-08-03,'603111,康尼机电,12.85,13.03,12.81,12.95,13.0,-0.15,-1.1538,0.7085,2683682,34642337.0,9488224762.5,4867580000.0
2016-08-02,'603111,康尼机电,13.0,13.07,12.8,12.8,13.07,-0.07,-0.5356,0.4867,1843791,23912218.0,9598982250.0,4924400000.0
2016-08-01,'603111,康尼机电,13.07,13.1,12.48,13.0,13.06,0.01,0.0766,1.7259,6537685,83659153.0,9650669077.5,4950916000.0
2016-07-29,'603111,康尼机电,13.06,13.15,12.87,13.09,13.08,-0.02,-0.1529,0.8024,3039322,39317812.0,9643285245.0,4947128000.0
2016-07-28,'603111,康尼机电,13.08,13.1,12.7,12.74,12.74,0.34,2.6688,1.344,5091147,65604544.0,9658052910.0,4954704000.0
2016-07-27,'603111,康尼机电,12.74,13.27,12.5,13.19,13.19,-0.45,-3.4117,1.8758,7105601,91685931.0,9407002605.0,4825912000.0
2016-07-26,'603111,康尼机电,13.19,13.22,12.9,12.99,13.0,0.19,1.4615,1.0319,3908867,51326470.0,9739275067.5,4996372000.0
2016-07-25,'603111,康尼机电,13.0,13.18,12.92,13.13,13.14,-0.14,-1.0654,1.266,4795535,62377031.0,9598982250.0,4924400000.0
2016-07-22,'603111,康尼机电,13.14,13.4,13.12,13.33,13.37,-0.23,-1.7203,1.6006,6063148,80011518.0,9702355905.0,4977432000.0
2016-07-21,'603111,康尼机电,13.37,13.78,13.35,13.57,13.43,-0.06,-0.4468,2.1317,8074869,109155611.0,9872184052.5,5064556000.0
2016-07-20,'603111,康尼机电,13.43,13.58,13.4,13.53,13.48,-0.05,-0.3709,1.3661,5174951,69721231.0,9916487047.5,5087284000.0
2016-07-19,'603111,康尼机电,13.48,13.57,13.27,13.57,13.59,-0.11,-0.8094,1.8821,7129340,95373055.0,9953406210.0,5106224000.0
2016-07-18,'603111,康尼机电,13.59,13.64,13.25,13.4,13.13,0.46,3.5034,4.453,16868056,228334197.0,10034628367.5,5147892000.0
2016-07-15,'603111,康尼机电,13.13,13.14,12.92,12.97,12.95,0.18,1.39,1.1199,4242119,55235759.0,9694972072.5,4973644000.0
2016-07-14,'603111,康尼机电,12.95,13.03,12.83,12.88,12.95,0.0,0.0,1.0859,4113501,53243686.0,9562063087.5,4905460000.0
2016-07-13,'603111,康尼机电,12.95,13.03,12.73,12.9,12.88,0.07,0.5435,1.9173,7262735,93833200.0,9562063087.5,4905460000.0
2016-07-12,'603111,康尼机电,12.88,12.95,12.58,12.95,12.96,-0.08,-0.6173,2.7321,10349232,131841002.0,9510376260.0,4878944000.0
2016-07-11,'603111,康尼机电,12.96,13.28,12.95,13.2,13.29,-0.33,-2.4831,2.9648,11230718,146484449.0,9569446920.0,4909248000.0
2016-07-08,'603111,康尼机电,13.29,13.35,13.24,13.35,13.35,-0.06,-0.4494,0.9113,3451887,45866749.0,9813113392.5,5034252000.0
2016-07-07,'603111,康尼机电,13.35,13.43,13.25,13.32,13.34,0.01,0.075,1.5986,6055502,80720001.0,9857416387.5,5056980000.0
2016-07-06,'603111,康尼机电,13.34,13.42,13.25,13.41,13.45,-0.11,-0.8178,1.4204,5380654,71689055.0,9850032555.0,5053192000.0
2016-07-05,'603111,康尼机电,13.45,13.51,13.33,13.39,13.36,0.09,0.6737,2.2006,8335981,112007984.0,9931254712.5,5094860000.0
2016-07-04,'603111,康尼机电,13.36,13.45,13.14,13.14,13.33,0.03,0.2251,2.2083,8365077,111443286.0,9864800220.0,5060768000.0
2016-07-01,'603111,康尼机电,13.33,13.5,13.26,13.26,13.42,-0.09,-0.6706,1.7589,6662525,88941334.0,9842648722.5,5049404000.0
2016-06-30,'603111,康尼机电,13.42,13.89,13.31,13.7,13.54,-0.12,-0.8863,3.903,14784677,200458245.0,9909103215.0,5083496000.0
2016-06-29,'603111,康尼机电,13.54,13.65,12.98,12.98,12.97,0.57,4.3948,4.2622,16145070,216580514.0,9997709205.0,5128952000.0
2016-06-28,'603111,康尼机电,12.97,13.07,12.8,13.0,13.12,-0.15,-1.1433,1.6326,6184110,80023635.0,9576830752.5,4913036000.0
2016-06-27,'603111,康尼机电,13.12,13.14,12.79,12.79,12.98,0.14,1.0786,2.0774,7869299,102255479.0,9687588240.0,4969856000.0
2016-06-24,'603111,康尼机电,12.98,13.23,12.52,13.14,13.11,-0.13,-0.9916,2.7377,10370449,134149434.0,9584214585.0,4916824000.0
2016-06-23,'603111,康尼机电,13.11,13.3,13.05,13.21,13.28,-0.17,-1.2801,1.3695,5187687,68192514.0,9680204407.5,4966068000.0
2016-06-22,'603111,康尼机电,13.28,13.3,13.07,13.16,13.15,0.13,0.9886,1.2498,4734395,62434151.0,9805729560.0,5030464000.0
2016-06-21,'603111,康尼机电,13.15,13.35,13.04,13.26,13.15,0.0,0.0,1.7253,6535348,86137689.0,9709739737.5,4981220000.0
2016-06-20,'603111,康尼机电,13.15,13.37,13.0,13.28,13.31,-0.16,-1.2021,1.8579,7037699,92442357.0,9709739737.5,4981220000.0
2016-06-17,'603111,康尼机电,13.31,13.71,13.2,13.59,13.57,-0.26,-1.916,2.4034,9103948,121967571.0,9827881057.5,5041828000.0
2016-06-16,'603111,康尼机电,13.57,13.67,13.22,13.57,13.56,0.01,0.0737,2.3119,8757370,118072466.0,10019860702.5,5140316000.0
2016-06-15,'603111,康尼机电,13.56,13.76,12.6,12.69,12.84,0.72,5.6075,3.4064,12903482,172222305.0,10012476870.0,5136528000.0
2016-06-14,'603111,康尼机电,12.84,12.95,12.52,12.52,12.6,0.24,1.9048,1.9379,7340850,93484588.0,9480840930.0,4863792000.0
2016-06-13,'603111,康尼机电,12.6,13.24,12.56,13.01,13.21,-0.61,-4.6177,3.1902,12084647,156089173.0,9303628950.0,4772880000.0
2016-06-08,'603111,康尼机电,13.21,13.47,13.07,13.47,13.47,-0.26,-1.9302,2.6853,10171812,134593818.0,9754042732.5,5003948000.0
2016-06-07,'603111,康尼机电,13.47,13.55,13.3,13.5,13.57,-0.1,-0.7369,1.9161,7258362,97423717.0,9946022377.5,5102436000.0
2016-06-06,'603111,康尼机电,13.57,13.61,13.3,13.32,13.45,0.12,0.8922,2.5249,9564168,128604639.0,10019860702.5,5140316000.0
2016-06-03,'603111,康尼机电,13.45,13.99,13.39,13.39,13.39,0.06,0.4481,5.0071,18967053,258410301.0,9931254712.5,5094860000.0
2016-06-02,'603111,康尼机电,13.39,13.47,13.09,13.39,13.32,0.07,0.5255,3.7304,14130616,187734206.0,9886951717.5,5072132000.0
2016-06-01,'603111,康尼机电,13.32,13.68,12.53,12.65,12.65,0.67,5.2964,5.8064,21994798,291286199.0,9835264890.0,5045616000.0
2016-05-31,'603111,康尼机电,12.65,12.73,12.05,12.08,12.24,0.41,3.3497,3.383,12814782,160948246.0,9340548112.5,4791820000.0
2016-05-30,'603111,康尼机电,12.24,12.69,11.71,12.15,12.17,0.07,0.5752,3.5603,13486543,167486539.0,9037810980.0,4636512000.0
2016-05-27,'603111,康尼机电,12.17,12.3,11.66,11.72,11.96,0.21,1.7559,3.1148,11798790,142531241.0,8986124152.5,4609996000.0
2016-05-26,'603111,康尼机电,11.96,11.98,11.0,11.6,11.7,0.26,2.2222,3.5775,13551613,153890637.0,8831063670.0,4530448000.0
2016-05-25,'603111,康尼机电,11.7,12.29,11.67,12.2,12.02,-0.32,-2.6622,2.7619,10462001,123811854.0,8639084025.0,4431960000.0
2016-05-24,'603111,康尼机电,12.02,12.9,12.0,12.35,12.83,-0.81,-6.3133,4.8421,18341876,227343491.0,8875366665.0,4553176000.0
2016-05-23,'603111,DR康尼机,12.83,13.08,12.02,12.05,11.96,0.87,7.2742,2.4204,9168414,116648987.0,9473457097.5,4860004000.0
2016-05-20,'603111,康尼机电,30.09,30.58,29.78,30.58,30.6,-0.51,-1.6667,2.447,3707715,111854253.0,8887180797.0,4559236800.0
2016-05-19,'603111,康尼机电,30.6,31.27,30.03,30.45,30.26,0.34,1.1236,2.6212,3971689,121511982.0,9037810980.0,4636512000.0
2016-05-18,'603111,康尼机电,30.26,31.67,29.71,31.01,31.39,-1.13,-3.5999,2.9799,4515220,138208413.0,8937390858.0,4584995200.0
2016-05-17,'603111,康尼机电,31.39,31.9,30.85,31.48,31.58,-0.19,-0.6016,3.2013,4850652,152067201.0,9271140087.0,4756212800.0
2016-05-16,'603111,康尼机电,31.58,31.61,28.5,28.5,28.77,2.81,9.7671,4.2828,6489293,197083742.0,9327257214.0,4785001600.0
2016-05-13,'603111,康尼机电,28.77,29.48,28.5,28.94,29.12,-0.35,-1.2019,1.7618,2669455,77421390.0,8497314441.0,4359230400.0
2016-05-12,'603111,康尼机电,29.12,29.3,27.49,27.89,28.1,1.02,3.6299,2.9268,4434682,127744584.0,8600688096.0,4412262400.0
2016-05-11,'603111,康尼机电,28.1,28.85,27.6,28.78,28.39,-0.29,-1.0215,1.8241,2763853,78120588.0,8299427730.0,4257712000.0
2016-05-10,'603111,康尼机电,28.39,29.54,28.26,29.0,29.25,-0.86,-2.9402,1.9407,2940501,84493604.0,8385080187.0,4301652800.0
2016-05-09,'603111,康尼机电,29.25,30.22,28.8,30.16,30.44,-1.19,-3.9093,2.5511,3865406,113461786.0,8639084025.0,4431960000.0
2016-05-06,'603111,康尼机电,30.44,32.19,30.4,31.5,31.5,-1.06,-3.3651,3.6658,5554374,173647726.0,8990554452.0,4612268800.0
2016-05-05,'603111,康尼机电,31.5,31.59,30.57,30.63,30.77,0.73,2.3724,2.8361,4297217,133708836.0,9303628950.0,4772880000.0
2016-05-04,'603111,康尼机电,30.77,31.49,30.29,30.29,30.7,0.07,0.228,3.0419,4609072,143057409.0,9088021041.0,4662270400.0
2016-05-03,'603111,康尼机电,30.7,31.02,29.0,29.0,28.99,1.71,5.8986,3.8664,5858324,176038039.0,9067346310.0,4651664000.0
2016-04-29,'603111,康尼机电,28.99,29.11,28.4,28.4,28.72,0.27,0.9401,2.1422,3245855,94026126.0,8562292167.0,4392564800.0
2016-04-28,'603111,康尼机电,28.72,29.0,28.08,28.39,28.26,0.46,1.6277,2.2412,3395927,97291589.0,8482546776.0,4351654400.0
2016-04-27,'603111,康尼机电,28.26,28.96,28.2,28.6,28.55,-0.29,-1.0158,1.985,3007644,86038511.0,8346684258.0,4281955200.0
2016-04-26,'603111,康尼机电,28.55,28.6,27.41,27.5,27.42,1.13,4.1211,2.3084,3497659,97798140.0,8432336715.0,4325896000.0
2016-04-25,'603111,康尼机电,27.42,27.6,27.11,27.54,27.63,-0.21,-0.76,1.6878,2557307,69838936.0,8098587486.0,4154678400.0
2016-04-22,'603111,康尼机电,27.63,27.68,27.07,27.25,27.3,0.33,1.2088,1.3511,2047245,56229264.0,8160611679.0,4186497600.0
2016-04-21,'603111,康尼机电,27.3,27.97,26.89,27.1,27.2,0.1,0.3676,2.4962,3782221,104111790.0,8063145090.0,4136496000.0
2016-04-20,'603111,康尼机电,27.2,29.25,26.36,28.95,28.57,-1.37,-4.7952,4.6244,7006817,196026533.0,8033609760.0,4121344000.0
2016-04-19,'603111,康尼机电,28.57,29.28,28.29,29.15,28.95,-0.38,-1.3126,2.5665,3888740,111644089.0,8438243781.0,4328926400.0
2016-04-18,'603111,康尼机电,28.95,29.16,28.56,28.79,28.91,0.04,0.1384,2.8209,4274205,123543633.0,8550478035.0,4386504000.0
2016-04-15,'603111,康尼机电,28.91,29.25,28.75,28.79,28.92,-0.01,-0.0346,2.6487,4013315,116284372.0,8538663903.0,4380443200.0
2016-04-14,'603111,康尼机电,28.92,29.04,28.34,28.78,28.6,0.32,1.1189,3.5048,5310470,152644098.0,8541617436.0,4381958400.0
2016-04-13,'603111,康尼机电,28.6,29.85,27.96,28.69,27.79,0.81,2.9147,5.9782,9058143,263017939.0,8447104380.0,4333472000.0
2016-04-12,'603111,康尼机电,27.79,28.86,27.25,28.8,28.7,-0.91,-3.1707,3.1487,4770933,132555424.0,8207868207.0,4210740800.0
2016-04-11,'603111,康尼机电,28.7,29.29,28.19,28.24,28.05,0.65,2.3173,3.387,5132000,148089862.0,8476639710.0,4348624000.0
2016-04-08,'603111,康尼机电,28.05,28.29,27.6,28.29,28.49,-0.44,-1.5444,3.845,5825921,162222082.0,8284660065.0,4250136000.0
2016-04-07,'603111,康尼机电,28.49,29.45,28.45,28.93,28.93,-0.44,-1.5209,5.3508,8107602,234201246.0,8414615517.0,4316804800.0
2016-04-06,'603111,康尼机电,28.93,29.75,26.98,27.3,27.78,1.15,4.1397,7.8578,11906136,340272766.0,8544570969.0,4383473600.0
2016-04-05,'603111,康尼机电,27.78,27.78,26.1,27.0,25.25,2.53,10.0198,7.0211,10638403,287972614.0,8204914674.0,4209225600.0
2016-04-01,'603111,康尼机电,25.25,25.6,24.39,25.1,25.35,-0.1,-0.3945,2.1664,3282476,81728075.0,7457670825.0,3825880000.0
2016-03-31,'603111,康尼机电,25.35,25.55,24.51,24.98,24.94,0.41,1.6439,3.5119,5321196,134215533.0,7487206155.0,3841032000.0
2016-03-30,'603111,康尼机电,24.94,25.4,23.76,23.76,23.12,1.82,7.872,4.1636,6308612,155084406.0,7366111302.0,3778908800.0
2016-03-29,'603111,康尼机电,23.12,25.45,22.9,23.59,23.67,-0.55,-2.3236,3.9939,6051563,147263715.0,6828568296.0,3503142400.0
2016-03-28,'603111,康尼机电,23.67,24.08,23.0,23.28,23.08,0.59,2.5563,2.2128,3352799,79433052.0,6991012611.0,3586478400.0
2016-03-25,'603111,康尼机电,23.08,23.85,22.56,23.4,23.38,-0.3,-1.2831,1.8968,2874037,66274557.0,6816754164.0,3497081600.0
2016-03-24,'603111,康尼机电,23.38,24.5,23.32,23.5,24.09,-0.71,-2.9473,2.2713,3441543,81949200.0,6905360154.0,3542537600.0
2016-03-23,'603111,康尼机电,24.09,24.89,23.35,23.59,23.69,0.4,1.6885,3.7273,5647649,136061843.0,7115060997.0,3650116800.0
2016-03-22,'603111,康尼机电,23.69,24.44,21.86,21.99,22.22,1.47,6.6157,4.4946,6810244,160033365.0,6996919677.0,3589508800.0
2016-03-21,'603111,康尼机电,22.22,22.44,21.41,21.41,21.0,1.22,5.8095,3.0641,4642761,102595994.0,6562750326.0,3366774400.0
2016-03-18,'603111,康尼机电,21.0,21.5,19.91,19.95,19.89,1.11,5.5807,2.6163,3964160,82392414.0,6202419300.0,3181920000.0
2016-03-17,'603111,康尼机电,19.89,19.97,19.27,19.4,19.17,0.72,3.7559,1.6271,2465309,48686936.0,5874577137.0,3013732800.0
2016-03-16,'603111,康尼机电,19.17,19.75,19.12,19.6,19.52,-0.35,-1.793,0.7894,1196066,23157754.0,5661922761.0,2904638400.0
2016-03-15,'603111,康尼机电,19.52,19.79,19.4,19.57,19.7,-0.18,-0.9137,1.0902,1651851,32260066.0,5765296416.0,2957670400.0
2016-03-14,'603111,康尼机电,19.7,19.98,19.15,19.37,19.09,0.61,3.1954,1.6044,2430925,47834276.0,5818460010.0,2984944000.0
2016-03-11,'603111,康尼机电,19.09,19.23,18.52,18.7,18.67,0.42,2.2496,1.1618,1760310,33378711.0,5638294497.0,2892516800.0
2016-03-10,'603111,康尼机电,18.67,19.48,18.6,19.42,19.33,-0.66,-3.4144,1.2981,1966901,37294537.0,5514246111.0,2828878400.0
2016-03-09,'603111,康尼机电,19.33,19.76,18.51,18.51,19.2,0.13,0.6771,1.4178,2148291,41242873.0,5709179289.0,2928881600.0
2016-03-08,'603111,康尼机电,19.2,19.22,18.2,19.02,19.01,0.19,0.9995,1.2106,1834245,34338310.0,5670783360.0,2909184000.0
2016-03-07,'603111,康尼机电,19.01,19.3,18.65,18.89,18.57,0.44,2.3694,1.02,1545462,29378081.0,5614666233.0,2880395200.0
2016-03-04,'603111,康尼机电,18.57,19.6,18.28,19.33,19.46,-0.89,-4.5735,1.4681,2224505,41746512.0,5484710781.0,2813726400.0
2016-03-03,'603111,康尼机电,19.46,19.98,19.43,19.61,19.61,-0.15,-0.7649,0.9813,1486863,29295973.0,5747575218.0,2948579200.0
2016-03-02,'603111,康尼机电,19.61,19.79,18.31,18.48,18.42,1.19,6.4604,1.657,2510746,47622034.0,5791878213.0,2971307200.0
2016-03-01,'603111,康尼机电,18.42,18.53,17.83,18.17,18.01,0.41,2.2765,1.4965,2267545,41158234.0,5440407786.0,2790998400.0
2016-02-29,'603111,康尼机电,18.01,19.91,17.87,19.89,19.85,-1.84,-9.2695,2.3517,3563339,66217259.0,5319312933.0,2728875200.0
2016-02-26,'603111,康尼机电,19.85,20.44,19.62,20.3,20.0,-0.15,-0.75,1.3789,2089273,41810648.0,5862763005.0,3007672000.0
2016-02-25,'603111,康尼机电,20.0,22.18,19.98,22.03,22.2,-2.2,-9.9099,1.8306,2773672,58049196.0,5907066000.0,3030400000.0
2016-02-24,'603111,康尼机电,22.2,22.43,21.61,22.04,22.19,0.01,0.0451,1.1063,1676309,36998728.0,6556843260.0,3363744000.0
2016-02-23,'603111,康尼机电,22.19,22.53,21.97,22.53,22.48,-0.29,-1.29,1.0194,1544574,34287119.0,6553889727.0,3362228800.0
2016-02-22,'603111,康尼机电,22.48,22.66,22.23,22.4,22.17,0.31,1.3983,1.289,1953140,43825349.0,6639542184.0,3406169600.0
2016-02-19,'603111,康尼机电,22.17,22.35,21.91,22.15,22.23,-0.06,-0.2699,0.9692,1468518,32508095.0,6547982661.0,3359198400.0
2016-02-18,'603111,康尼机电,22.23,22.83,22.13,22.8,22.67,-0.44,-1.9409,1.492,2260619,50665166.0,6565703859.0,3368289600.0
2016-02-17,'603111,康尼机电,22.67,22.8,22.18,22.38,22.55,0.12,0.5322,1.4811,2244149,50669080.0,6695659311.0,3434958400.0
2016-02-16,'603111,康尼机电,22.55,22.58,21.86,21.86,21.92,0.63,2.8741,1.8661,2827480,63285448.0,6660216915.0,3416776000.0
2016-02-15,'603111,康尼机电,21.92,21.96,20.33,20.9,21.7,0.22,1.0138,1.3886,2104031,44995890.0,6474144336.0,3321318400.0
2016-02-05,'603111,康尼机电,21.7,21.97,21.4,21.5,21.47,0.23,1.0713,1.6458,2440791,52936965.0,6409166610.0,3218110000.0
2016-02-04,'603111,康尼机电,21.47,21.5,20.6,20.6,20.61,0.86,4.1727,1.9591,2905372,61686210.0,6341235351.0,3184001000.0
2016-02-03,'603111,康尼机电,20.61,20.78,20.18,20.34,20.65,-0.04,-0.1937,1.1202,1661292,34015331.0,6087231513.0,3056463000.0
2016-02-02,'603111,康尼机电,20.65,20.83,19.81,20.14,19.94,0.71,3.5607,1.3392,1986103,40796126.0,6099045645.0,3062395000.0
2016-02-01,'603111,康尼机电,19.94,20.79,19.51,20.45,20.72,-0.78,-3.7645,1.6932,2511030,50463835.0,5889344802.0,2957102000.0
2016-01-29,'603111,康尼机电,20.72,21.08,19.54,19.54,19.74,0.98,4.9645,1.888,2799943,57575449.0,6119720376.0,3072776000.0
2016-01-28,'603111,康尼机电,19.74,20.49,19.02,19.55,19.58,0.16,0.8172,2.7784,4120356,81234408.0,5830274142.0,2927442000.0
2016-01-27,'603111,康尼机电,19.58,20.46,18.68,20.17,20.16,-0.58,-2.877,2.1869,3243157,63000604.0,5783017614.0,2903714000.0
2016-01-26,'603111,康尼机电,20.16,22.25,20.16,22.01,22.4,-2.24,-10.0,1.7376,2576895,54276974.0,5954322528.0,2989728000.0
2016-01-25,'603111,康尼机电,22.4,22.86,22.06,22.5,22.3,0.1,0.4484,1.0246,1519545,34156556.0,6615913920.0,3321920000.0
2016-01-22,'603111,康尼机电,22.3,22.9,21.25,22.55,22.33,-0.03,-0.1343,1.7393,2579404,57185096.0,6586378590.0,3307090000.0
2016-01-21,'603111,康尼机电,22.33,23.53,22.3,23.0,23.57,-1.24,-5.2609,1.7232,2555463,58684203.0,6595239189.0,3311539000.0
2016-01-20,'603111,康尼机电,23.57,23.89,22.95,23.21,23.35,0.22,0.9422,2.6355,3908455,91579138.0,6961477281.0,3495431000.0
2016-01-19,'603111,康尼机电,23.35,23.6,21.85,22.22,22.22,1.13,5.0855,2.4737,3668554,83691887.0,6896499555.0,3462805000.0
2016-01-18,'603111,康尼机电,22.22,22.69,20.5,20.5,21.0,1.22,5.8095,2.657,3940275,85686366.0,6562750326.0,3295226000.0
2016-01-15,'603111,康尼机电,21.0,21.95,20.6,21.32,21.34,-0.34,-1.5933,2.3013,3412782,72782556.0,6202419300.0,3114300000.0
2016-01-14,'603111,康尼机电,21.34,21.43,20.0,20.01,20.48,0.86,4.1992,1.7113,2537922,52728361.0,6302839422.0,3164722000.0
2016-01-13,'603111,康尼机电,20.48,21.99,20.2,21.99,21.56,-1.08,-5.0093,1.6049,2380119,50705280.0,6048835584.0,3037184000.0
2016-01-12,'603111,康尼机电,21.56,22.35,20.61,21.62,21.68,-0.12,-0.5535,2.1399,3173462,67993470.0,6367817148.0,3197348000.0
2016-01-11,'603111,康尼机电,21.68,24.29,21.68,23.7,24.09,-2.41,-10.0042,2.606,3864706,88291246.0,6403259544.0,3215144000.0
2016-01-08,'603111,康尼机电,24.09,24.93,22.0,24.8,24.06,0.03,0.1247,3.1016,4599676,110279959.0,7115060997.0,3572547000.0
2016-01-07,'603111,康尼机电,24.06,26.48,24.01,26.48,26.65,-2.59,-9.7186,0.511,757800,19098117.0,7106200398.0,3568098000.0
2016-01-06,'603111,康尼机电,26.65,27.08,26.17,26.5,26.31,0.34,1.2923,1.7719,2627695,69940146.0,7871165445.0,3952195000.0
2016-01-05,'603111,康尼机电,26.31,26.92,25.24,25.24,26.01,0.3,1.1534,2.8136,4172551,108292329.0,7770745323.0,3901773000.0
2016-01-04,'603111,康尼机电,26.01,28.88,25.98,28.53,28.75,-2.74,-9.5304,2.0807,3085745,83680250.0,7682139333.0,3857283000.0
2015-12-31,'603111,康尼机电,28.75,29.56,28.73,29.5,29.5,-0.75,-2.5424,1.7393,2579362,75245233.0,8491407375.0,4263625000.0
2015-12-30,'603111,康尼机电,29.5,30.01,28.68,28.98,29.14,0.36,1.2354,2.7047,4010998,117040947.0,8712922350.0,4374850000.0
2015-12-29,'603111,康尼机电,29.14,29.51,28.5,28.5,30.54,-1.4,-4.5842,3.4229,5076166,147825009.0,8606595162.0,4321462000.0
2015-12-28,'603111,康尼机电,0.0,0.0,0.0,0.0,30.54,None,None,0.0,0,0.0,9020089782.0,4529082000.0
2015-12-25,'603111,康尼机电,0.0,0.0,0.0,0.0,30.54,None,None,0.0,0,0.0,9020089782.0,4529082000.0
2015-12-24,'603111,康尼机电,0.0,0.0,0.0,0.0,30.54,None,None,0.0,0,0.0,9020089782.0,4529082000.0
2015-12-23,'603111,康尼机电,0.0,0.0,0.0,0.0,30.54,None,None,0.0,0,0.0,9020089782.0,4529082000.0
2015-12-22,'603111,康尼机电,0.0,0.0,0.0,0.0,30.54,None,None,0.0,0,0.0,9020089782.0,4529082000.0
2015-12-21,'603111,康尼机电,30.54,31.01,30.32,31.01,30.94,-0.4,-1.2928,2.2403,3322415,101640303.0,9020089782.0,4529082000.0
2015-12-18,'603111,康尼机电,30.94,31.36,30.63,31.0,30.94,0.0,0.0,1.945,2884436,89323630.0,9138231102.0,4588402000.0
2015-12-17,'603111,康尼机电,30.94,31.27,30.53,30.53,30.46,0.48,1.5758,2.485,3685301,114021841.0,9138231102.0,4588402000.0
2015-12-16,'603111,康尼机电,30.46,30.68,30.35,30.35,30.27,0.19,0.6277,1.619,2401036,73256829.0,8996461518.0,4517218000.0
2015-12-15,'603111,康尼机电,30.27,30.46,30.01,30.28,30.28,-0.01,-0.033,1.3091,1941458,58749071.0,8940344391.0,4489041000.0
2015-12-14,'603111,康尼机电,30.28,30.38,29.48,29.6,29.74,0.54,1.8157,1.957,2902176,86913319.0,8943297924.0,4490524000.0
2015-12-11,'603111,康尼机电,29.74,30.1,29.4,29.83,29.83,-0.09,-0.3017,1.3571,2012601,59960016.0,8783807142.0,4410442000.0
2015-12-10,'603111,康尼机电,29.83,30.45,29.69,30.24,30.0,-0.17,-0.5667,1.6449,2439460,72922869.0,8810388939.0,4423789000.0
2015-12-09,'603111,康尼机电,30.0,30.45,29.88,30.01,30.19,-0.19,-0.6293,1.4711,2181650,65647408.0,8860599000.0,4449000000.0
2015-12-08,'603111,康尼机电,30.19,30.99,29.95,30.53,30.56,-0.37,-1.2107,2.0009,2967383,90447458.0,8916716127.0,4477177000.0
2015-12-07,'603111,康尼机电,30.56,31.6,30.33,31.45,31.45,-0.89,-2.8299,3.055,4530559,138627136.0,9025996848.0,4532048000.0
2015-12-04,'603111,康尼机电,31.45,32.51,31.21,32.51,32.52,-1.07,-3.2903,2.7781,4119849,131173955.0,9288861285.0,4664035000.0
2015-12-03,'603111,康尼机电,32.52,32.92,31.86,32.92,33.15,-0.63,-1.9005,2.6913,3991175,129122471.0,9604889316.0,4822716000.0
2015-12-02,'603111,康尼机电,33.15,33.39,29.01,30.32,30.35,2.8,9.2257,4.3588,6464141,205010357.0,9790961895.0,4916145000.0
2015-12-01,'603111,康尼机电,30.35,30.95,28.53,29.29,29.12,1.23,4.2239,3.2871,4874722,145212166.0,8963972655.0,4500905000.0
2015-11-30,'603111,康尼机电,29.12,30.4,28.0,30.05,30.16,-1.04,-3.4483,3.4998,5190205,150662070.0,8600688096.0,4318496000.0
2015-11-27,'603111,康尼机电,30.16,32.98,29.7,32.76,32.74,-2.58,-7.8803,3.465,5138573,162001515.0,8907855528.0,4472728000.0
2015-11-26,'603111,康尼机电,32.74,33.65,32.7,33.4,33.33,-0.59,-1.7702,2.6113,3872566,128256170.0,9669867042.0,4855342000.0
2015-11-25,'603111,康尼机电,33.33,33.59,32.8,33.41,33.36,-0.03,-0.0899,2.5328,3756150,124106475.0,9844125489.0,4942839000.0
2015-11-24,'603111,康尼机电,33.36,34.0,33.12,34.0,33.93,-0.57,-1.6799,2.3333,3460232,115703352.0,9852986088.0,4947288000.0
2015-11-23,'603111,康尼机电,33.93,34.59,33.28,33.88,33.76,0.17,0.5036,3.9778,5899117,200246515.0,10021337469.0,5031819000.0
2015-11-20,'603111,康尼机电,33.76,34.14,32.78,32.79,32.94,0.82,2.4894,3.8447,5701717,192310696.0,9971127408.0,5006608000.0
2015-11-19,'603111,康尼机电,32.94,32.98,32.3,32.85,32.33,0.61,1.8868,1.5944,2364512,77365574.0,9728937702.0,4885002000.0
2015-11-18,'603111,康尼机电,32.33,33.3,32.15,32.5,32.44,-0.11,-0.3391,1.8799,2787900,91303185.0,9548772189.0,4794539000.0
2015-11-17,'603111,康尼机电,32.44,33.5,32.42,33.2,32.95,-0.51,-1.5478,2.6783,3971935,131018588.0,9581261052.0,4810852000.0
2015-11-16,'603111,康尼机电,32.95,33.06,32.1,32.6,32.38,0.57,1.7603,1.9785,2934135,96105118.0,9731891235.0,4886485000.0
2015-11-13,'603111,康尼机电,32.38,33.5,32.03,33.48,33.85,-1.47,-4.3427,3.7579,5572982,182179956.0,9563539854.0,4801954000.0
2015-11-12,'603111,康尼机电,33.85,35.38,33.48,34.54,34.75,-0.9,-2.5899,6.0855,9024779,309091767.0,9997709205.0,5019955000.0
2015-11-11,'603111,康尼机电,34.75,34.85,33.4,33.9,34.02,0.73,2.1458,3.9063,5792998,198026800.0,10263527175.0,5153425000.0
2015-11-10,'603111,康尼机电,34.02,34.28,33.28,33.5,33.45,0.57,1.704,4.4304,6570332,221785662.0,10047919266.0,5045166000.0
2015-11-09,'603111,康尼机电,33.45,34.0,33.15,33.89,33.89,-0.44,-1.2983,5.5861,8284183,276198459.0,9879567885.0,4960635000.0
2015-11-06,'603111,康尼机电,33.89,34.16,33.01,33.01,33.3,0.59,1.7718,3.7893,5619521,188762234.0,10009523337.0,5025887000.0
2015-11-05,'603111,康尼机电,33.3,34.08,33.1,33.71,33.71,-0.41,-1.2163,2.3473,3481008,116687298.0,9835264890.0,4938390000.0
2015-11-04,'603111,康尼机电,33.71,33.94,32.45,32.68,32.43,1.28,3.947,2.9463,4369314,144780675.0,9956359743.0,4999193000.0
2015-11-03,'603111,康尼机电,32.43,33.2,32.22,33.2,33.09,-0.66,-1.9946,1.6056,2381175,77871700.0,9578307519.0,4809369000.0
2015-11-02,'603111,康尼机电,33.09,33.3,31.88,32.0,32.88,0.21,0.6387,2.082,3087555,101227540.0,9773240697.0,4907247000.0
2015-10-30,'603111,康尼机电,32.88,33.6,32.35,33.54,33.53,-0.65,-1.9386,1.4432,2140324,70737598.0,9711216504.0,4876104000.0
2015-10-29,'603111,康尼机电,33.53,34.49,33.05,33.95,33.5,0.03,0.0896,1.6041,2378931,79748069.0,9903196149.0,4972499000.0
2015-10-28,'603111,康尼机电,33.5,34.49,32.15,32.78,32.91,0.59,1.7928,3.3012,4895660,164822557.0,9894335550.0,4968050000.0
2015-10-27,'603111,康尼机电,32.91,33.5,31.48,32.5,33.39,-0.48,-1.4376,2.7093,4017938,129426679.0,9720077103.0,4880553000.0
2015-10-26,'603111,康尼机电,33.39,34.99,31.4,34.99,34.88,-1.49,-4.2718,5.1946,7703604,257999520.0,9861846687.0,4951737000.0
2015-10-23,'603111,康尼机电,34.88,35.69,33.32,33.51,33.2,1.68,5.0602,4.975,7377986,255342785.0,10301923104.0,5172704000.0
2015-10-22,'603111,康尼机电,33.2,33.24,31.25,31.25,31.57,1.63,5.1631,3.2931,4883729,158075787.0,9805729560.0,4923560000.0
2015-10-21,'603111,康尼机电,31.57,33.85,30.5,32.7,32.74,-1.17,-3.5736,4.4857,6652325,216964349.0,9324303681.0,4681831000.0
2015-10-20,'603111,康尼机电,32.74,32.95,32.0,32.14,31.93,0.81,2.5368,2.542,3769753,122457074.0,9669867042.0,4855342000.0
2015-10-19,'603111,康尼机电,31.93,33.58,31.7,33.4,32.98,-1.05,-3.1837,3.5131,5209997,168870426.0,9430630869.0,4735219000.0
2015-10-16,'603111,康尼机电,32.98,33.68,32.17,33.3,33.14,-0.16,-0.4828,3.968,5884516,193730194.0,9740751834.0,4890934000.0
2015-10-15,'603111,康尼机电,33.14,33.79,32.32,32.81,32.81,0.33,1.0058,4.2695,6331631,208735035.0,9788008362.0,4914662000.0
2015-10-14,'603111,康尼机电,32.81,33.67,30.8,31.0,31.22,1.59,5.0929,5.7801,8571933,282458041.0,9690541773.0,4865723000.0
2015-10-13,'603111,康尼机电,31.22,31.5,29.59,29.8,30.35,0.87,2.8666,3.9087,5796670,179167944.0,9220930026.0,4629926000.0
2015-10-12,'603111,康尼机电,30.35,30.96,28.36,28.36,28.24,2.11,7.4717,5.3232,7894311,237950920.0,8963972655.0,4500905000.0
2015-10-09,'603111,康尼机电,28.24,28.81,27.76,28.5,28.49,-0.25,-0.8775,3.6875,5468559,155187477.0,8340777192.0,4187992000.0
2015-10-08,'603111,康尼机电,28.49,28.96,27.0,28.33,26.63,1.86,6.9846,5.9472,8819748,250289348.0,8414615517.0,4225067000.0
2015-09-30,'603111,康尼机电,26.63,27.1,26.02,26.4,25.81,0.82,3.1771,4.7405,7030222,187957871.0,7865258379.0,3949229000.0
2015-09-29,'603111,康尼机电,25.81,26.55,25.18,25.29,25.91,-0.1,-0.386,3.993,5921608,153949047.0,7623068673.0,3827623000.0
2015-09-28,'603111,康尼机电,25.91,27.18,25.15,25.31,25.4,0.51,2.0079,6.7043,9942482,261019891.0,7652604003.0,3842453000.0
2015-09-25,'603111,康尼机电,25.4,27.46,25.17,27.0,27.97,-2.57,-9.1884,7.2061,10686577,281059268.0,7501973820.0,3766820000.0
2015-09-24,'603111,康尼机电,27.97,28.07,25.02,25.5,25.52,2.45,9.6003,13.2121,19593588,516269934.0,8261031801.0,4147951000.0
2015-09-23,'603111,康尼机电,25.52,26.93,25.32,25.32,28.13,-2.61,-9.2784,16.1603,23965741,614632735.0,7537416216.0,3784616000.0
2015-09-22,'603111,康尼机电,28.13,28.13,28.13,28.13,31.25,-3.12,-9.984,0.375,556100,15643093.0,8308288329.0,4171679000.0
2015-09-21,'603111,康尼机电,31.25,31.25,31.25,31.25,34.72,-3.47,-9.9942,0.09,133400,4168750.0,9229790625.0,4634375000.0
2015-09-18,'603111,康尼机电,34.72,34.72,34.72,34.72,38.58,-3.86,-10.0052,0.0899,133300,4628176.0,10254666576.0,5148976000.0
2015-09-17,'603111,康尼机电,0.0,0.0,0.0,0.0,38.58,None,None,0.0,0,0.0,11394730314.0,5721414000.0
2015-09-16,'603111,康尼机电,0.0,0.0,0.0,0.0,38.58,None,None,0.0,0,0.0,11394730314.0,5721414000.0
2015-09-15,'603111,康尼机电,0.0,0.0,0.0,0.0,38.58,None,None,0.0,0,0.0,11394730314.0,5721414000.0
2015-09-14,'603111,康尼机电,0.0,0.0,0.0,0.0,38.58,None,None,0.0,0,0.0,11394730314.0,5721414000.0
2015-09-11,'603111,康尼机电,0.0,0.0,0.0,0.0,38.58,None,None,0.0,0,0.0,11394730314.0,5721414000.0
2015-09-10,'603111,康尼机电,0.0,0.0,0.0,0.0,38.58,None,None,0.0,0,0.0,11394730314.0,5721414000.0
2015-09-09,'603111,康尼机电,0.0,0.0,0.0,0.0,38.58,None,None,0.0,0,0.0,11394730314.0,5721414000.0
2015-09-08,'603111,康尼机电,0.0,0.0,0.0,0.0,38.58,None,None,0.0,0,0.0,11394730314.0,5721414000.0
2015-09-07,'603111,康尼机电,0.0,0.0,0.0,0.0,38.58,None,None,0.0,0,0.0,11394730314.0,5721414000.0
2015-09-02,'603111,康尼机电,0.0,0.0,0.0,0.0,38.58,None,None,0.0,0,0.0,11394730314.0,5721414000.0
2015-09-01,'603111,康尼机电,0.0,0.0,0.0,0.0,38.58,None,None,0.0,0,0.0,11394730314.0,5721414000.0
2015-08-31,'603111,康尼机电,0.0,0.0,0.0,0.0,38.58,None,None,0.0,0,0.0,11394730314.0,5721414000.0
2015-08-28,'603111,康尼机电,0.0,0.0,0.0,0.0,38.58,None,None,0.0,0,0.0,11394730314.0,5721414000.0
2015-08-27,'603111,康尼机电,0.0,0.0,0.0,0.0,38.58,None,None,0.0,0,0.0,11394730314.0,5721414000.0
2015-08-26,'603111,康尼机电,0.0,0.0,0.0,0.0,38.58,None,None,0.0,0,0.0,11394730314.0,5721414000.0
2015-08-25,'603111,康尼机电,0.0,0.0,0.0,0.0,38.58,None,None,0.0,0,0.0,11394730314.0,5721414000.0
2015-08-24,'603111,康尼机电,0.0,0.0,0.0,0.0,38.58,None,None,0.0,0,0.0,11394730314.0,5721414000.0
2015-08-21,'603111,康尼机电,0.0,0.0,0.0,0.0,38.58,None,None,0.0,0,0.0,11394730314.0,5721414000.0
2015-08-20,'603111,康尼机电,0.0,0.0,0.0,0.0,38.58,None,None,0.0,0,0.0,11394730314.0,5721414000.0
2015-08-19,'603111,康尼机电,0.0,0.0,0.0,0.0,38.58,None,None,0.0,0,0.0,11394730314.0,5721414000.0
2015-08-18,'603111,康尼机电,0.0,0.0,0.0,0.0,38.58,None,None,0.0,0,0.0,11394730314.0,5721414000.0
2015-08-17,'603111,康尼机电,0.0,0.0,0.0,0.0,38.58,None,None,0.0,0,0.0,11394730314.0,5721414000.0
2015-08-14,'603111,康尼机电,0.0,0.0,0.0,0.0,38.58,None,None,0.0,0,0.0,11394730314.0,5721414000.0
2015-08-13,'603111,康尼机电,0.0,0.0,0.0,0.0,38.58,None,None,0.0,0,0.0,11394730314.0,5721414000.0
2015-08-12,'603111,康尼机电,0.0,0.0,0.0,0.0,38.58,None,None,0.0,0,0.0,11394730314.0,5721414000.0
2015-08-11,'603111,康尼机电,0.0,0.0,0.0,0.0,38.58,None,None,0.0,0,0.0,11394730314.0,5721414000.0
2015-08-10,'603111,康尼机电,0.0,0.0,0.0,0.0,38.58,None,None,0.0,0,0.0,11394730314.0,5721414000.0
2015-08-07,'603111,康尼机电,0.0,0.0,0.0,0.0,38.58,None,None,0.0,0,0.0,11394730314.0,5721414000.0
2015-08-06,'603111,康尼机电,0.0,0.0,0.0,0.0,38.58,None,None,0.0,0,0.0,11394730314.0,5721414000.0
2015-08-05,'603111,康尼机电,0.0,0.0,0.0,0.0,38.58,None,None,0.0,0,0.0,11394730314.0,5721414000.0
2015-08-04,'603111,康尼机电,0.0,0.0,0.0,0.0,38.58,None,None,0.0,0,0.0,11394730314.0,5721414000.0
2015-08-03,'603111,康尼机电,0.0,0.0,0.0,0.0,38.58,None,None,0.0,0,0.0,11394730314.0,5721414000.0
2015-07-31,'603111,康尼机电,0.0,0.0,0.0,0.0,38.58,None,None,0.0,0,0.0,11394730314.0,2789334000.0
2015-07-30,'603111,康尼机电,0.0,0.0,0.0,0.0,38.58,None,None,0.0,0,0.0,11394730314.0,2789334000.0
2015-07-29,'603111,康尼机电,0.0,0.0,0.0,0.0,38.58,None,None,0.0,0,0.0,11394730314.0,2789334000.0
2015-07-28,'603111,康尼机电,0.0,0.0,0.0,0.0,38.58,None,None,0.0,0,0.0,11394730314.0,2789334000.0
2015-07-27,'603111,康尼机电,0.0,0.0,0.0,0.0,38.58,None,None,0.0,0,0.0,11394730314.0,2789334000.0
2015-07-24,'603111,康尼机电,0.0,0.0,0.0,0.0,38.58,None,None,0.0,0,0.0,11394730314.0,2789334000.0
2015-07-23,'603111,康尼机电,0.0,0.0,0.0,0.0,38.58,None,None,0.0,0,0.0,11394730314.0,2789334000.0
2015-07-22,'603111,康尼机电,0.0,0.0,0.0,0.0,38.58,None,None,0.0,0,0.0,11394730314.0,2789334000.0
2015-07-21,'603111,康尼机电,0.0,0.0,0.0,0.0,38.58,None,None,0.0,0,0.0,11394730314.0,2789334000.0
2015-07-20,'603111,康尼机电,0.0,0.0,0.0,0.0,38.58,None,None,0.0,0,0.0,11394730314.0,2789334000.0
2015-07-17,'603111,康尼机电,0.0,0.0,0.0,0.0,38.58,None,None,0.0,0,0.0,11394730314.0,2789334000.0
2015-07-16,'603111,康尼机电,0.0,0.0,0.0,0.0,38.58,None,None,0.0,0,0.0,11394730314.0,2789334000.0
2015-07-15,'603111,康尼机电,0.0,0.0,0.0,0.0,38.58,None,None,0.0,0,0.0,11394730314.0,2789334000.0
2015-07-14,'603111,康尼机电,0.0,0.0,0.0,0.0,38.58,None,None,0.0,0,0.0,11394730314.0,2789334000.0
2015-07-13,'603111,康尼机电,0.0,0.0,0.0,0.0,38.58,None,None,0.0,0,0.0,11394730314.0,2789334000.0
2015-07-10,'603111,康尼机电,0.0,0.0,0.0,0.0,38.58,None,None,0.0,0,0.0,11394730314.0,2789334000.0
2015-07-09,'603111,康尼机电,0.0,0.0,0.0,0.0,38.58,None,None,0.0,0,0.0,11394730314.0,2789334000.0
2015-07-08,'603111,康尼机电,0.0,0.0,0.0,0.0,38.58,None,None,0.0,0,0.0,11394730314.0,2789334000.0
2015-07-07,'603111,康尼机电,0.0,0.0,0.0,0.0,38.58,None,None,0.0,0,0.0,11394730314.0,2789334000.0
2015-07-06,'603111,康尼机电,0.0,0.0,0.0,0.0,38.58,None,None,0.0,0,0.0,11394730314.0,2789334000.0
2015-07-03,'603111,康尼机电,0.0,0.0,0.0,0.0,38.58,None,None,0.0,0,0.0,11394730314.0,2789334000.0
2015-07-02,'603111,康尼机电,0.0,0.0,0.0,0.0,38.58,None,None,0.0,0,0.0,11394730314.0,2789334000.0
2015-07-01,'603111,康尼机电,0.0,0.0,0.0,0.0,38.58,None,None,0.0,0,0.0,11394730314.0,2789334000.0
2015-06-30,'603111,康尼机电,0.0,0.0,0.0,0.0,38.58,None,None,0.0,0,0.0,11394730314.0,2789334000.0
2015-06-29,'603111,康尼机电,0.0,0.0,0.0,0.0,38.58,None,None,0.0,0,0.0,11394730314.0,2789334000.0
2015-06-26,'603111,康尼机电,0.0,0.0,0.0,0.0,38.58,None,None,0.0,0,0.0,11394730314.0,2789334000.0
2015-06-25,'603111,康尼机电,0.0,0.0,0.0,0.0,38.58,None,None,0.0,0,0.0,11394730314.0,2789334000.0
2015-06-24,'603111,康尼机电,0.0,0.0,0.0,0.0,38.58,None,None,0.0,0,0.0,11394730314.0,2789334000.0
2015-06-23,'603111,康尼机电,0.0,0.0,0.0,0.0,38.58,None,None,0.0,0,0.0,11394730314.0,2789334000.0
2015-06-19,'603111,康尼机电,0.0,0.0,0.0,0.0,38.58,None,None,0.0,0,0.0,11394730314.0,2789334000.0
2015-06-18,'603111,康尼机电,0.0,0.0,0.0,0.0,38.58,None,None,0.0,0,0.0,11394730314.0,2789334000.0
2015-06-17,'603111,康尼机电,0.0,0.0,0.0,0.0,38.58,None,None,0.0,0,0.0,11394730314.0,2789334000.0
2015-06-16,'603111,康尼机电,0.0,0.0,0.0,0.0,38.58,None,None,0.0,0,0.0,11394730314.0,2789334000.0
2015-06-15,'603111,康尼机电,0.0,0.0,0.0,0.0,38.58,None,None,0.0,0,0.0,11394730314.0,2789334000.0
2015-06-12,'603111,康尼机电,0.0,0.0,0.0,0.0,38.58,None,None,0.0,0,0.0,11394730314.0,2789334000.0
2015-06-11,'603111,康尼机电,0.0,0.0,0.0,0.0,38.58,None,None,0.0,0,0.0,11394730314.0,2789334000.0
2015-06-10,'603111,康尼机电,0.0,0.0,0.0,0.0,38.58,None,None,0.0,0,0.0,11394730314.0,2789334000.0
2015-06-09,'603111,康尼机电,0.0,0.0,0.0,0.0,38.58,None,None,0.0,0,0.0,11394730314.0,2789334000.0
2015-06-08,'603111,康尼机电,0.0,0.0,0.0,0.0,38.58,None,None,0.0,0,0.0,11394730314.0,2789334000.0
2015-06-05,'603111,康尼机电,0.0,0.0,0.0,0.0,38.58,None,None,0.0,0,0.0,11394730314.0,2789334000.0
2015-06-04,'603111,康尼机电,0.0,0.0,0.0,0.0,38.58,None,None,0.0,0,0.0,11394730314.0,2789334000.0
2015-06-03,'603111,康尼机电,0.0,0.0,0.0,0.0,38.58,None,None,0.0,0,0.0,11394730314.0,2789334000.0
2015-06-02,'603111,康尼机电,0.0,0.0,0.0,0.0,38.58,None,None,0.0,0,0.0,11394730314.0,2789334000.0
2015-06-01,'603111,康尼机电,0.0,0.0,0.0,0.0,38.58,None,None,0.0,0,0.0,11394730314.0,2789334000.0
2015-05-29,'603111,康尼机电,0.0,0.0,0.0,0.0,38.58,None,None,0.0,0,0.0,11394730314.0,2789334000.0
2015-05-28,'603111,康尼机电,0.0,0.0,0.0,0.0,38.58,None,None,0.0,0,0.0,11394730314.0,2789334000.0
2015-05-27,'603111,康尼机电,0.0,0.0,0.0,0.0,38.58,None,None,0.0,0,0.0,11394730314.0,2789334000.0
2015-05-26,'603111,康尼机电,0.0,0.0,0.0,0.0,38.58,None,None,0.0,0,0.0,11394730314.0,2789334000.0
2015-05-25,'603111,康尼机电,0.0,0.0,0.0,0.0,38.58,None,None,0.0,0,0.0,11394730314.0,2789334000.0
2015-05-22,'603111,康尼机电,0.0,0.0,0.0,0.0,38.58,None,None,0.0,0,0.0,11394730314.0,2789334000.0
2015-05-21,'603111,康尼机电,0.0,0.0,0.0,0.0,38.58,None,None,0.0,0,0.0,11394730314.0,2789334000.0
2015-05-20,'603111,康尼机电,0.0,0.0,0.0,0.0,38.58,None,None,0.0,0,0.0,11394730314.0,2789334000.0
2015-05-19,'603111,康尼机电,0.0,0.0,0.0,0.0,38.58,None,None,0.0,0,0.0,11394730314.0,2789334000.0
2015-05-18,'603111,XD康尼机,0.0,0.0,0.0,0.0,38.58,None,None,0.0,0,0.0,11394730314.0,2789334000.0
2015-05-15,'603111,康尼机电,38.73,39.5,38.55,39.0,39.03,-0.3,-0.7686,8.3761,6055921,236704708.0,11439033309.0,2800179000.0
2015-05-14,'603111,康尼机电,39.03,39.56,37.26,37.65,38.0,1.03,2.7105,11.9273,8623464,329824913.0,11527639299.0,2821869000.0
2015-05-13,'603111,康尼机电,38.0,39.99,37.02,37.69,38.03,-0.03,-0.0789,9.6416,6970888,269628232.0,11223425400.0,2747400000.0
2015-05-12,'603111,康尼机电,38.03,38.5,35.0,36.0,36.0,2.03,5.6389,10.5811,7650170,279228043.0,11232285999.0,2749569000.0
2015-05-11,'603111,康尼机电,36.0,36.95,34.87,36.81,35.42,0.58,1.6375,13.7751,9959428,357362665.0,10632718800.0,2602800000.0
2015-05-08,'603111,康尼机电,35.42,35.5,32.51,32.51,32.46,2.96,9.1189,15.4627,11179557,387025681.0,10461413886.0,2560866000.0
2015-05-07,'603111,康尼机电,32.46,34.0,31.45,31.99,31.13,1.33,4.2724,13.789,9969436,325649447.0,9587168118.0,2346858000.0
2015-05-06,'603111,康尼机电,31.13,32.63,31.0,31.1,31.27,-0.14,-0.4477,7.2887,5269719,167495222.0,9194348229.0,2250699000.0
2015-05-05,'603111,康尼机电,31.27,32.95,30.68,32.95,32.74,-1.47,-4.4899,9.6145,6951280,220512807.0,9235697691.0,2260821000.0
2015-05-04,'603111,康尼机电,32.74,32.95,29.98,30.11,30.0,2.74,9.1333,13.5889,9824758,311131597.0,9669867042.0,2367102000.0
2015-04-30,'603111,康尼机电,30.0,30.58,29.55,29.71,29.8,0.2,0.6711,6.2684,4532039,136715225.0,8860599000.0,2169000000.0
2015-04-29,'603111,康尼机电,29.8,30.07,28.44,28.7,28.73,1.07,3.7243,5.8335,4217609,123644356.0,8801528340.0,2154540000.0
2015-04-28,'603111,康尼机电,28.73,30.45,28.46,30.45,30.45,-1.72,-5.6486,8.0599,5827277,170344071.0,8485500309.0,2077179000.0
2015-04-27,'603111,康尼机电,30.45,31.36,30.25,30.8,30.14,0.31,1.0285,7.1665,5181413,158768765.0,8993507985.0,2201535000.0
2015-04-24,'603111,康尼机电,30.14,30.88,29.0,30.32,31.16,-1.02,-3.2734,8.6812,6276513,189376289.0,8901948462.0,2179122000.0
2015-04-23,'603111,康尼机电,31.16,31.99,31.02,31.5,31.3,-0.14,-0.4473,8.048,5818684,182723562.0,9203208828.0,2252868000.0
2015-04-22,'603111,康尼机电,31.3,31.52,30.33,30.7,30.65,0.65,2.1207,7.6036,5497374,171121780.0,9244558290.0,2262990000.0
2015-04-21,'603111,康尼机电,30.65,30.68,29.4,30.2,30.37,0.28,0.922,8.3293,6022094,180550118.0,9052578645.0,2215995000.0
2015-04-20,'603111,康尼机电,30.37,32.6,30.11,31.19,31.16,-0.79,-2.5353,12.1741,8801867,276012926.0,8969879721.0,2195751000.0
2015-04-17,'603111,康尼机电,31.16,31.68,29.7,30.6,29.99,1.17,3.9013,12.1754,8802829,269802965.0,9203208828.0,2252868000.0
2015-04-16,'603111,康尼机电,29.99,31.6,29.3,30.45,30.79,-0.8,-2.5982,9.1433,6610597,200627899.0,8857645467.0,2168277000.0
2015-04-15,'603111,康尼机电,30.79,32.48,30.51,32.09,32.48,-1.69,-5.2032,8.2694,5978754,187799300.0,9093928107.0,2226117000.0
2015-04-14,'603111,康尼机电,32.48,34.49,30.75,32.14,32.05,0.43,1.3417,14.1179,10207232,338667106.0,9593075184.0,2348304000.0
2015-04-13,'603111,康尼机电,32.05,32.52,30.15,30.15,29.97,2.08,6.9403,13.9334,10073830,318701624.0,9466073265.0,2317215000.0
2015-04-10,'603111,康尼机电,29.97,30.48,28.88,28.88,30.75,-0.78,-2.5366,11.6724,8439111,251591209.0,8851738401.0,2166831000.0
2015-04-09,'603111,康尼机电,30.75,31.09,28.56,31.07,31.57,-0.82,-2.5974,13.4365,9714587,291517452.0,9082113975.0,2223225000.0
2015-04-08,'603111,康尼机电,31.57,32.98,31.48,31.8,31.3,0.27,0.8626,14.3042,10341953,334658820.0,9324303681.0,2282511000.0
2015-04-07,'603111,康尼机电,31.3,31.3,29.05,29.05,28.45,2.85,10.0176,11.2297,8119102,245680946.0,9244558290.0,2262990000.0
2015-04-03,'603111,康尼机电,28.45,28.95,27.88,28.0,28.37,0.08,0.282,6.8022,4917995,140037586.0,8402801385.0,2056935000.0
2015-04-02,'603111,康尼机电,28.37,28.97,27.57,27.6,27.58,0.79,2.8644,7.6489,5530127,157036584.0,8379173121.0,2051151000.0
2015-04-01,'603111,康尼机电,27.58,27.78,27.11,27.26,27.27,0.31,1.1368,5.2751,3813923,105022354.0,8145844014.0,1994034000.0
2015-03-31,'603111,康尼机电,27.27,27.97,27.13,27.77,27.58,-0.31,-1.124,4.9616,3587271,98148242.0,8054284491.0,1971621000.0
2015-03-30,'603111,康尼机电,27.58,28.22,26.78,26.78,26.71,0.87,3.2572,8.4126,6082309,168286408.0,8145844014.0,1994034000.0
2015-03-27,'603111,康尼机电,26.71,27.37,26.6,27.1,27.04,-0.33,-1.2204,5.4038,3906948,104874065.0,7888886643.0,1931133000.0
2015-03-26,'603111,康尼机电,27.04,27.55,26.5,27.3,27.51,-0.47,-1.7085,8.1755,5910883,159304355.0,7986353232.0,1954992000.0
2015-03-25,'603111,康尼机电,27.51,27.95,25.71,26.18,26.59,0.92,3.4599,10.4072,7524395,201652049.0,8125169283.0,1988973000.0
2015-03-24,'603111,康尼机电,26.59,27.0,25.49,27.0,27.16,-0.57,-2.0987,10.5406,7620821,201395199.0,7853444247.0,1922457000.0
2015-03-23,'603111,康尼机电,27.16,27.4,26.13,26.32,26.13,1.03,3.9418,13.9216,10065300,269152077.0,8021795628.0,1963668000.0
2015-03-20,'603111,康尼机电,26.13,26.38,25.62,26.3,26.33,-0.2,-0.7596,14.6852,10617386,275623530.0,7717581729.0,1889199000.0
2015-03-19,'603111,康尼机电,26.33,26.33,23.74,23.82,23.94,2.39,9.9833,25.3755,18346497,474054732.0,7776652389.0,1903659000.0
2015-03-18,'603111,康尼机电,23.94,23.96,23.31,23.33,23.38,0.56,2.3952,8.4448,6105561,144389520.0,7070758002.0,1730862000.0
2015-03-17,'603111,康尼机电,23.38,24.0,23.2,23.99,23.33,0.05,0.2143,6.0968,4407996,103330450.0,6905360154.0,1690374000.0
2015-03-16,'603111,康尼机电,23.33,23.55,23.0,23.0,22.91,0.42,1.8333,5.8814,4252281,99184614.0,6890592489.0,1686759000.0
2015-03-13,'603111,康尼机电,22.91,23.0,22.61,22.61,22.52,0.39,1.7318,2.158,1560247,35601372.0,6766544103.0,1656393000.0
2015-03-12,'603111,康尼机电,22.52,23.07,22.05,22.85,22.91,-0.39,-1.7023,3.4043,2461318,55719239.0,6651356316.0,1628196000.0
2015-03-11,'603111,康尼机电,22.91,23.23,22.0,23.17,23.18,-0.27,-1.1648,3.5329,2554275,58358838.0,6766544103.0,1656393000.0
2015-03-10,'603111,康尼机电,23.18,23.57,22.9,22.91,22.97,0.21,0.9142,3.1574,2282832,53229570.0,6846289494.0,1675914000.0
2015-03-09,'603111,康尼机电,22.97,23.28,22.6,23.25,23.29,-0.32,-1.374,3.1625,2286491,52308393.0,6784265301.0,1660731000.0
2015-03-06,'603111,康尼机电,23.29,24.18,23.28,23.79,23.69,-0.4,-1.6885,4.1242,2981766,70453170.0,6878778357.0,1683867000.0
2015-03-05,'603111,康尼机电,23.69,23.98,23.13,23.4,23.39,0.3,1.2826,6.3856,4616781,108959257.0,6996919677.0,1712787000.0
2015-03-04,'603111,康尼机电,23.39,23.55,22.81,22.89,22.89,0.5,2.1844,6.0464,4371547,102075976.0,6908313687.0,1691097000.0
2015-03-03,'603111,康尼机电,22.89,23.49,22.27,22.43,22.43,0.46,2.0508,7.5286,5443165,125101704.0,6760637037.0,1654947000.0
2015-03-02,'603111,康尼机电,22.43,22.45,22.14,22.34,22.21,0.22,0.9905,3.451,2495089,55621274.0,6624774519.0,1621689000.0
2015-02-27,'603111,康尼机电,22.21,22.38,22.0,22.12,22.16,0.05,0.2256,2.4479,1769845,39322492.0,6559796793.0,1605783000.0
2015-02-26,'603111,康尼机电,22.16,22.17,21.6,21.89,22.0,0.16,0.7273,2.3354,1688465,37012492.0,6545029128.0,1602168000.0
2015-02-25,'603111,康尼机电,22.0,22.39,21.99,22.3,22.29,-0.29,-1.301,2.0686,1495619,33158490.0,6497772600.0,1590600000.0
2015-02-17,'603111,康尼机电,22.29,22.46,22.2,22.35,22.31,-0.02,-0.0896,2.1245,1535989,34247018.0,6583425057.0,1611567000.0
2015-02-16,'603111,康尼机电,22.31,22.46,22.03,22.2,22.15,0.16,0.7223,2.8417,2054557,45713657.0,6589332123.0,1613013000.0
2015-02-13,'603111,康尼机电,22.15,22.54,22.08,22.46,22.0,0.15,0.6818,5.2165,3771508,83914554.0,6399429595.0,1601445000.0
2015-02-12,'603111,康尼机电,22.0,22.43,21.55,21.68,21.83,0.17,0.7787,4.0946,2960429,65011818.0,6356092600.0,1590600000.0
2015-02-11,'603111,康尼机电,21.83,21.93,20.3,20.7,20.7,1.13,5.4589,3.4139,2468237,52175914.0,6306977339.0,1578309000.0
2015-02-10,'603111,康尼机电,20.7,20.75,20.5,20.68,20.54,0.16,0.779,1.4746,1066161,21950971.0,5980505310.0,1496610000.0
2015-02-09,'603111,康尼机电,20.54,20.93,20.08,20.38,20.66,-0.12,-0.5808,1.6048,1160292,23905205.0,5934279182.0,1485042000.0
2015-02-06,'603111,康尼机电,20.66,21.47,20.0,21.29,21.27,-0.61,-2.8679,2.6474,1914100,40076859.0,5968948778.0,1493718000.0
2015-02-05,'603111,康尼机电,21.27,21.79,21.25,21.76,21.47,-0.2,-0.9315,2.992,2163202,46275430.0,6145185891.0,1537821000.0
2015-02-04,'603111,康尼机电,21.47,21.96,21.4,21.55,21.54,-0.07,-0.325,2.7012,1952956,42223092.0,6202968551.0,1552281000.0
2015-02-03,'603111,康尼机电,21.54,21.69,21.33,21.4,21.31,0.23,1.0793,2.5689,1857303,39873985.0,6223192482.0,1557342000.0
2015-02-02,'603111,康尼机电,21.31,21.9,21.25,21.9,22.1,-0.79,-3.5747,3.3522,2423661,52124297.0,6156742423.0,1540713000.0
2015-01-30,'603111,康尼机电,22.1,22.91,22.08,22.55,22.78,-0.68,-2.9851,3.3032,2388211,53549388.0,6384983930.0,1597830000.0
2015-01-29,'603111,康尼机电,22.78,23.09,22.71,22.74,22.83,-0.05,-0.219,2.7378,1979412,45374086.0,6581444974.0,1646994000.0
2015-01-28,'603111,康尼机电,22.83,23.17,22.68,23.17,23.18,-0.35,-1.5099,3.8132,2756960,62914579.0,6595890639.0,1650609000.0
2015-01-27,'603111,康尼机电,23.18,23.29,22.7,22.81,22.81,0.37,1.6221,5.8031,4195615,96742267.0,6697010294.0,1675914000.0
2015-01-26,'603111,康尼机电,22.81,22.99,22.55,22.67,22.68,0.13,0.5732,2.7601,1995571,45486143.0,6590112373.0,1649163000.0
2015-01-23,'603111,康尼机电,22.68,23.26,22.51,22.96,22.95,-0.27,-1.1765,4.6587,3368207,77139067.0,6552553644.0,1639764000.0
2015-01-22,'603111,康尼机电,22.95,22.96,22.53,22.86,23.05,-0.1,-0.4338,5.1487,3722502,84756416.0,6630560235.0,1659285000.0
2015-01-21,'603111,康尼机电,23.05,23.4,22.59,23.1,23.14,-0.09,-0.3889,8.235,5953893,136522790.0,6659451565.0,1666515000.0
2015-01-20,'603111,康尼机电,23.14,23.2,21.15,21.15,21.1,2.04,9.6682,10.1125,7311338,164340719.0,6685453762.0,1673022000.0
2015-01-19,'603111,康尼机电,21.1,21.96,20.76,21.0,21.69,-0.59,-2.7201,3.694,2670759,57128424.0,6096070630.0,1525530000.0
2015-01-16,'603111,康尼机电,21.69,21.9,21.33,21.57,21.48,0.21,0.9777,3.176,2296231,49769319.0,6266529477.0,1568187000.0
2015-01-15,'603111,康尼机电,21.48,21.79,21.34,21.34,21.34,0.14,0.656,1.6223,1172900,25314407.0,6205857684.0,1553004000.0
2015-01-14,'603111,康尼机电,21.34,21.83,21.32,21.8,21.8,-0.46,-2.1101,1.9837,1434231,30857128.0,6165409822.0,1542882000.0
2015-01-13,'603111,康尼机电,21.8,21.9,21.15,21.17,21.17,0.63,2.9759,2.893,2091653,45159431.0,6298309940.0,1576140000.0
2015-01-12,'603111,康尼机电,21.17,21.6,21.03,21.55,21.73,-0.56,-2.5771,2.8234,2041296,43314654.0,6116294561.0,1530591000.0
2015-01-09,'603111,康尼机电,21.73,22.0,21.51,21.99,22.14,-0.41,-1.8519,4.6077,3331403,72411110.0,6278086009.0,1571079000.0
2015-01-08,'603111,康尼机电,22.14,22.55,22.13,22.55,22.4,-0.26,-1.1607,2.9888,2160869,48109753.0,6396540462.0,1600722000.0
2015-01-07,'603111,康尼机电,22.4,22.75,22.3,22.57,22.79,-0.39,-1.7113,3.4966,2528017,56755783.0,6471657920.0,1619520000.0
2015-01-06,'603111,康尼机电,22.79,22.88,22.23,22.71,22.64,0.15,0.6625,4.3571,3150156,71082007.0,6584334107.0,1647717000.0
2015-01-05,'603111,康尼机电,22.64,23.1,22.5,22.9,23.11,-0.47,-2.0338,5.5272,3996182,90730343.0,6540997112.0,1636872000.0
2014-12-31,'603111,康尼机电,23.11,24.88,23.03,24.8,23.72,-0.61,-2.5717,8.6873,6280883,150004280.0,6676786363.0,1670853000.0
2014-12-30,'603111,康尼机电,23.72,23.76,22.27,22.35,22.42,1.3,5.7984,5.7852,4182685,96158446.0,6853023476.0,1714956000.0
2014-12-29,'603111,康尼机电,22.42,23.37,22.23,23.1,23.4,-0.98,-4.188,5.2025,3761440,84882242.0,6477436186.0,1620966000.0
2014-12-26,'603111,康尼机电,23.4,23.9,23.13,23.56,23.67,-0.27,-1.1407,5.6411,4078494,95511174.0,6760571220.0,1691820000.0
2014-12-25,'603111,康尼机电,23.67,23.75,22.72,22.99,22.62,1.05,4.6419,9.6675,6989634,163544980.0,6838577811.0,1711341000.0
2014-12-24,'603111,康尼机电,22.62,22.9,22.41,22.73,22.28,0.34,1.526,2.9306,2118808,47934692.0,6535218846.0,1635426000.0
2014-12-23,'603111,康尼机电,22.28,23.18,22.0,22.65,22.85,-0.57,-2.4945,4.3907,3174452,71891020.0,6436988324.0,1610844000.0
2014-12-22,'603111,康尼机电,22.85,23.49,22.33,22.69,22.33,0.52,2.3287,8.4286,6093858,139329986.0,6601668905.0,1652055000.0
2014-12-19,'603111,康尼机电,22.33,22.88,21.76,22.81,22.76,-0.43,-1.8893,3.8505,2783932,61982887.0,6451433989.0,1614459000.0
2014-12-18,'603111,康尼机电,22.76,22.94,22.11,22.11,22.02,0.74,3.3606,5.0676,3663860,83267524.0,6575666708.0,1645548000.0
2014-12-17,'603111,康尼机电,22.02,22.55,21.85,22.5,22.59,-0.57,-2.5232,3.978,2876092,63618690.0,6361870866.0,1592046000.0
2014-12-16,'603111,康尼机电,22.59,23.12,22.5,23.1,23.14,-0.55,-2.3768,4.2879,3100123,70406274.0,6526551447.0,1633257000.0
2014-12-15,'603111,康尼机电,23.14,23.28,22.5,23.09,23.12,0.02,0.0865,3.4204,2472915,56947020.0,6685453762.0,1673022000.0
2014-12-12,'603111,康尼机电,23.12,23.17,22.36,22.36,22.4,0.72,3.2143,4.8803,3528439,80748840.0,6679675496.0,1671576000.0
2014-12-11,'603111,康尼机电,22.4,22.49,21.8,21.8,22.23,0.17,0.7647,3.385,2447342,54590239.0,6471657920.0,1619520000.0
2014-12-10,'603111,康尼机电,22.23,22.28,21.5,21.51,21.38,0.85,3.9757,4.5138,3263486,71753579.0,6422542659.0,1607229000.0
2014-12-09,'603111,康尼机电,21.38,23.2,21.07,23.2,23.35,-1.97,-8.4368,10.8501,7844587,174465313.0,6176966354.0,1545774000.0
2014-12-08,'603111,康尼机电,23.35,23.99,22.95,23.58,23.65,-0.3,-1.2685,7.8508,5676134,132831961.0,6746125555.0,1688205000.0
2014-12-05,'603111,康尼机电,23.65,24.56,23.41,24.5,24.56,-0.91,-3.7052,8.747,6324077,150891085.0,6832799545.0,1709895000.0
2014-12-04,'603111,康尼机电,24.56,24.87,24.4,24.42,24.57,-0.01,-0.0407,7.2821,5264992,129490885.0,7095710648.0,1775688000.0
2014-12-03,'603111,康尼机电,24.57,24.93,24.13,24.54,24.5,0.07,0.2857,7.123,5149895,125924336.0,7098599781.0,1776411000.0
2014-12-02,'603111,康尼机电,24.5,25.0,24.05,24.05,24.21,0.29,1.1979,7.193,5200558,128092495.0,7078375850.0,1771350000.0
2014-12-01,'603111,康尼机电,24.21,24.95,24.13,24.95,24.92,-0.71,-2.8491,6.7222,4860137,118585826.0,6994590993.0,1750383000.0
2014-11-28,'603111,康尼机电,24.92,25.3,24.61,25.17,25.17,-0.25,-0.9932,8.047,5817995,144815644.0,7199719436.0,1801716000.0
2014-11-27,'603111,康尼机电,25.17,25.82,24.85,25.49,25.5,-0.33,-1.2941,8.7756,6344730,160301888.0,7271947761.0,1819791000.0
2014-11-26,'603111,康尼机电,25.5,25.86,25.04,25.75,25.62,-0.12,-0.4684,8.562,6190308,157142663.0,7367289150.0,1843650000.0
2014-11-25,'603111,康尼机电,25.62,26.32,24.8,24.95,24.96,0.66,2.6442,13.0263,9418016,242353208.0,7401958746.0,1852326000.0
2014-11-24,'603111,康尼机电,24.96,25.19,24.21,24.66,24.22,0.74,3.0553,8.7083,6296098,156309940.0,7211275968.0,1804608000.0
2014-11-21,'603111,康尼机电,24.22,24.48,24.11,24.13,24.03,0.19,0.7907,4.783,3458103,83951343.0,6997480126.0,1751106000.0
2014-11-20,'603111,康尼机电,24.03,24.46,23.7,23.75,23.89,0.14,0.586,5.0553,3654954,88123164.0,6942586599.0,1737369000.0
2014-11-19,'603111,康尼机电,23.89,24.48,23.78,24.05,24.37,-0.48,-1.9696,6.4975,4697716,112604629.0,6902138737.0,1727247000.0
2014-11-18,'603111,康尼机电,24.37,25.37,24.3,24.47,24.04,0.33,1.3727,7.9247,5729523,141855908.0,7040817121.0,1761951000.0
2014-11-17,'603111,康尼机电,0.0,0.0,0.0,0.0,24.04,None,None,0.0,0,0.0,6945475732.0,1738092000.0
2014-11-14,'603111,康尼机电,24.04,24.94,23.7,24.7,25.1,-1.06,-4.2231,11.1153,8036392,194721226.0,6945475732.0,1738092000.0
2014-11-13,'603111,康尼机电,25.1,26.16,24.7,25.0,25.43,-0.33,-1.2977,13.8031,9979629,254012805.0,7251723830.0,1814730000.0
2014-11-12,'603111,康尼机电,25.43,25.65,23.23,23.55,23.71,1.72,7.2543,13.4515,9725453,239840502.0,7347065219.0,1838589000.0
2014-11-11,'603111,康尼机电,23.71,25.28,23.68,25.21,25.21,-1.5,-5.95,10.8482,7843284,191241363.0,6850134343.0,1714233000.0
2014-11-10,'603111,康尼机电,25.21,25.26,24.68,24.95,25.24,-0.03,-0.1189,8.9815,6493628,162188747.0,7283504293.0,1822683000.0
2014-11-07,'603111,康尼机电,25.24,26.47,24.95,25.8,25.81,-0.57,-2.2084,13.5194,9774523,252434544.0,7292171692.0,1824852000.0
2014-11-06,'603111,康尼机电,25.81,25.98,24.78,24.89,25.09,0.72,2.8697,9.5981,6939428,177257455.0,7456852273.0,1866063000.0
2014-11-05,'603111,康尼机电,25.09,25.5,24.34,25.06,25.23,-0.14,-0.5549,8.0473,5818212,144751263.0,7248834697.0,1814007000.0
2014-11-04,'603111,康尼机电,25.23,26.39,25.12,25.98,25.83,-0.6,-2.3229,11.5459,8347665,215837569.0,7289282559.0,1824129000.0
2014-11-03,'603111,康尼机电,25.83,25.88,25.1,25.11,25.35,0.48,1.8935,9.0135,6516745,165679436.0,7462630539.0,1867509000.0
2014-10-31,'603111,康尼机电,25.35,25.53,24.63,25.52,25.4,-0.05,-0.1969,12.1948,8816836,221046189.0,7323952155.0,1832805000.0
2014-10-30,'603111,康尼机电,25.4,26.26,25.25,25.54,26.04,-0.64,-2.4578,15.2545,11028999,283032569.0,7338397820.0,1836420000.0
2014-10-29,'603111,康尼机电,26.04,26.9,25.18,25.36,25.42,0.62,2.439,25.1127,18156469,471682384.0,7523302332.0,1882692000.0
2014-10-28,'603111,康尼机电,25.42,25.97,23.62,23.9,23.88,1.54,6.4489,21.2187,15341146,379514284.0,7344176086.0,1837866000.0
2014-10-27,'603111,康尼机电,23.88,24.54,22.2,23.43,24.61,-0.73,-2.9663,17.2935,12503236,290984692.0,6899249604.0,1726524000.0
2014-10-24,'603111,康尼机电,24.61,25.44,23.15,23.41,23.13,1.48,6.3986,28.9434,20926052,518729138.0,7110156313.0,1779303000.0
2014-10-23,'603111,康尼机电,23.13,24.15,22.6,23.12,23.49,-0.36,-1.5326,10.5761,7646529,178661865.0,6682564629.0,1672299000.0
2014-10-22,'603111,康尼机电,23.49,23.76,22.83,23.0,23.03,0.46,1.9974,8.5111,6153533,144374391.0,6786573417.0,1698327000.0
2014-10-21,'603111,康尼机电,23.03,23.4,22.91,22.96,23.0,0.03,0.1304,5.5378,4003853,92808755.0,6653673299.0,1665069000.0
2014-10-20,'603111,康尼机电,23.0,23.27,22.77,23.15,23.07,-0.07,-0.3034,5.8173,4205900,96529387.0,6645005900.0,1662900000.0
2014-10-17,'603111,康尼机电,23.07,23.69,22.6,23.4,23.71,-0.64,-2.6993,9.3681,6773144,156326292.0,6665229831.0,1667961000.0
2014-10-16,'603111,康尼机电,23.71,24.96,23.25,23.36,23.61,0.1,0.4235,15.0646,10891740,264676331.0,6850134343.0,1714233000.0
2014-10-15,'603111,康尼机电,23.61,23.85,23.34,23.67,23.85,-0.24,-1.0063,5.0815,3673913,86471664.0,6821243013.0,1707003000.0
2014-10-14,'603111,康尼机电,23.85,24.6,23.61,24.3,24.39,-0.54,-2.214,8.3484,6035906,145008709.0,6890582205.0,1724355000.0
2014-10-13,'603111,康尼机电,24.39,24.6,23.23,23.23,23.49,0.9,3.8314,11.6183,8400010,201591999.0,7046595387.0,1763397000.0
2014-10-10,'603111,康尼机电,23.49,23.85,23.25,23.79,23.93,-0.44,-1.8387,6.9403,5017811,118040651.0,6786573417.0,1698327000.0
2014-10-09,'603111,康尼机电,23.93,23.98,23.47,23.98,23.94,-0.01,-0.0418,8.1065,5860968,138974551.0,6913695269.0,1730139000.0
2014-10-08,'603111,康尼机电,23.94,23.98,22.88,22.88,22.9,1.04,4.5415,10.6749,7717942,182208826.0,6916584402.0,1730862000.0
2014-09-30,'603111,康尼机电,22.9,23.33,22.51,22.71,22.69,0.21,0.9255,8.9348,6459846,147913849.0,6616114570.0,1655670000.0
2014-09-29,'603111,康尼机电,22.69,23.93,22.5,23.3,23.25,-0.56,-2.4086,13.9568,10090740,232836110.0,6555442777.0,1640487000.0
2014-09-26,'603111,康尼机电,23.25,23.8,23.16,23.65,23.65,-0.4,-1.6913,6.7754,4898623,114599709.0,6717234225.0,1680975000.0
2014-09-25,'603111,康尼机电,23.65,23.98,23.11,23.59,23.59,0.06,0.2543,10.8854,7870161,184868023.0,6832799545.0,1709895000.0
2014-09-24,'603111,康尼机电,23.59,23.93,23.2,23.73,23.96,-0.37,-1.5442,9.5933,6935922,162961157.0,6815464747.0,1705557000.0
2014-09-23,'603111,康尼机电,23.96,24.39,23.7,24.0,24.03,-0.07,-0.2913,8.2805,5986822,143079354.0,6922362668.0,1732308000.0
2014-09-22,'603111,康尼机电,24.03,24.44,23.52,23.8,23.77,0.26,1.0938,12.8125,9263471,221532996.0,6942586599.0,1737369000.0
2014-09-19,'603111,康尼机电,23.77,23.99,22.95,23.88,23.8,-0.03,-0.1261,15.526,11225294,262804347.0,6867469141.0,1718571000.0
2014-09-18,'603111,康尼机电,23.8,24.4,22.2,22.52,22.64,1.16,5.1237,20.7833,15026354,353102060.0,6876136540.0,1720740000.0
2014-09-17,'603111,康尼机电,22.64,22.89,21.2,21.23,20.97,1.67,7.9638,20.7787,15022993,334096589.0,6540997112.0,1636872000.0
2014-09-16,'603111,康尼机电,20.97,22.12,20.88,21.9,22.27,-1.3,-5.8374,19.1465,13842911,296929732.0,6058511901.0,1516131000.0
2014-09-15,'603111,康尼机电,22.27,23.15,22.14,22.14,22.09,0.18,0.8148,18.5227,13391892,302132841.0,6434099191.0,1610121000.0
2014-09-12,'603111,康尼机电,22.09,22.76,21.8,22.15,22.2,-0.11,-0.4955,22.2089,16057026,356983105.0,6382094797.0,1597107000.0
2014-09-11,'603111,康尼机电,22.2,22.2,20.05,20.25,20.18,2.02,10.0099,26.147,18904289,404417326.0,6413875260.0,1605060000.0
2014-09-10,'603111,康尼机电,20.18,20.43,19.1,19.25,19.39,0.79,4.0743,17.7185,12810467,256557609.0,5830270394.0,1459014000.0
2014-09-09,'603111,康尼机电,19.39,19.65,18.92,19.2,19.16,0.23,1.2004,12.0883,8739861,168813276.0,5602028887.0,1401897000.0
2014-09-05,'603111,康尼机电,19.16,19.55,18.87,19.46,19.69,-0.53,-2.6917,20.8641,15084780,289057782.0,5535578828.0,1385268000.0
2014-09-04,'603111,康尼机电,19.69,20.11,18.3,18.35,18.28,1.41,7.7133,31.0661,22460761,438763246.0,5688702877.0,1423587000.0
2014-09-03,'603111,康尼机电,18.28,18.58,18.15,18.27,18.25,0.03,0.1644,11.9181,8616770,157750180.0,5281335124.0,1321644000.0
2014-09-02,'603111,康尼机电,18.25,18.49,17.93,18.18,18.07,0.18,0.9961,16.6845,12062860,219679874.0,5272667725.0,1319475000.0
2014-09-01,'603111,康尼机电,18.07,18.17,17.27,17.27,17.34,0.73,4.2099,13.6467,9866553,176029355.0,5220663331.0,1306461000.0
2014-08-29,'603111,康尼机电,17.34,17.52,16.98,16.98,16.95,0.39,2.3009,7.8543,5678680,98208538.0,5009756622.0,1253682000.0
2014-08-28,'603111,康尼机电,16.95,17.29,16.92,17.18,17.24,-0.29,-1.6821,8.4362,6099362,103902485.0,4897080435.0,1225485000.0
2014-08-27,'603111,康尼机电,17.24,17.34,17.1,17.15,17.09,0.15,0.8777,6.7469,4877996,84054751.0,4980865292.0,1246452000.0
2014-08-26,'603111,康尼机电,17.09,17.65,17.0,17.46,17.73,-0.64,-3.6097,16.6869,12064615,207754460.0,4937528297.0,1235607000.0
2014-08-25,'603111,康尼机电,17.73,18.2,17.6,17.73,17.73,0.0,0.0,17.5648,12699368,227148196.0,5122432809.0,1281879000.0
2014-08-22,'603111,康尼机电,17.73,18.38,17.53,18.25,18.69,-0.96,-5.1364,28.9839,20955345,372423850.0,5122432809.0,1281879000.0
2014-08-21,'603111,康尼机电,18.69,20.38,18.6,20.1,19.62,-0.93,-4.7401,43.0917,31155309,603194974.0,5399789577.0,1351287000.0
2014-08-20,'603111,康尼机电,19.62,19.62,17.49,17.62,17.84,1.78,9.9776,37.3036,26970528,502268815.0,5668478946.0,1418526000.0
2014-08-19,'603111,康尼机电,17.84,18.25,17.2,17.28,17.4,0.44,2.5287,33.0073,23864271,425279235.0,5154213272.0,1289832000.0
2014-08-18,'603111,康尼机电,17.4,17.55,17.09,17.23,17.26,0.14,0.8111,23.4421,16948650,293593850.0,5027091420.0,1258020000.0
2014-08-15,'603111,康尼机电,17.26,17.35,16.82,16.88,17.09,0.17,0.9947,20.8031,15040646,257264231.0,4986643558.0,1247898000.0
2014-08-14,'603111,康尼机电,17.09,18.1,16.92,17.65,18.04,-0.95,-5.2661,40.8051,29502106,514286023.0,4937528297.0,1235607000.0
2014-08-13,'603111,康尼机电,18.04,18.85,16.83,17.33,17.78,0.26,1.4623,62.542,45217848,800903673.0,5211995932.0,1304292000.0
2014-08-12,'603111,康尼机电,17.78,19.33,17.63,19.33,17.57,0.21,1.1952,43.2349,31258807,577963309.0,5136878474.0,1285494000.0
2014-08-11,'603111,康尼机电,17.57,17.57,17.57,17.57,15.97,1.6,10.0188,1.0777,779152,13689701.0,5076206681.0,1270311000.0
2014-08-08,'603111,康尼机电,15.97,15.97,15.97,15.97,14.52,1.45,9.9862,0.7312,528647,8442493.0,4613945401.0,1154631000.0
2014-08-07,'603111,康尼机电,14.52,14.52,14.52,14.52,13.2,1.32,10.0,0.3875,280150,4067778.0,4195021116.0,1049796000.0
2014-08-06,'603111,康尼机电,13.2,13.2,13.2,13.2,12.0,1.2,10.0,0.2126,153688,2028682.0,3813655560.0,954360000.0
2014-08-05,'603111,康尼机电,12.0,12.0,12.0,12.0,10.91,1.09,9.9908,0.1098,79400,952800.0,3466959600.0,867600000.0
2014-08-04,'603111,康尼机电,10.91,10.91,10.91,10.91,9.92,0.99,9.9798,0.1142,82550,900621.0,3152044103.0,788793000.0
2014-08-01,'603111,N康尼,9.92,9.92,8.27,8.27,6.89,3.03,43.9768,0.2595,187600,1860827.0,2866019936.0,717216000.0
