日期,股票代码,名称,收盘价,最高价,最低价,开盘价,前收盘,涨跌额,涨跌幅,换手率,成交量,成交金额,总市值,流通市值
2019-03-15,'600814,杭州解百,5.92,5.99,5.75,5.79,5.75,0.17,2.9565,0.7421,5305976,31268496.0,4232958407.36,4232958407.36
2019-03-14,'600814,杭州解百,5.75,5.97,5.69,5.88,5.92,-0.17,-2.8716,0.7115,5087201,29447627.0,4111403858.5,4111403858.5
2019-03-13,'600814,杭州解百,5.92,6.09,5.9,6.06,6.09,-0.17,-2.7915,0.8742,6250635,37509268.0,4232958407.36,4232958407.36
2019-03-12,'600814,杭州解百,6.09,6.15,5.93,6.0,5.95,0.14,2.3529,1.0442,7466507,45108073.0,4354512956.22,4354512956.22
2019-03-11,'600814,杭州解百,5.95,5.96,5.74,5.76,5.73,0.22,3.8394,0.7017,5017066,29395296.0,4254409210.1,4254409210.1
2019-03-08,'600814,杭州解百,5.73,6.03,5.71,6.0,6.1,-0.37,-6.0656,1.0664,7624871,44967228.0,4097103323.34,4097103323.34
2019-03-07,'600814,杭州解百,6.1,6.16,5.96,6.03,6.05,0.05,0.8264,0.9454,6759695,41027790.0,4361663223.8,4361663223.8
2019-03-06,'600814,杭州解百,6.05,6.07,5.92,6.0,5.95,0.1,1.6807,1.0853,7760452,46473343.0,4325911885.9,4325911885.9
2019-03-05,'600814,杭州解百,5.95,5.96,5.81,5.84,5.84,0.11,1.8836,0.786,5619935,33129793.0,4254409210.1,4254409210.1
2019-03-04,'600814,杭州解百,5.84,5.98,5.83,5.86,5.83,0.01,0.1715,0.7459,5333060,31406412.0,4175756266.72,4175756266.72
2019-03-01,'600814,杭州解百,5.83,5.85,5.75,5.82,5.82,0.01,0.1718,0.4119,2945129,17080754.0,4168605999.14,4168605999.14
2019-02-28,'600814,杭州解百,5.82,5.85,5.75,5.8,5.76,0.06,1.0417,0.471,3367720,19524494.0,4161455731.56,4161455731.56
2019-02-27,'600814,杭州解百,5.76,5.85,5.69,5.76,5.76,0.0,0.0,0.7554,5401606,31216411.0,4118554126.08,4118554126.08
2019-02-26,'600814,杭州解百,5.76,5.91,5.69,5.83,5.73,0.03,0.5236,1.1881,8495467,49286332.0,4118554126.08,4118554126.08
2019-02-25,'600814,杭州解百,5.73,5.75,5.49,5.52,5.5,0.23,4.1818,1.022,7307441,41128487.0,4097103323.34,4097103323.34
2019-02-22,'600814,杭州解百,5.5,5.5,5.38,5.4,5.41,0.09,1.6636,0.5129,3667657,19966094.0,3932647169.0,3932647169.0
2019-02-21,'600814,杭州解百,5.41,5.55,5.41,5.48,5.46,-0.05,-0.9158,0.5597,4002247,21942202.0,3868294760.78,3868294760.78
2019-02-20,'600814,杭州解百,5.46,5.49,5.42,5.45,5.47,-0.01,-0.1828,0.3033,2168710,11839827.0,3904046098.68,3904046098.68
2019-02-19,'600814,杭州解百,5.47,5.55,5.44,5.52,5.51,-0.04,-0.726,0.4629,3309630,18180639.0,3911196366.26,3911196366.26
2019-02-18,'600814,杭州解百,5.51,5.52,5.41,5.45,5.4,0.11,2.037,0.611,4368582,23909672.0,3939797436.58,3939797436.58
2019-02-15,'600814,杭州解百,5.4,5.56,5.35,5.43,5.4,0.0,0.0,0.5029,3595730,19584550.0,3861144493.2,3861144493.2
2019-02-14,'600814,杭州解百,5.4,5.45,5.37,5.39,5.43,-0.03,-0.5525,0.3514,2512799,13583368.0,3861144493.2,3861144493.2
2019-02-13,'600814,杭州解百,5.43,5.43,5.3,5.36,5.34,0.09,1.6854,0.4939,3531333,18968570.0,3882595295.94,3882595295.94
2019-02-12,'600814,杭州解百,5.34,5.35,5.25,5.28,5.29,0.05,0.9452,0.321,2294941,12181165.0,3818242887.72,3818242887.72
2019-02-11,'600814,杭州解百,5.29,5.34,5.19,5.21,5.21,0.08,1.5355,0.3964,2834669,14908263.0,3782491549.82,3782491549.82
2019-02-01,'600814,杭州解百,5.21,5.3,5.08,5.08,5.08,0.13,2.5591,0.3756,2685631,13910849.0,3725289409.18,3725289409.18
2019-01-31,'600814,杭州解百,5.08,5.28,5.03,5.28,5.28,-0.2,-3.7879,0.844,6034641,30984078.0,3632335930.64,3632335930.64
2019-01-30,'600814,杭州解百,5.28,5.64,5.19,5.6,5.77,-0.49,-8.4922,1.4993,10720143,57371549.0,3775341282.24,3775341282.24
2019-01-29,'600814,杭州解百,5.77,5.9,5.4,5.5,5.61,0.16,2.852,2.173,15537512,88652781.0,4125704393.66,4125704393.66
2019-01-28,'600814,杭州解百,5.61,5.77,5.18,5.3,5.32,0.29,5.4511,1.5173,10848965,59791421.0,4011300112.38,4011300112.38
2019-01-25,'600814,杭州解百,5.32,5.54,5.28,5.33,5.3,0.02,0.3774,0.6784,4850711,26348281.0,3803942352.56,3803942352.56
2019-01-24,'600814,杭州解百,5.3,5.33,5.2,5.23,5.23,0.07,1.3384,0.2277,1628120,8595349.0,3789641817.4,3789641817.4
2019-01-23,'600814,杭州解百,5.23,5.23,5.19,5.19,5.22,0.01,0.1916,0.144,1029400,5359922.0,3739589944.34,3739589944.34
2019-01-22,'600814,杭州解百,5.22,5.29,5.2,5.29,5.29,-0.07,-1.3233,0.1163,831600,4355990.0,3732439676.76,3732439676.76
2019-01-21,'600814,杭州解百,5.29,5.29,5.24,5.26,5.26,0.03,0.5703,0.2054,1468362,7743170.0,3782491549.82,3782491549.82
2019-01-18,'600814,杭州解百,5.26,5.27,5.16,5.23,5.24,0.02,0.3817,0.2629,1879560,9805003.0,3761040747.08,3761040747.08
2019-01-17,'600814,杭州解百,5.24,5.3,5.19,5.29,5.32,-0.08,-1.5038,0.2452,1753102,9181927.0,3746740211.92,3746740211.92
2019-01-16,'600814,杭州解百,5.32,5.47,5.26,5.28,5.29,0.03,0.5671,0.4668,3337758,17901475.0,3803942352.56,3803942352.56
2019-01-15,'600814,杭州解百,5.29,5.29,5.19,5.2,5.22,0.07,1.341,0.2003,1432401,7531746.0,3782491549.82,3782491549.82
2019-01-14,'600814,杭州解百,5.22,5.28,5.2,5.28,5.28,-0.06,-1.1364,0.1588,1135373,5955401.0,3732439676.76,3732439676.76
2019-01-11,'600814,杭州解百,5.28,5.28,5.23,5.23,5.27,0.01,0.1898,0.1924,1375501,7240337.0,3775341282.24,3775341282.24
2019-01-10,'600814,杭州解百,5.27,5.3,5.17,5.21,5.19,0.08,1.5414,0.2523,1804154,9457728.0,3768191014.66,3768191014.66
2019-01-09,'600814,杭州解百,5.19,5.3,5.18,5.26,5.23,-0.04,-0.7648,0.3978,2844159,14916315.0,3710988874.02,3710988874.02
2019-01-08,'600814,杭州解百,5.23,5.32,5.21,5.28,5.25,-0.02,-0.381,0.2916,2085276,10961972.0,3739589944.34,3739589944.34
2019-01-07,'600814,杭州解百,5.25,5.26,5.12,5.17,5.15,0.1,1.9417,0.2539,1815220,9468478.0,3753890479.5,3753890479.5
2019-01-04,'600814,杭州解百,5.15,5.19,5.0,5.04,5.05,0.1,1.9802,0.1545,1105000,5649772.0,3682387803.7,3682387803.7
2019-01-03,'600814,杭州解百,5.05,5.1,4.98,5.04,5.04,0.01,0.1984,0.113,807900,4084094.0,3610885127.9,3610885127.9
2019-01-02,'600814,杭州解百,5.04,5.08,5.01,5.07,5.08,-0.04,-0.7874,0.1183,845717,4263091.0,3603734860.32,3603734860.32
2018-12-28,'600814,杭州解百,5.08,5.1,5.04,5.07,5.07,0.01,0.1972,0.1306,933600,4734399.0,3632335930.64,3632335930.64
2018-12-27,'600814,杭州解百,5.07,5.28,5.04,5.28,5.17,-0.1,-1.9342,0.2236,1599000,8248003.0,3625185663.06,3625185663.06
2018-12-26,'600814,杭州解百,5.17,5.26,5.14,5.2,5.17,0.0,0.0,0.2479,1772660,9208304.0,3696688338.86,3696688338.86
2018-12-25,'600814,杭州解百,5.17,5.26,5.03,5.24,5.25,-0.08,-1.5238,0.3234,2312053,11869205.0,3696688338.86,3696688338.86
2018-12-24,'600814,杭州解百,5.25,5.58,5.05,5.12,5.12,0.13,2.5391,0.3597,2572053,13448775.0,3753890479.5,3753890479.5
2018-12-21,'600814,杭州解百,5.12,5.13,4.98,5.07,5.09,0.03,0.5894,0.192,1372620,6952519.0,3660937000.96,3660937000.96
2018-12-20,'600814,杭州解百,5.09,5.11,4.96,4.96,4.99,0.1,2.004,0.2033,1453659,7354629.0,3639486198.22,3639486198.22
2018-12-19,'600814,杭州解百,4.99,5.14,4.95,5.1,5.09,-0.1,-1.9646,0.1834,1311201,6608751.0,3567983522.42,3567983522.42
2018-12-18,'600814,杭州解百,5.09,5.13,5.04,5.09,5.13,-0.04,-0.7797,0.1252,894907,4550636.0,3639486198.22,3639486198.22
2018-12-17,'600814,杭州解百,5.13,5.17,5.03,5.08,5.07,0.06,1.1834,0.1613,1153400,5883183.0,3668087268.54,3668087268.54
2018-12-14,'600814,杭州解百,5.07,5.26,5.02,5.26,5.25,-0.18,-3.4286,0.2478,1772179,9120766.0,3625185663.06,3625185663.06
2018-12-13,'600814,杭州解百,5.25,5.31,5.19,5.31,5.27,-0.02,-0.3795,0.2208,1579059,8297217.0,3753890479.5,3753890479.5
2018-12-12,'600814,杭州解百,5.27,5.34,5.26,5.34,5.3,-0.03,-0.566,0.1375,983226,5196336.0,3768191014.66,3768191014.66
2018-12-11,'600814,杭州解百,5.3,5.37,5.27,5.32,5.29,0.01,0.189,0.1592,1138103,6028541.0,3789641817.4,3789641817.4
2018-12-10,'600814,杭州解百,5.29,5.37,5.2,5.32,5.36,-0.07,-1.306,0.2446,1748900,9216930.0,3782491549.82,3782491549.82
2018-12-07,'600814,杭州解百,5.36,5.43,5.27,5.3,5.27,0.09,1.7078,0.2774,1983280,10619658.0,3832543422.88,3832543422.88
2018-12-06,'600814,杭州解百,5.27,5.4,5.26,5.34,5.38,-0.11,-2.0446,0.2401,1716930,9107452.0,3768191014.66,3768191014.66
2018-12-05,'600814,杭州解百,5.38,5.46,5.31,5.46,5.46,-0.08,-1.4652,0.2991,2138455,11482834.0,3846843958.04,3846843958.04
2018-12-04,'600814,杭州解百,5.46,5.51,5.36,5.45,5.51,-0.05,-0.9074,0.3832,2739783,14892151.0,3904046098.68,3904046098.68
2018-12-03,'600814,杭州解百,5.51,5.63,5.4,5.4,5.38,0.13,2.4164,0.7433,5314760,29263272.0,3939797436.58,3939797436.58
2018-11-30,'600814,杭州解百,5.38,5.38,5.15,5.15,5.12,0.26,5.0781,0.5861,4190415,22262977.0,3846843958.04,3846843958.04
2018-11-29,'600814,杭州解百,5.12,5.35,5.12,5.3,5.26,-0.14,-2.6616,0.3014,2155418,11336809.0,3660937000.96,3660937000.96
2018-11-28,'600814,杭州解百,5.26,5.28,5.15,5.23,5.23,0.03,0.5736,0.1833,1310300,6847352.0,3761040747.08,3761040747.08
2018-11-27,'600814,杭州解百,5.23,5.28,5.16,5.21,5.15,0.08,1.5534,0.2699,1929759,10087402.0,3739589944.34,3739589944.34
2018-11-26,'600814,杭州解百,5.15,5.25,5.11,5.21,5.18,-0.03,-0.5792,0.2251,1609800,8358714.0,3682387803.7,3682387803.7
2018-11-23,'600814,杭州解百,5.18,5.46,5.17,5.46,5.46,-0.28,-5.1282,0.372,2660059,13990740.0,3703838606.44,3703838606.44
2018-11-22,'600814,杭州解百,5.46,5.48,5.35,5.42,5.39,0.07,1.2987,0.28,2001960,10856977.0,3904046098.68,3904046098.68
2018-11-21,'600814,杭州解百,5.39,5.45,5.24,5.3,5.36,0.03,0.5597,0.2655,1898303,10166241.0,3853994225.62,3853994225.62
2018-11-20,'600814,杭州解百,5.36,5.57,5.31,5.52,5.55,-0.19,-3.4234,0.2906,2078200,11281861.0,3832543422.88,3832543422.88
2018-11-19,'600814,杭州解百,5.55,5.55,5.45,5.54,5.49,0.06,1.0929,0.2891,2067292,11367189.0,3968398506.9,3968398506.9
2018-11-16,'600814,杭州解百,5.49,5.53,5.4,5.4,5.39,0.1,1.8553,0.3366,2407130,13186937.0,3925496901.42,3925496901.42
2018-11-15,'600814,杭州解百,5.39,5.43,5.31,5.31,5.31,0.08,1.5066,0.3391,2424957,13060235.0,3853994225.62,3853994225.62
2018-11-14,'600814,杭州解百,5.31,5.39,5.29,5.33,5.31,0.0,0.0,0.3775,2699131,14430981.0,3796792084.98,3796792084.98
2018-11-13,'600814,杭州解百,5.31,5.36,5.17,5.17,5.24,0.07,1.3359,0.3892,2783201,14688306.0,3796792084.98,3796792084.98
2018-11-12,'600814,杭州解百,5.24,5.37,5.07,5.07,5.08,0.16,3.1496,0.3995,2856268,14862171.0,3746740211.92,3746740211.92
2018-11-09,'600814,杭州解百,5.08,5.17,5.04,5.11,5.11,-0.03,-0.5871,0.1724,1232700,6298362.0,3632335930.64,3632335930.64
2018-11-08,'600814,杭州解百,5.11,5.18,5.1,5.14,5.1,0.01,0.1961,0.2358,1685959,8666097.0,3653786733.38,3653786733.38
2018-11-07,'600814,杭州解百,5.1,5.17,5.06,5.1,5.11,-0.01,-0.1957,0.2371,1695600,8672068.0,3646636465.8,3646636465.8
2018-11-06,'600814,杭州解百,5.11,5.12,5.01,5.06,5.07,0.04,0.789,0.2617,1871424,9469922.0,3653786733.38,3653786733.38
2018-11-05,'600814,杭州解百,5.07,5.13,5.0,5.11,5.06,0.01,0.1976,0.2748,1965042,9943342.0,3625185663.06,3625185663.06
2018-11-02,'600814,杭州解百,5.06,5.06,4.95,4.98,4.93,0.13,2.6369,0.3244,2319805,11612752.0,3618035395.48,3618035395.48
2018-11-01,'600814,杭州解百,4.93,5.01,4.91,4.96,4.92,0.01,0.2033,0.2426,1734595,8607215.0,3525081916.94,3525081916.94
2018-10-31,'600814,杭州解百,4.92,5.0,4.86,4.89,4.88,0.04,0.8197,0.2089,1493543,7376650.0,3517931649.36,3517931649.36
2018-10-30,'600814,杭州解百,4.88,4.88,4.74,4.8,4.8,0.08,1.6667,0.1913,1367814,6599026.0,3489330579.04,3489330579.04
2018-10-29,'600814,杭州解百,4.8,4.91,4.77,4.89,4.95,-0.15,-3.0303,0.2081,1488100,7219185.0,3432128438.4,3432128438.4
2018-10-26,'600814,杭州解百,4.95,5.07,4.9,4.97,4.96,-0.01,-0.2016,0.3513,2512039,12445191.0,3539382452.1,3539382452.1
2018-10-25,'600814,杭州解百,4.96,5.03,4.84,4.89,5.09,-0.13,-2.554,0.3321,2374708,11731349.0,3546532719.68,3546532719.68
2018-10-24,'600814,杭州解百,5.09,5.18,4.83,4.85,4.85,0.24,4.9485,0.2936,2099293,10376960.0,3639486198.22,3639486198.22
2018-10-23,'600814,杭州解百,4.85,5.02,4.83,4.94,4.95,-0.1,-2.0202,0.1963,1403300,6890354.0,3467879776.3,3467879776.3
2018-10-22,'600814,杭州解百,4.95,4.98,4.76,4.76,4.72,0.23,4.8729,0.3195,2284372,11168590.0,3539382452.1,3539382452.1
2018-10-19,'600814,杭州解百,4.72,4.74,4.53,4.61,4.64,0.08,1.7241,0.2063,1474981,6878588.0,3374926297.76,3374926297.76
2018-10-18,'600814,杭州解百,4.64,4.73,4.63,4.73,4.76,-0.12,-2.521,0.1828,1306986,6084806.0,3317724157.12,3317724157.12
2018-10-17,'600814,杭州解百,4.76,4.8,4.65,4.79,4.7,0.06,1.2766,0.1714,1225674,5797205.0,3403527368.08,3403527368.08
2018-10-16,'600814,杭州解百,4.7,4.87,4.62,4.83,4.83,-0.13,-2.6915,0.1771,1266523,6021165.0,3360625762.6,3360625762.6
2018-10-15,'600814,杭州解百,4.83,4.97,4.83,4.91,4.9,-0.07,-1.4286,0.1571,1123398,5504174.0,3453579241.14,3453579241.14
2018-10-12,'600814,杭州解百,4.9,5.01,4.75,5.0,4.99,-0.09,-1.8036,0.203,1451276,7129789.0,3503631114.2,3503631114.2
2018-10-11,'600814,杭州解百,4.99,5.42,4.99,5.35,5.54,-0.55,-9.9278,0.497,3553906,18306758.0,3567983522.42,3567983522.42
2018-10-10,'600814,杭州解百,5.54,5.59,5.48,5.59,5.58,-0.04,-0.7168,0.2239,1601210,8867940.0,3961248239.32,3961248239.32
2018-10-09,'600814,杭州解百,5.58,5.66,5.55,5.59,5.59,-0.01,-0.1789,0.1523,1088700,6073597.0,3989849309.64,3989849309.64
2018-10-08,'600814,杭州解百,5.59,5.69,5.56,5.62,5.73,-0.14,-2.4433,0.171,1222890,6889116.0,3996999577.22,3996999577.22
2018-09-28,'600814,杭州解百,5.73,5.78,5.69,5.7,5.7,0.03,0.5263,0.1606,1148013,6575896.0,4097103323.34,4097103323.34
2018-09-27,'600814,杭州解百,5.7,5.82,5.7,5.82,5.82,-0.12,-2.0619,0.189,1351279,7768135.0,4075652520.6,4075652520.6
2018-09-26,'600814,杭州解百,5.82,5.87,5.78,5.8,5.81,0.01,0.1721,0.1509,1079100,6282139.0,4161455731.56,4161455731.56
2018-09-25,'600814,杭州解百,5.81,5.84,5.77,5.83,5.87,-0.06,-1.0221,0.1741,1245100,7231358.0,4154305463.98,4154305463.98
2018-09-21,'600814,杭州解百,5.87,5.9,5.77,5.77,5.76,0.11,1.9097,0.2681,1916682,11226390.0,4197207069.46,4197207069.46
2018-09-20,'600814,杭州解百,5.76,5.81,5.74,5.78,5.78,-0.02,-0.346,0.1162,830800,4794945.0,4118554126.08,4118554126.08
2018-09-19,'600814,杭州解百,5.78,5.83,5.71,5.76,5.75,0.03,0.5217,0.139,993668,5747473.0,4132854661.24,4132854661.24
2018-09-18,'600814,杭州解百,5.75,5.75,5.6,5.6,5.64,0.11,1.9504,0.1248,892053,5067759.0,4111403858.5,4111403858.5
2018-09-17,'600814,杭州解百,5.64,5.72,5.61,5.71,5.71,-0.07,-1.2259,0.13,929300,5247824.0,4032750915.12,4032750915.12
2018-09-14,'600814,杭州解百,5.71,5.84,5.7,5.84,5.81,-0.1,-1.7212,0.1177,841500,4864649.0,4082802788.18,4082802788.18
2018-09-13,'600814,杭州解百,5.81,5.85,5.74,5.84,5.77,0.04,0.6932,0.0992,709310,4110398.0,4154305463.98,4154305463.98
2018-09-12,'600814,杭州解百,5.77,5.81,5.74,5.81,5.75,0.02,0.3478,0.1051,751705,4343783.0,4125704393.66,4125704393.66
2018-09-11,'600814,杭州解百,5.75,5.82,5.74,5.78,5.78,-0.03,-0.519,0.1258,899705,5196280.0,4111403858.5,4111403858.5
2018-09-10,'600814,杭州解百,5.78,5.9,5.77,5.79,5.86,-0.08,-1.3652,0.1059,756899,4416351.0,4132854661.24,4132854661.24
2018-09-07,'600814,杭州解百,5.86,5.94,5.84,5.87,5.86,0.0,0.0,0.0978,699000,4116720.0,4190056801.88,4190056801.88
2018-09-06,'600814,杭州解百,5.86,5.95,5.81,5.87,5.85,0.01,0.1709,0.1321,944300,5558870.0,4190056801.88,4190056801.88
2018-09-05,'600814,杭州解百,5.85,6.0,5.85,5.95,5.96,-0.11,-1.8456,0.1359,971949,5759465.0,4182906534.3,4182906534.3
2018-09-04,'600814,杭州解百,5.96,5.98,5.86,5.86,5.9,0.06,1.0169,0.1767,1263158,7501596.0,4261559477.68,4261559477.68
2018-09-03,'600814,杭州解百,5.9,5.97,5.84,5.88,5.88,0.02,0.3401,0.1653,1182290,6986087.0,4218657872.2,4218657872.2
2018-08-31,'600814,杭州解百,5.88,5.92,5.86,5.89,5.89,-0.01,-0.1698,0.1134,810900,4774387.0,4204357337.04,4204357337.04
2018-08-30,'600814,杭州解百,5.89,5.99,5.89,5.92,5.92,-0.03,-0.5068,0.1584,1132335,6726581.0,4211507604.62,4211507604.62
2018-08-29,'600814,杭州解百,5.92,5.97,5.9,5.91,5.94,-0.02,-0.3367,0.1208,863883,5120260.0,4232958407.36,4232958407.36
2018-08-28,'600814,杭州解百,5.94,5.98,5.87,5.92,5.93,0.01,0.1686,0.1615,1154969,6852507.0,4247258942.52,4247258942.52
2018-08-27,'600814,杭州解百,5.93,5.98,5.82,5.82,5.82,0.11,1.89,0.226,1615857,9549834.0,4240108674.94,4240108674.94
2018-08-24,'600814,杭州解百,5.82,5.87,5.76,5.8,5.78,0.04,0.692,0.1138,814033,4736178.0,4161455731.56,4161455731.56
2018-08-23,'600814,杭州解百,5.78,5.84,5.74,5.75,5.77,0.01,0.1733,0.1656,1184425,6853073.0,4132854661.24,4132854661.24
2018-08-22,'600814,杭州解百,5.77,5.88,5.74,5.83,5.83,-0.06,-1.0292,0.2378,1700480,9884353.0,4125704393.66,4125704393.66
2018-08-21,'600814,杭州解百,5.83,5.94,5.82,5.83,5.83,0.0,0.0,0.284,2030981,11926829.0,4168605999.14,4168605999.14
2018-08-20,'600814,杭州解百,5.83,5.89,5.68,5.84,5.85,-0.02,-0.3419,0.2002,1431821,8275269.0,4168605999.14,4168605999.14
2018-08-17,'600814,杭州解百,5.85,6.02,5.81,6.02,5.96,-0.11,-1.8456,0.2823,2018860,11908067.0,4182906534.3,4182906534.3
2018-08-16,'600814,杭州解百,5.96,6.12,5.95,6.02,6.09,-0.13,-2.1346,0.3887,2779664,16753849.0,4261559477.68,4261559477.68
2018-08-15,'600814,杭州解百,6.09,6.24,6.06,6.22,6.22,-0.13,-2.09,0.2347,1678204,10268395.0,4354512956.22,4354512956.22
2018-08-14,'600814,杭州解百,6.22,6.28,6.14,6.14,6.21,0.01,0.161,0.2067,1478298,9173273.0,4447466434.76,4447466434.76
2018-08-13,'600814,杭州解百,6.21,6.25,6.11,6.21,6.35,-0.14,-2.2047,0.3356,2399679,14817415.0,4440316167.18,4440316167.18
2018-08-10,'600814,杭州解百,6.35,6.41,6.26,6.4,6.43,-0.08,-1.2442,0.3799,2716300,17161055.0,4540419913.3,4540419913.3
2018-08-09,'600814,杭州解百,6.43,6.65,6.19,6.25,6.25,0.18,2.88,0.5203,3720447,23725944.0,4597622053.94,4597622053.94
2018-08-08,'600814,杭州解百,6.25,6.31,6.13,6.19,6.19,0.06,0.9693,0.2428,1735851,10869030.0,4468917237.5,4468917237.5
2018-08-07,'600814,杭州解百,6.19,6.2,5.99,5.99,6.05,0.14,2.314,0.2172,1553330,9559691.0,4426015632.02,4426015632.02
2018-08-06,'600814,杭州解百,6.05,6.22,5.97,6.22,6.18,-0.13,-2.1036,0.2647,1892816,11503224.0,4325911885.9,4325911885.9
2018-08-03,'600814,杭州解百,6.18,6.25,6.12,6.15,6.12,0.06,0.9804,0.2158,1542887,9556650.0,4418865364.44,4418865364.44
2018-08-02,'600814,杭州解百,6.12,6.36,6.0,6.23,6.29,-0.17,-2.7027,0.3921,2803544,17219099.0,4375963758.96,4375963758.96
2018-08-01,'600814,杭州解百,6.29,6.49,6.28,6.43,6.4,-0.11,-1.7188,0.2042,1460290,9318365.0,4497518307.82,4497518307.82
2018-07-31,'600814,杭州解百,6.4,6.44,6.32,6.38,6.38,0.02,0.3135,0.1193,853215,5448587.0,4576171251.2,4576171251.2
2018-07-30,'600814,杭州解百,6.38,6.59,6.32,6.59,6.53,-0.15,-2.2971,0.2788,1993288,12836873.0,4561870716.04,4561870716.04
2018-07-27,'600814,杭州解百,6.53,6.6,6.4,6.41,6.42,0.11,1.7134,0.3614,2583916,16810327.0,4669124729.74,4669124729.74
2018-07-26,'600814,杭州解百,6.42,6.65,6.41,6.42,6.41,0.01,0.156,0.5018,3587749,23310288.0,4590471786.36,4590471786.36
2018-07-25,'600814,杭州解百,6.41,6.47,6.36,6.44,6.44,-0.03,-0.4658,0.2493,1782400,11425049.0,4583321518.78,4583321518.78
2018-07-24,'600814,杭州解百,6.44,6.51,6.3,6.3,6.37,0.07,1.0989,0.2889,2065835,13257402.0,4604772321.52,4604772321.52
2018-07-23,'600814,XD杭州解,6.37,6.4,6.28,6.37,6.37,0.0,0.0,0.2557,1828210,11588605.0,4554720448.46,4554720448.46
2018-07-20,'600814,杭州解百,6.45,6.47,6.24,6.25,6.27,0.18,2.8708,0.404,2888762,18443468.0,4611922589.1,4611922589.1
2018-07-19,'600814,杭州解百,6.27,6.31,6.2,6.24,6.23,0.04,0.6421,0.2251,1609405,10074776.0,4483217772.66,4483217772.66
2018-07-18,'600814,杭州解百,6.23,6.39,6.13,6.14,6.15,0.08,1.3008,0.3982,2847498,17882404.0,4454616702.34,4454616702.34
2018-07-17,'600814,杭州解百,6.15,6.18,6.07,6.07,6.14,0.01,0.1629,0.131,936510,5731878.0,4397414561.7,4397414561.7
2018-07-16,'600814,杭州解百,6.14,6.15,6.06,6.11,6.11,0.03,0.491,0.1196,854866,5211789.0,4390264294.12,4390264294.12
2018-07-13,'600814,杭州解百,6.11,6.14,6.06,6.06,6.09,0.02,0.3284,0.1254,896412,5465914.0,4368813491.38,4368813491.38
2018-07-12,'600814,杭州解百,6.09,6.12,5.97,6.0,5.98,0.11,1.8395,0.2522,1803652,10977230.0,4354512956.22,4354512956.22
2018-07-11,'600814,杭州解百,5.98,6.04,5.85,5.96,6.06,-0.08,-1.3201,0.2265,1619854,9641582.0,4275860012.84,4275860012.84
2018-07-10,'600814,杭州解百,6.06,6.08,5.94,5.95,5.95,0.11,1.8487,0.3119,2230277,13445868.0,4333062153.48,4333062153.48
2018-07-09,'600814,杭州解百,5.95,5.97,5.85,5.86,5.86,0.09,1.5358,0.1841,1316436,7806202.0,4254409210.1,4254409210.1
2018-07-06,'600814,杭州解百,5.86,5.95,5.75,5.83,5.82,0.04,0.6873,0.2702,1932158,11303415.0,4190056801.88,4190056801.88
2018-07-05,'600814,杭州解百,5.82,6.03,5.8,5.97,6.03,-0.21,-3.4826,0.387,2767326,16359403.0,4161455731.56,4161455731.56
2018-07-04,'600814,杭州解百,6.03,6.13,5.99,6.12,6.16,-0.13,-2.1104,0.2073,1482595,8970112.0,4311611350.74,4311611350.74
2018-07-03,'600814,杭州解百,6.16,6.16,5.99,6.09,6.07,0.09,1.4827,0.3081,2203218,13366053.0,4404564829.28,4404564829.28
2018-07-02,'600814,杭州解百,6.07,6.19,6.04,6.18,6.2,-0.13,-2.0968,0.2411,1723698,10541279.0,4340212421.06,4340212421.06
2018-06-29,'600814,杭州解百,6.2,6.21,6.01,6.06,6.06,0.14,2.3102,0.294,2102400,12904502.0,4433165899.6,4433165899.6
2018-06-28,'600814,杭州解百,6.06,6.12,6.03,6.07,6.06,0.0,0.0,0.1567,1120135,6808216.0,4333062153.48,4333062153.48
2018-06-27,'600814,杭州解百,6.06,6.24,6.05,6.24,6.17,-0.11,-1.7828,0.3249,2323461,14234148.0,4333062153.48,4333062153.48
2018-06-26,'600814,杭州解百,6.17,6.26,5.98,6.0,6.21,-0.04,-0.6441,0.3075,2198607,13522964.0,4411715096.86,4411715096.86
2018-06-25,'600814,杭州解百,6.21,6.34,6.19,6.24,6.22,-0.01,-0.1608,0.25,1787421,11175794.0,4440316167.18,4440316167.18
2018-06-22,'600814,杭州解百,6.22,6.23,6.08,6.16,6.15,0.07,1.1382,0.286,2045175,12626146.0,4447466434.76,4447466434.76
2018-06-21,'600814,杭州解百,6.15,6.43,6.15,6.34,6.33,-0.18,-2.8436,0.323,2309627,14516313.0,4397414561.7,4397414561.7
2018-06-20,'600814,杭州解百,6.33,6.46,6.13,6.32,6.32,0.01,0.1582,0.4827,3451173,21851758.0,4526119378.14,4526119378.14
2018-06-19,'600814,杭州解百,6.32,6.93,6.31,6.89,7.01,-0.69,-9.8431,0.7854,5615488,36611611.0,4518969110.56,4518969110.56
2018-06-15,'600814,杭州解百,7.01,7.14,6.93,7.11,7.08,-0.07,-0.9887,0.3882,2775483,19514265.0,5012337573.58,5012337573.58
2018-06-14,'600814,杭州解百,7.08,7.21,7.06,7.11,7.08,0.0,0.0,0.279,1994944,14163544.0,5062389446.64,5062389446.64
2018-06-13,'600814,杭州解百,7.08,7.26,7.06,7.21,7.22,-0.14,-1.9391,0.3028,2164900,15494484.0,5062389446.64,5062389446.64
2018-06-12,'600814,杭州解百,7.22,7.28,7.1,7.2,7.26,-0.04,-0.551,0.34,2431135,17488673.0,5162493192.76,5162493192.76
2018-06-11,'600814,杭州解百,7.26,7.4,7.14,7.4,7.37,-0.11,-1.4925,0.5419,3874469,27989823.0,5191094263.08,5191094263.08
2018-06-08,'600814,杭州解百,7.37,7.52,7.3,7.42,7.43,-0.06,-0.8075,0.5688,4067016,30079720.0,5269747206.46,5269747206.46
2018-06-07,'600814,杭州解百,7.43,7.61,7.42,7.53,7.59,-0.16,-2.108,0.6832,4884999,36666828.0,5312648811.94,5312648811.94
2018-06-06,'600814,杭州解百,7.59,7.65,7.36,7.42,7.43,0.16,2.1534,1.2023,8596440,64621087.0,5427053093.22,5427053093.22
2018-06-05,'600814,杭州解百,7.43,7.45,7.36,7.42,7.45,-0.02,-0.2685,0.6158,4403221,32607268.0,5312648811.94,5312648811.94
2018-06-04,'600814,杭州解百,7.45,7.52,7.33,7.33,7.38,0.07,0.9485,0.7867,5625467,41793639.0,5326949347.1,5326949347.1
2018-06-01,'600814,杭州解百,7.38,7.47,7.2,7.22,7.28,0.1,1.3736,1.0436,7461747,55014505.0,5276897474.04,5276897474.04
2018-05-31,'600814,杭州解百,7.28,7.33,6.93,7.0,6.95,0.33,4.7482,0.8827,6311315,45233555.0,5205394798.24,5205394798.24
2018-05-30,'600814,杭州解百,6.95,7.19,6.95,7.16,7.27,-0.32,-4.4017,0.7058,5046398,35546076.0,4969435968.1,4969435968.1
2018-05-29,'600814,杭州解百,7.27,7.38,7.2,7.21,7.2,0.07,0.9722,0.5831,4169129,30491573.0,5198244530.66,5198244530.66
2018-05-28,'600814,杭州解百,7.2,7.28,7.13,7.23,7.28,-0.08,-1.0989,0.4412,3154547,22756633.0,5148192657.6,5148192657.6
2018-05-25,'600814,杭州解百,7.28,7.43,7.26,7.35,7.46,-0.18,-2.4129,0.7398,5289788,38775781.0,5205394798.24,5205394798.24
2018-05-24,'600814,杭州解百,7.46,7.59,7.15,7.23,7.2,0.26,3.6111,1.4506,10372382,76771072.0,5334099614.68,5334099614.68
2018-05-23,'600814,杭州解百,7.2,7.31,7.18,7.27,7.28,-0.08,-1.0989,0.3664,2619858,18982662.0,5148192657.6,5148192657.6
2018-05-22,'600814,杭州解百,7.28,7.29,7.18,7.21,7.23,0.05,0.6916,0.3506,2506827,18155766.0,5205394798.24,5205394798.24
2018-05-21,'600814,杭州解百,7.23,7.25,7.16,7.17,7.16,0.07,0.9777,0.3292,2353806,16965766.0,5169643460.34,5169643460.34
2018-05-18,'600814,杭州解百,7.16,7.17,7.05,7.08,7.06,0.1,1.4164,0.2657,1899800,13542603.0,5119591587.28,5119591587.28
2018-05-17,'600814,杭州解百,7.06,7.15,7.04,7.09,7.09,-0.03,-0.4231,0.2959,2115941,14984605.0,5048088911.48,5048088911.48
2018-05-16,'600814,杭州解百,7.09,7.15,7.05,7.1,7.14,-0.05,-0.7003,0.3228,2308020,16406621.0,5069539714.22,5069539714.22
2018-05-15,'600814,杭州解百,7.14,7.18,7.0,7.15,7.14,0.0,0.0,0.4469,3195461,22613963.0,5105291052.12,5105291052.12
2018-05-14,'600814,杭州解百,7.14,7.25,7.11,7.22,7.21,-0.07,-0.9709,0.2572,1838800,13211301.0,5105291052.12,5105291052.12
2018-05-11,'600814,杭州解百,7.21,7.35,7.2,7.33,7.34,-0.13,-1.7711,0.3554,2541500,18443800.0,5155342925.18,5155342925.18
2018-05-10,'600814,杭州解百,7.34,7.39,7.28,7.35,7.37,-0.03,-0.4071,0.3715,2655970,19474753.0,5248296403.72,5248296403.72
2018-05-09,'600814,杭州解百,7.37,7.45,7.23,7.29,7.3,0.07,0.9589,0.6138,4388525,32412439.0,5269747206.46,5269747206.46
2018-05-08,'600814,杭州解百,7.3,7.43,7.22,7.28,7.27,0.03,0.4127,0.5219,3732081,27320242.0,5219695333.4,5219695333.4
2018-05-07,'600814,杭州解百,7.27,7.29,7.15,7.17,7.16,0.11,1.5363,0.4543,3248654,23436759.0,5198244530.66,5198244530.66
2018-05-04,'600814,杭州解百,7.16,7.19,7.1,7.16,7.17,-0.01,-0.1395,0.1882,1345563,9617144.0,5119591587.28,5119591587.28
2018-05-03,'600814,杭州解百,7.17,7.17,7.03,7.13,7.13,0.04,0.561,0.2391,1709911,12160531.0,5126741854.86,5126741854.86
2018-05-02,'600814,杭州解百,7.13,7.15,7.07,7.07,7.09,0.04,0.5642,0.2077,1485407,10559858.0,5098140784.54,5098140784.54
2018-04-27,'600814,杭州解百,7.09,7.11,7.03,7.03,7.04,0.05,0.7102,0.1608,1149944,8127417.0,5069539714.22,5069539714.22
2018-04-26,'600814,杭州解百,7.04,7.2,7.02,7.2,7.2,-0.16,-2.2222,0.2467,1764200,12493688.0,5033788376.32,5033788376.32
2018-04-25,'600814,杭州解百,7.2,7.24,7.1,7.12,7.15,0.05,0.6993,0.2557,1828634,13088403.0,5148192657.6,5148192657.6
2018-04-24,'600814,杭州解百,7.15,7.15,7.02,7.03,7.03,0.12,1.707,0.1816,1298420,9243020.0,5112441319.7,5112441319.7
2018-04-23,'600814,杭州解百,7.03,7.09,6.96,7.08,7.08,-0.05,-0.7062,0.1987,1420844,9998653.0,5026638108.74,5026638108.74
2018-04-20,'600814,杭州解百,7.08,7.18,7.01,7.18,7.17,-0.09,-1.2552,0.2362,1688915,11954029.0,5062389446.64,5062389446.64
2018-04-19,'600814,杭州解百,7.17,7.24,7.12,7.18,7.16,0.01,0.1397,0.1914,1368832,9837780.0,5126741854.86,5126741854.86
2018-04-18,'600814,杭州解百,7.16,7.24,7.06,7.22,7.1,0.06,0.8451,0.2704,1933721,13825573.0,5119591587.28,5119591587.28
2018-04-17,'600814,杭州解百,7.1,7.29,7.08,7.24,7.21,-0.11,-1.5257,0.2367,1692800,12165259.0,5076689981.8,5076689981.8
2018-04-16,'600814,杭州解百,7.21,7.36,7.19,7.36,7.32,-0.11,-1.5027,0.2303,1646893,11961417.0,5155342925.18,5155342925.18
2018-04-13,'600814,杭州解百,7.32,7.43,7.28,7.37,7.36,-0.04,-0.5435,0.2206,1577419,11601718.0,5233995868.56,5233995868.56
2018-04-12,'600814,杭州解百,7.36,7.43,7.35,7.42,7.44,-0.08,-1.0753,0.2364,1690646,12486079.0,5262596938.88,5262596938.88
2018-04-11,'600814,杭州解百,7.44,7.49,7.4,7.43,7.42,0.02,0.2695,0.3219,2301846,17149637.0,5319799079.52,5319799079.52
2018-04-10,'600814,杭州解百,7.42,7.43,7.31,7.4,7.4,0.02,0.2703,0.3477,2486070,18291904.0,5305498544.36,5305498544.36
2018-04-09,'600814,杭州解百,7.4,7.43,7.31,7.39,7.41,-0.01,-0.135,0.1929,1379126,10179958.0,5291198009.2,5291198009.2
2018-04-04,'600814,杭州解百,7.41,7.5,7.4,7.48,7.48,-0.07,-0.9358,0.2429,1736982,12940525.0,5298348276.78,5298348276.78
2018-04-03,'600814,杭州解百,7.48,7.51,7.38,7.5,7.6,-0.12,-1.5789,0.3982,2847112,21159853.0,5348400149.84,5348400149.84
2018-04-02,'600814,杭州解百,7.6,7.62,7.46,7.49,7.49,0.11,1.4686,0.5053,3612845,27266881.0,5434203360.8,5434203360.8
2018-03-30,'600814,杭州解百,7.49,7.54,7.43,7.43,7.42,0.07,0.9434,0.3017,2157076,16143102.0,5355550417.42,5355550417.42
2018-03-29,'600814,杭州解百,7.42,7.53,7.34,7.4,7.38,0.04,0.542,0.2499,1786720,13294164.0,5305498544.36,5305498544.36
2018-03-28,'600814,杭州解百,7.38,7.48,7.36,7.45,7.52,-0.14,-1.8617,0.3326,2377970,17616350.0,5276897474.04,5276897474.04
2018-03-27,'600814,杭州解百,7.52,7.61,7.46,7.53,7.42,0.1,1.3477,0.4037,2886370,21702142.0,5377001220.16,5377001220.16
2018-03-26,'600814,杭州解百,7.42,7.45,7.13,7.38,7.5,-0.08,-1.0667,0.6405,4579502,33467838.0,5305498544.36,5305498544.36
2018-03-23,'600814,杭州解百,7.5,7.93,7.41,7.8,8.13,-0.63,-7.7491,1.0735,7675795,59012404.0,5362700685.0,5362700685.0
2018-03-22,'600814,杭州解百,8.13,8.28,7.74,7.74,7.74,0.39,5.0388,1.3944,9970660,80715536.0,5813167542.54,5813167542.54
2018-03-21,'600814,杭州解百,7.74,7.97,7.71,7.78,7.76,-0.02,-0.2577,0.4679,3345638,26323740.0,5534307106.92,5534307106.92
2018-03-20,'600814,杭州解百,7.76,7.84,7.7,7.75,7.85,-0.09,-1.1465,0.3342,2389356,18526840.0,5548607642.08,5548607642.08
2018-03-19,'600814,杭州解百,7.85,8.0,7.78,7.84,7.91,-0.06,-0.7585,0.546,3904311,30814809.0,5612960050.3,5612960050.3
2018-03-16,'600814,杭州解百,7.91,8.2,7.77,7.78,7.66,0.25,3.2637,0.9643,6894812,54983633.0,5655861655.78,5655861655.78
2018-03-15,'600814,杭州解百,7.66,7.78,7.62,7.78,7.78,-0.12,-1.5424,0.3468,2479495,19010809.0,5477104966.28,5477104966.28
2018-03-14,'600814,杭州解百,7.78,7.91,7.77,7.85,7.85,-0.07,-0.8917,0.2865,2048553,16067694.0,5562908177.24,5562908177.24
2018-03-13,'600814,杭州解百,7.85,7.97,7.83,7.87,7.88,-0.03,-0.3807,0.3463,2476400,19539809.0,5612960050.3,5612960050.3
2018-03-12,'600814,杭州解百,7.88,7.9,7.73,7.73,7.76,0.12,1.5464,0.4414,3156153,24730900.0,5634410853.04,5634410853.04
2018-03-09,'600814,杭州解百,7.76,7.76,7.62,7.68,7.68,0.08,1.0417,0.417,2981588,23009391.0,5548607642.08,5548607642.08
2018-03-08,'600814,杭州解百,7.68,7.71,7.61,7.61,7.65,0.03,0.3922,0.1777,1270488,9747600.0,5491405501.44,5491405501.44
2018-03-07,'600814,杭州解百,7.65,7.75,7.61,7.75,7.71,-0.06,-0.7782,0.2451,1752809,13444107.0,5469954698.7,5469954698.7
2018-03-06,'600814,杭州解百,7.71,7.75,7.59,7.68,7.62,0.09,1.1811,0.374,2674033,20555569.0,5512856304.18,5512856304.18
2018-03-05,'600814,杭州解百,7.62,7.7,7.55,7.7,7.7,-0.08,-1.039,0.2624,1875932,14290651.0,5448503895.96,5448503895.96
2018-03-02,'600814,杭州解百,7.7,7.7,7.56,7.6,7.63,0.07,0.9174,0.3441,2460259,18825953.0,5505706036.6,5505706036.6
2018-03-01,'600814,杭州解百,7.63,7.63,7.53,7.53,7.55,0.08,1.0596,0.2444,1747517,13250768.0,5455654163.54,5455654163.54
2018-02-28,'600814,杭州解百,7.55,7.68,7.45,7.58,7.64,-0.09,-1.178,0.2721,1945405,14729061.0,5398452022.9,5398452022.9
2018-02-27,'600814,杭州解百,7.64,7.7,7.58,7.63,7.64,0.0,0.0,0.2472,1767618,13499673.0,5462804431.12,5462804431.12
2018-02-26,'600814,杭州解百,7.64,7.67,7.53,7.67,7.55,0.09,1.1921,0.2639,1887201,14331502.0,5462804431.12,5462804431.12
2018-02-23,'600814,杭州解百,7.55,7.75,7.4,7.45,7.45,0.1,1.3423,0.2864,2047854,15481318.0,5398452022.9,5398452022.9
2018-02-22,'600814,杭州解百,7.45,7.5,7.34,7.45,7.36,0.09,1.2228,0.1978,1414300,10505825.0,5326949347.1,5326949347.1
2018-02-14,'600814,杭州解百,7.36,7.37,7.26,7.35,7.31,0.05,0.684,0.1225,876200,6413548.0,5262596938.88,5262596938.88
2018-02-13,'600814,杭州解百,7.31,7.37,7.25,7.28,7.24,0.07,0.9669,0.1857,1327800,9705755.0,5226845600.98,5226845600.98
2018-02-12,'600814,杭州解百,7.24,7.28,7.1,7.16,7.05,0.19,2.695,0.2131,1523390,10983490.0,5176793727.92,5176793727.92
2018-02-09,'600814,杭州解百,7.05,7.3,7.0,7.3,7.41,-0.36,-4.8583,0.3712,2654500,18855514.0,5040938643.9,5040938643.9
2018-02-08,'600814,杭州解百,7.41,7.43,7.23,7.3,7.3,0.11,1.5068,0.2249,1607800,11873324.0,5298348276.78,5298348276.78
2018-02-07,'600814,杭州解百,7.3,7.54,7.23,7.33,7.24,0.06,0.8287,0.3013,2154700,15825064.0,5219695333.4,5219695333.4
2018-02-06,'600814,杭州解百,7.24,7.78,7.21,7.72,7.88,-0.64,-8.1218,0.516,3689372,27956083.0,5176793727.92,5176793727.92
2018-02-05,'600814,杭州解百,7.88,7.94,7.8,7.9,8.0,-0.12,-1.5,0.2582,1846372,14519910.0,5634410853.04,5634410853.04
2018-02-02,'600814,杭州解百,8.0,8.22,7.7,8.1,8.17,-0.17,-2.0808,0.4185,2992395,23965936.0,5720214064.0,5720214064.0
2018-02-01,'600814,杭州解百,8.17,8.67,8.12,8.55,8.61,-0.44,-5.1103,0.6752,4828050,40247766.0,5841768612.86,5841768612.86
2018-01-31,'600814,杭州解百,8.61,8.8,8.52,8.8,8.83,-0.22,-2.4915,0.615,4397505,38030889.0,6156380386.38,6156380386.38
2018-01-30,'600814,杭州解百,8.83,8.84,8.51,8.51,8.51,0.32,3.7603,1.0312,7373119,64497691.0,6313686273.14,6313686273.14
2018-01-29,'600814,杭州解百,8.51,8.69,8.48,8.69,8.67,-0.16,-1.8454,0.4381,3132796,26811074.0,6084877710.58,6084877710.58
2018-01-26,'600814,杭州解百,8.67,8.72,8.65,8.69,8.69,-0.02,-0.2301,0.2731,1953071,16959450.0,6199281991.86,6199281991.86
2018-01-25,'600814,杭州解百,8.69,8.75,8.66,8.69,8.69,0.0,0.0,0.4511,3225700,28095450.0,6213582527.02,6213582527.02
2018-01-24,'600814,杭州解百,8.69,8.75,8.63,8.7,8.69,0.0,0.0,0.2882,2060551,17860238.0,6213582527.02,6213582527.02
2018-01-23,'600814,杭州解百,8.69,8.74,8.63,8.65,8.67,0.02,0.2307,0.2123,1517808,13162115.0,6213582527.02,6213582527.02
2018-01-22,'600814,杭州解百,8.67,8.7,8.54,8.56,8.59,0.08,0.9313,0.2527,1806826,15614159.0,6199281991.86,6199281991.86
2018-01-19,'600814,杭州解百,8.59,8.66,8.58,8.61,8.62,-0.03,-0.348,0.2897,2071700,17862356.0,6142079851.22,6142079851.22
2018-01-18,'600814,杭州解百,8.62,8.76,8.59,8.73,8.68,-0.06,-0.6912,0.2905,2077500,17917263.0,6163530653.96,6163530653.96
2018-01-17,'600814,杭州解百,8.68,8.69,8.6,8.6,8.66,0.02,0.2309,0.2712,1938817,16757841.0,6206432259.44,6206432259.44
2018-01-16,'600814,杭州解百,8.66,8.7,8.5,8.5,8.55,0.11,1.2865,0.3331,2381792,20562554.0,6192131724.28,6192131724.28
2018-01-15,'600814,杭州解百,8.55,8.82,8.51,8.82,8.75,-0.2,-2.2857,0.3833,2740977,23594971.0,6113478780.9,6113478780.9
2018-01-12,'600814,杭州解百,8.75,8.83,8.71,8.75,8.77,-0.02,-0.2281,0.3035,2170431,19007805.0,6256484132.5,6256484132.5
2018-01-11,'600814,杭州解百,8.77,8.78,8.61,8.69,8.69,0.08,0.9206,0.2777,1985714,17369260.0,6270784667.66,6270784667.66
2018-01-10,'600814,杭州解百,8.69,8.93,8.68,8.9,8.93,-0.24,-2.6876,0.6702,4792281,42010293.0,6213582527.02,6213582527.02
2018-01-09,'600814,杭州解百,8.93,8.97,8.85,8.9,8.9,0.03,0.3371,0.2718,1943166,17340126.0,6385188948.94,6385188948.94
2018-01-08,'600814,杭州解百,8.9,9.04,8.87,9.01,9.06,-0.16,-1.766,0.5036,3600947,32071479.0,6363738146.2,6363738146.2
2018-01-05,'600814,杭州解百,9.06,9.15,9.05,9.12,9.16,-0.1,-1.0917,0.4953,3541726,32171535.0,6478142427.48,6478142427.48
2018-01-04,'600814,杭州解百,9.16,9.3,9.05,9.07,9.11,0.05,0.5488,0.6581,4705711,43098328.0,6549645103.28,6549645103.28
2018-01-03,'600814,杭州解百,9.11,9.27,9.09,9.1,9.06,0.05,0.5519,0.7136,5102400,46710234.0,6513893765.38,6513893765.38
2018-01-02,'600814,杭州解百,9.06,9.15,8.92,9.07,9.0,0.06,0.6667,0.452,3231586,29204923.0,6478142427.48,6478142427.48
2017-12-29,'600814,杭州解百,9.0,9.01,8.82,8.84,8.86,0.14,1.5801,0.3648,2608700,23291618.0,6435240822.0,6435240822.0
2017-12-28,'600814,杭州解百,8.86,8.96,8.76,8.83,8.86,0.0,0.0,0.444,3174486,28178793.0,6335137075.88,6335137075.88
2017-12-27,'600814,杭州解百,8.86,8.95,8.81,8.95,8.91,-0.05,-0.5612,0.3154,2254837,20019550.0,6335137075.88,6335137075.88
2017-12-26,'600814,杭州解百,8.91,8.94,8.73,8.81,8.8,0.11,1.25,0.3917,2800561,24736949.0,6370888413.78,6370888413.78
2017-12-25,'600814,杭州解百,8.8,8.98,8.76,8.86,8.92,-0.12,-1.3453,0.4607,3294157,29083510.0,6292235470.4,6292235470.4
2017-12-22,'600814,杭州解百,8.92,8.95,8.82,8.9,8.91,0.01,0.1122,0.417,2981901,26501102.0,6378038681.36,6378038681.36
2017-12-21,'600814,杭州解百,8.91,9.24,8.8,9.1,9.18,-0.27,-2.9412,0.8744,6252366,55926168.0,6370888413.78,6370888413.78
2017-12-20,'600814,杭州解百,9.18,9.29,9.11,9.15,9.18,0.0,0.0,0.7572,5414113,49848984.0,6563945638.44,6563945638.44
2017-12-19,'600814,杭州解百,9.18,9.25,9.06,9.15,9.17,0.01,0.1091,0.7508,5368755,49068453.0,6563945638.44,6563945638.44
2017-12-18,'600814,杭州解百,9.17,9.62,9.1,9.42,9.51,-0.34,-3.5752,1.3333,9533360,88130606.0,6556795370.86,6556795370.86
2017-12-15,'600814,杭州解百,9.51,9.79,9.33,9.43,9.42,0.09,0.9554,2.0133,14395555,137804618.0,6799904468.58,6799904468.58
2017-12-14,'600814,杭州解百,9.42,9.59,9.09,9.18,9.23,0.19,2.0585,1.4484,10356297,97258581.0,6735552060.36,6735552060.36
2017-12-13,'600814,杭州解百,9.23,9.25,9.07,9.07,9.12,0.11,1.2061,0.6275,4486656,41130677.0,6599696976.34,6599696976.34
2017-12-12,'600814,杭州解百,9.12,9.3,9.1,9.26,9.43,-0.31,-3.2874,0.9777,6991100,64176573.0,6521044032.96,6521044032.96
2017-12-11,'600814,杭州解百,9.43,9.49,8.93,8.96,8.99,0.44,4.8943,1.7717,12668180,117741316.0,6742702327.94,6742702327.94
2017-12-08,'600814,杭州解百,8.99,9.18,8.67,8.7,8.68,0.31,3.5714,1.0963,7838826,70643572.0,6428090554.42,6428090554.42
2017-12-07,'600814,杭州解百,8.68,8.79,8.65,8.7,8.75,-0.07,-0.8,0.3058,2186620,19035713.0,6206432259.44,6206432259.44
2017-12-06,'600814,杭州解百,8.75,8.76,8.54,8.55,8.63,0.12,1.3905,0.4554,3256581,28102225.0,6256484132.5,6256484132.5
2017-12-05,'600814,杭州解百,8.63,9.08,8.52,9.01,9.02,-0.39,-4.3237,0.9102,6507900,56884783.0,6170680921.54,6170680921.54
2017-12-04,'600814,杭州解百,9.02,9.14,8.97,9.02,9.07,-0.05,-0.5513,0.4927,3523216,31889428.0,6449541357.16,6449541357.16
2017-12-01,'600814,杭州解百,9.07,9.21,9.02,9.05,9.07,0.0,0.0,0.6565,4694396,42677969.0,6485292695.06,6485292695.06
2017-11-30,'600814,杭州解百,9.07,9.27,8.97,9.02,9.1,-0.03,-0.3297,0.8522,6093333,55594787.0,6485292695.06,6485292695.06
2017-11-29,'600814,杭州解百,9.1,9.22,8.95,9.1,9.19,-0.09,-0.9793,0.8484,6065993,55047228.0,6506743497.8,6506743497.8
2017-11-28,'600814,杭州解百,9.19,9.27,8.94,9.1,9.18,0.01,0.1089,1.0949,7828988,71136031.0,6571095906.02,6571095906.02
2017-11-27,'600814,杭州解百,9.18,9.79,9.17,9.35,9.32,-0.14,-1.5021,1.9819,14170990,134118503.0,6563945638.44,6563945638.44
2017-11-24,'600814,杭州解百,9.32,9.32,8.43,8.47,8.47,0.85,10.0354,0.9564,6838220,61712098.0,6664049384.56,6664049384.56
2017-11-23,'600814,杭州解百,8.47,8.77,8.46,8.71,8.7,-0.23,-2.6437,0.3234,2312100,19809563.0,6056276640.26,6056276640.26
2017-11-22,'600814,杭州解百,8.7,8.85,8.65,8.77,8.59,0.11,1.2806,0.3686,2635335,22961669.0,6220732794.6,6220732794.6
2017-11-21,'600814,杭州解百,8.59,8.78,8.57,8.61,8.59,0.0,0.0,0.383,2738442,23727052.0,6142079851.22,6142079851.22
2017-11-20,'600814,杭州解百,8.59,8.66,8.41,8.58,8.63,-0.04,-0.4635,0.361,2581222,21949825.0,6142079851.22,6142079851.22
2017-11-17,'600814,杭州解百,8.63,8.97,8.53,8.91,8.95,-0.32,-3.5754,0.7773,5558112,48369693.0,6170680921.54,6170680921.54
2017-11-16,'600814,杭州解百,8.95,9.03,8.85,8.9,8.9,0.05,0.5618,0.298,2130727,19071796.0,6399489484.1,6399489484.1
2017-11-15,'600814,杭州解百,8.9,9.11,8.87,9.07,9.07,-0.17,-1.8743,0.4888,3495060,31329528.0,6363738146.2,6363738146.2
2017-11-14,'600814,杭州解百,9.07,9.18,9.02,9.09,9.09,-0.02,-0.22,0.3956,2828544,25758300.0,6485292695.06,6485292695.06
2017-11-13,'600814,杭州解百,9.09,9.25,9.05,9.25,9.25,-0.16,-1.7297,0.6125,4379671,39928093.0,6499593230.22,6499593230.22
2017-11-10,'600814,杭州解百,9.25,9.36,9.18,9.35,9.33,-0.08,-0.8574,0.4579,3274249,30306334.0,6613997511.5,6613997511.5
2017-11-09,'600814,杭州解百,9.33,9.37,9.25,9.35,9.34,-0.01,-0.1071,0.3931,2810674,26167026.0,6671199652.14,6671199652.14
2017-11-08,'600814,杭州解百,9.34,9.53,9.3,9.44,9.42,-0.08,-0.8493,0.5203,3720461,35044190.0,6678349919.72,6678349919.72
2017-11-07,'600814,杭州解百,9.42,9.45,9.23,9.32,9.33,0.09,0.9646,0.4094,2927238,27386988.0,6735552060.36,6735552060.36
2017-11-06,'600814,杭州解百,9.33,9.35,9.15,9.28,9.13,0.2,2.1906,0.3964,2834643,26249855.0,6671199652.14,6671199652.14
2017-11-03,'600814,杭州解百,9.13,9.45,9.06,9.37,9.37,-0.24,-2.5614,0.6243,4463596,41212692.0,6528194300.54,6528194300.54
2017-11-02,'600814,杭州解百,9.37,9.67,9.37,9.57,9.67,-0.3,-3.1024,0.6831,4884162,46368977.0,6699800722.46,6699800722.46
2017-11-01,'600814,杭州解百,9.67,9.85,9.66,9.8,9.8,-0.13,-1.3265,0.4724,3377814,32865852.0,6914308749.86,6914308749.86
2017-10-31,'600814,杭州解百,9.8,9.84,9.52,9.78,9.77,0.03,0.3071,0.8416,6017357,58111628.0,7007262228.4,7007262228.4
2017-10-30,'600814,杭州解百,9.77,10.29,9.75,10.18,10.24,-0.47,-4.5898,1.0264,7339262,72760448.0,6985811425.66,6985811425.66
2017-10-27,'600814,杭州解百,10.24,10.4,10.23,10.39,10.42,-0.18,-1.7274,0.4773,3413000,35147319.0,7321874001.92,7321874001.92
2017-10-26,'600814,杭州解百,10.42,10.46,10.23,10.31,10.28,0.14,1.3619,0.7377,5274606,54521092.0,7450578818.36,7450578818.36
2017-10-25,'600814,杭州解百,10.28,10.34,10.18,10.2,10.27,0.01,0.0974,0.4908,3509334,36001365.0,7350475072.24,7350475072.24
2017-10-24,'600814,杭州解百,10.27,10.46,10.1,10.42,10.46,-0.19,-1.8164,0.7956,5689004,58330305.0,7343324804.66,7343324804.66
2017-10-23,'600814,杭州解百,10.46,10.63,10.41,10.49,10.49,-0.03,-0.286,0.4769,3410100,35779284.0,7479179888.68,7479179888.68
2017-10-20,'600814,杭州解百,10.49,10.57,10.28,10.33,10.34,0.15,1.4507,0.6377,4559924,47625227.0,7500630691.42,7500630691.42
2017-10-19,'600814,杭州解百,10.34,10.69,10.25,10.62,10.61,-0.27,-2.5448,1.0535,7532959,78481429.0,7393376677.72,7393376677.72
2017-10-18,'600814,杭州解百,10.61,11.1,10.6,11.08,11.04,-0.43,-3.8949,1.1571,8273285,89853043.0,7586433902.38,7586433902.38
2017-10-17,'600814,杭州解百,11.04,11.07,10.7,10.8,10.99,0.05,0.455,1.5178,10852631,118892584.0,7893895408.32,7893895408.32
2017-10-16,'600814,杭州解百,10.99,11.19,10.39,11.05,10.96,0.03,0.2737,2.3073,16497834,179248797.0,7858144070.42,7858144070.42
2017-10-13,'600814,杭州解百,10.96,11.05,10.8,10.91,11.06,-0.1,-0.9042,1.3841,9896342,108276428.0,7836693267.68,7836693267.68
2017-10-12,'600814,杭州解百,11.06,11.17,10.63,10.76,10.84,0.22,2.0295,2.3582,16862000,185207744.0,7908195943.48,7908195943.48
2017-10-11,'600814,杭州解百,10.84,11.45,10.33,10.41,10.41,0.43,4.1306,2.1962,15703190,172288312.0,7750890056.72,7750890056.72
2017-10-10,'600814,杭州解百,10.41,10.49,10.18,10.3,10.31,0.1,0.9699,0.6071,4340725,45061373.0,7443428550.78,7443428550.78
2017-10-09,'600814,杭州解百,10.31,10.46,10.21,10.35,10.26,0.05,0.4873,0.4616,3300403,34046707.0,7371925874.98,7371925874.98
2017-09-29,'600814,杭州解百,10.26,10.29,10.09,10.09,10.09,0.17,1.6848,0.4701,3361049,34391608.0,7336174537.08,7336174537.08
2017-09-28,'600814,杭州解百,10.09,10.32,10.03,10.23,10.33,-0.24,-2.3233,0.8424,6023045,61215900.0,7214619988.22,7214619988.22
2017-09-27,'600814,杭州解百,10.33,10.69,10.25,10.56,10.51,-0.18,-1.7127,0.6464,4621690,48384599.0,7386226410.14,7386226410.14
2017-09-26,'600814,杭州解百,10.51,10.57,10.31,10.47,10.39,0.12,1.155,0.6957,4974722,51984764.0,7514931226.58,7514931226.58
2017-09-25,'600814,杭州解百,10.39,10.98,10.34,10.88,11.07,-0.68,-6.1427,3.4425,10684964,114215105.0,7429128015.62,3224879588.19
2017-09-22,'600814,杭州解百,11.07,11.31,11.05,11.3,11.44,-0.37,-3.2343,3.6995,11482588,128347208.0,7915346211.06,3435940042.47
2017-09-21,'600814,杭州解百,11.44,11.46,10.77,11.09,11.09,0.35,3.156,6.6623,20678801,231270669.0,8179906111.52,3550781760.24
2017-09-20,'600814,杭州解百,11.09,11.35,11.05,11.08,11.24,-0.15,-1.3345,4.121,12790873,142935397.0,7929646746.22,3442147702.89
2017-09-19,'600814,杭州解百,11.24,11.28,10.87,11.04,11.04,0.2,1.8116,4.8332,15001541,167202385.0,8036900759.92,3488705156.04
2017-09-18,'600814,杭州解百,11.04,11.17,10.62,10.68,10.72,0.32,2.9851,3.2224,10001921,109330825.0,7893895408.32,3426628551.84
2017-09-15,'600814,杭州解百,10.72,11.09,10.62,10.95,11.02,-0.3,-2.7223,2.5926,8046970,86763889.0,7665086845.76,3327305985.12
2017-09-14,'600814,杭州解百,11.02,11.48,10.74,10.76,10.7,0.32,2.9907,4.7663,14793799,163997448.0,7879594873.16,3420420891.42
2017-09-13,'600814,杭州解百,10.7,10.99,10.65,10.75,10.78,-0.08,-0.7421,2.5996,8068705,87079668.0,7650786310.6,3321098324.7
2017-09-12,'600814,杭州解百,10.78,11.09,10.7,10.81,10.95,-0.17,-1.5525,4.0445,12553376,136285718.0,7707988451.24,3345928966.38
2017-09-11,'600814,杭州解百,10.95,11.04,10.34,10.5,10.55,0.4,3.7915,6.258,19423911,208122730.0,7829543000.1,3398694079.95
2017-09-08,'600814,杭州解百,10.55,10.61,10.02,10.1,10.11,0.44,4.3521,5.0944,15812033,164182919.0,7543532296.9,3274540871.55
2017-09-07,'600814,杭州解百,10.11,10.24,10.01,10.2,10.2,-0.09,-0.8824,1.9227,5967784,60317088.0,7228920523.38,3137972342.31
2017-09-06,'600814,杭州解百,10.2,10.24,10.04,10.15,10.24,-0.04,-0.3906,1.8101,5618368,56936136.0,7293272931.6,3165906814.2
2017-09-05,'600814,杭州解百,10.24,10.39,10.18,10.26,10.29,-0.05,-0.4859,1.8077,5610806,57696126.0,7321874001.92,3178322135.04
2017-09-04,'600814,杭州解百,10.29,10.33,10.13,10.32,10.38,-0.09,-0.8671,2.2864,7096458,72478093.0,7357625339.82,3193841286.09
2017-09-01,'600814,杭州解百,10.38,10.48,10.28,10.47,10.48,-0.1,-0.9542,2.4918,7734126,79944078.0,7421977748.04,3221775757.98
2017-08-31,'600814,杭州解百,10.48,10.53,10.32,10.4,10.45,0.03,0.2871,3.6661,11379049,118689825.0,7493480423.84,3252814060.08
2017-08-30,'600814,杭州解百,10.45,10.47,9.95,9.99,9.99,0.46,4.6046,5.7171,17744796,183226036.0,7472029621.1,3243502569.45
2017-08-29,'600814,杭州解百,9.99,10.13,9.93,10.03,10.03,-0.04,-0.3988,1.801,5590011,56017599.0,7143117312.42,3100726379.79
2017-08-28,'600814,杭州解百,10.03,10.03,9.85,9.98,9.91,0.12,1.2109,1.6284,5054313,50357693.0,7171718382.74,3113141700.63
2017-08-25,'600814,杭州解百,9.91,9.93,9.74,9.75,9.77,0.14,1.433,1.4022,4352054,42913341.0,7085915171.78,3075895738.11
2017-08-24,'600814,杭州解百,9.77,10.0,9.73,9.95,10.02,-0.25,-2.495,1.9733,6124851,60409695.0,6985811425.66,3032442115.17
2017-08-23,'600814,杭州解百,10.02,10.13,9.92,10.01,9.98,0.04,0.4008,1.5307,4751163,47706178.0,7164568115.16,3110037870.42
2017-08-22,'600814,杭州解百,9.98,10.23,9.93,10.23,10.21,-0.23,-2.2527,2.1999,6828212,68495995.0,7135967044.84,3097622549.58
2017-08-21,'600814,杭州解百,10.21,10.38,10.13,10.25,10.19,0.02,0.1963,2.0728,6433610,65693929.0,7300423199.18,3169010644.41
2017-08-18,'600814,杭州解百,10.19,10.26,9.88,9.99,10.08,0.11,1.0913,2.5202,7822197,79160396.0,7286122664.02,3162802983.99
2017-08-17,'600814,杭州解百,10.08,10.18,9.94,9.95,10.0,0.08,0.8,2.5971,8061038,81262635.0,7207469720.64,3128660851.68
2017-08-16,'600814,杭州解百,10.0,10.15,9.84,10.15,10.2,-0.2,-1.9608,2.7618,8572174,85610366.0,7150267580.0,3103830210.0
2017-08-15,'600814,杭州解百,10.2,10.41,9.92,9.97,9.95,0.25,2.5126,4.1152,12772847,130568992.0,7293272931.6,3165906814.2
2017-08-14,'600814,杭州解百,9.95,9.98,9.71,9.75,9.75,0.2,2.0513,1.9799,6145394,60755185.0,7114516242.1,3088311058.95
2017-08-11,'600814,杭州解百,9.75,10.25,9.7,10.13,10.28,-0.53,-5.1556,4.0119,12452373,123890735.0,6971510890.5,3026234454.75
2017-08-10,'600814,杭州解百,10.28,10.61,10.12,10.61,10.61,-0.33,-3.1103,3.3205,10306280,106849156.0,7350475072.24,3190737455.88
2017-08-09,'600814,杭州解百,10.61,10.83,10.49,10.61,10.58,0.03,0.2836,3.3236,10315815,109788711.0,7586433902.38,3293163852.81
2017-08-08,'600814,杭州解百,10.58,10.69,10.37,10.52,10.54,0.04,0.3795,3.3765,10480079,110210936.0,7564983099.64,3283852362.18
2017-08-07,'600814,杭州解百,10.54,10.67,10.3,10.65,10.71,-0.17,-1.5873,4.0595,12599971,131741037.0,7536382029.32,3271437041.34
2017-08-04,'600814,杭州解百,10.71,11.01,10.68,10.94,10.83,-0.12,-1.108,3.9631,12300867,133612804.0,7657936578.18,3324202154.91
2017-08-03,'600814,杭州解百,10.83,11.14,10.73,11.14,11.28,-0.45,-3.9894,4.9079,15233156,166294471.0,7743739789.14,3361448117.43
2017-08-02,'600814,杭州解百,11.28,11.33,10.74,10.94,10.99,0.29,2.6388,7.0199,21788464,240121058.0,8065501830.24,3501120476.88
2017-08-01,'600814,杭州解百,10.99,11.62,10.91,11.44,11.46,-0.47,-4.1012,6.7386,20915362,234456691.0,7858144070.42,3411109400.79
2017-07-31,'600814,杭州解百,11.46,11.62,11.1,11.56,11.72,-0.26,-2.2184,7.4505,23125025,262774971.0,8194206646.68,3556989420.66
2017-07-28,'600814,杭州解百,11.72,12.0,11.64,11.9,12.01,-0.29,-2.4147,6.6152,20532413,242032530.0,8380113603.76,3637689006.12
2017-07-27,'600814,杭州解百,12.01,12.03,11.42,11.66,11.76,0.25,2.1259,10.4251,32357836,378344534.0,8587471363.58,3727700082.21
2017-07-26,'600814,杭州解百,11.76,12.0,11.02,11.05,11.17,0.59,5.282,12.442,38617934,448507682.0,8408714674.08,3650104326.96
2017-07-25,'600814,杭州解百,11.17,11.25,10.4,10.78,10.83,0.34,3.1394,6.6036,20496552,220478682.0,7986848886.86,3466978344.57
2017-07-24,'600814,杭州解百,10.83,11.49,10.6,10.68,10.83,0.0,0.0,10.9052,33847982,373804286.0,7743739789.14,3361448117.43
2017-07-21,'600814,杭州解百,10.83,11.14,10.12,10.18,10.16,0.67,6.5945,10.1827,31605266,337519456.0,7743739789.14,3361448117.43
2017-07-20,'600814,XD杭州解,10.16,10.44,10.11,10.32,10.31,-0.15,-1.4549,5.1908,16111354,165152203.0,7264671861.28,3153491493.36
2017-07-19,'600814,杭州解百,10.39,10.64,10.11,10.15,10.36,0.03,0.2896,9.7893,30384239,314748725.0,7429128015.62,3224879588.19
2017-07-18,'600814,杭州解百,10.36,10.36,9.23,9.35,9.42,0.94,9.9788,8.0055,24847850,248019193.0,7407677212.88,3215568097.56
2017-07-17,'600814,杭州解百,9.42,9.9,9.02,9.88,10.02,-0.6,-5.988,4.44,13781138,130904063.0,6735552060.36,2923808057.82
2017-07-14,'600814,杭州解百,10.02,10.08,9.71,9.95,9.98,0.04,0.4008,4.1471,12872040,127287787.0,7164568115.16,3110037870.42
2017-07-13,'600814,杭州解百,9.98,10.18,9.95,9.96,10.28,-0.3,-2.9183,5.5691,17285669,173268195.0,7135967044.84,3097622549.58
2017-07-12,'600814,杭州解百,10.28,10.29,9.73,10.04,10.02,0.26,2.5948,11.5021,35700681,357218398.0,7350475072.24,3190737455.88
2017-07-11,'600814,杭州解百,10.02,10.02,9.05,9.05,9.11,0.91,9.989,7.3729,22884158,225965508.0,7164568115.16,3110037870.42
2017-07-10,'600814,杭州解百,9.11,9.21,8.9,8.94,8.91,0.2,2.2447,2.3329,7240809,65832799.0,6513893765.38,2827589321.31
2017-07-07,'600814,杭州解百,8.91,8.95,8.87,8.95,8.9,0.01,0.1124,0.6941,2154314,19183345.0,6370888413.78,2765512717.11
2017-07-06,'600814,杭州解百,8.9,8.98,8.86,8.91,8.95,-0.05,-0.5587,0.7568,2349112,20940713.0,6363738146.2,2762408886.9
2017-07-05,'600814,杭州解百,8.95,8.96,8.85,8.93,8.92,0.03,0.3363,0.8485,2633534,23487113.0,6399489484.1,2777928037.95
2017-07-04,'600814,杭州解百,8.92,8.97,8.8,8.96,8.97,-0.05,-0.5574,1.1662,3619595,32121559.0,6378038681.36,2768616547.32
2017-07-03,'600814,杭州解百,8.97,9.0,8.85,9.0,9.02,-0.05,-0.5543,0.93,2886630,25753412.0,6413790019.26,2784135698.37
2017-06-30,'600814,杭州解百,9.02,9.06,8.85,8.86,8.88,0.14,1.5766,1.235,3833112,34413209.0,6449541357.16,2799654849.42
2017-06-29,'600814,杭州解百,8.88,8.94,8.84,8.91,8.91,-0.03,-0.3367,0.6717,2084984,18532900.0,6349437611.04,2756201226.48
2017-06-28,'600814,杭州解百,8.91,8.96,8.86,8.92,8.9,0.01,0.1124,0.7879,2445569,21782938.0,6370888413.78,2765512717.11
2017-06-27,'600814,杭州解百,8.9,8.97,8.85,8.93,8.95,-0.05,-0.5587,0.9051,2809325,25001894.0,6363738146.2,2762408886.9
2017-06-26,'600814,杭州解百,8.95,8.95,8.66,8.71,8.72,0.23,2.6376,1.382,4289459,37902371.0,6399489484.1,2777928037.95
2017-06-23,'600814,杭州解百,8.72,8.85,8.55,8.81,8.8,-0.08,-0.9091,1.6072,4988481,43232828.0,6235033329.76,2706539943.12
2017-06-22,'600814,杭州解百,8.8,9.16,8.79,9.16,9.16,-0.36,-3.9301,1.8881,5860400,52745331.0,6292235470.4,2731370584.8
2017-06-21,'600814,杭州解百,9.16,9.22,9.08,9.18,9.14,0.02,0.2188,0.9779,3035224,27707516.0,6549645103.28,2843108472.36
2017-06-20,'600814,杭州解百,9.14,9.25,9.13,9.19,9.2,-0.06,-0.6522,1.1184,3471378,31847531.0,6535344568.12,2836900811.94
2017-06-19,'600814,杭州解百,9.2,9.23,9.08,9.08,9.12,0.08,0.8772,1.0955,3400150,31126693.0,6578246173.6,2855523793.2
2017-06-16,'600814,杭州解百,9.12,9.2,9.08,9.19,9.24,-0.12,-1.2987,1.2935,4014820,36631152.0,6521044032.96,2830693151.52
2017-06-15,'600814,杭州解百,9.24,9.25,9.02,9.13,9.13,0.11,1.2048,1.9761,6133444,56090627.0,6606847243.92,2867939114.04
2017-06-14,'600814,杭州解百,9.13,9.45,9.02,9.08,9.08,0.05,0.5507,2.589,8035675,74167449.0,6528194300.54,2833796981.73
2017-06-13,'600814,杭州解百,9.08,9.16,9.01,9.05,9.03,0.05,0.5537,1.3293,4126057,37487996.0,6492442962.64,2818277830.68
2017-06-12,'600814,杭州解百,9.03,9.31,9.01,9.31,9.41,-0.38,-4.0383,2.9434,9135919,83254225.0,6456691624.74,2802758679.63
2017-06-09,'600814,杭州解百,9.41,9.63,9.16,9.19,9.08,0.33,3.6344,4.5467,14112209,132860756.0,6728401792.78,2920704227.61
2017-06-08,'600814,杭州解百,9.08,9.17,9.02,9.15,9.15,-0.07,-0.765,1.4619,4537396,41220998.0,6492442962.64,2818277830.68
2017-06-07,'600814,杭州解百,9.15,9.19,8.93,8.99,8.97,0.18,2.0067,2.1606,6706265,60828702.0,6542494835.7,2840004642.15
2017-06-06,'600814,杭州解百,8.97,9.16,8.91,9.1,9.15,-0.18,-1.9672,1.7677,5486600,49446054.0,6413790019.26,2784135698.37
2017-06-05,'600814,杭州解百,9.15,9.2,8.62,8.68,8.75,0.4,4.5714,2.9958,9298425,83724492.0,6542494835.7,2840004642.15
2017-06-02,'600814,杭州解百,8.75,8.92,8.12,8.92,9.02,-0.27,-2.9933,2.8159,8740029,75466050.0,6256484132.5,2715851433.75
2017-06-01,'600814,杭州解百,9.02,9.3,8.99,9.22,9.34,-0.32,-3.4261,4.2134,13077807,119465108.0,6449541357.16,2799654849.42
2017-05-31,'600814,杭州解百,9.34,9.34,8.68,8.7,8.49,0.85,10.0118,4.5209,14032254,127926939.0,6678349919.72,2898977416.14
2017-05-26,'600814,杭州解百,8.49,8.63,8.4,8.43,8.46,0.03,0.3546,0.7859,2439367,20768000.0,6070577175.42,2635151848.29
2017-05-25,'600814,杭州解百,8.46,8.52,8.14,8.36,8.36,0.1,1.1962,1.2319,3823515,31850486.0,6049126372.68,2625840357.66
2017-05-24,'600814,杭州解百,8.36,8.44,8.16,8.44,8.44,-0.08,-0.9479,1.2987,4031024,33337869.0,5977623696.88,2594802055.56
2017-05-23,'600814,杭州解百,8.44,8.84,8.42,8.82,8.85,-0.41,-4.6328,1.1759,3649683,31391382.0,6034825837.52,2619632697.24
2017-05-22,'600814,杭州解百,8.85,9.2,8.7,9.15,9.14,-0.29,-3.1729,1.1475,3561507,31881562.0,6327986808.3,2746889735.85
2017-05-19,'600814,杭州解百,9.14,9.2,9.01,9.08,9.07,0.07,0.7718,0.758,2352623,21451297.0,6535344568.12,2836900811.94
2017-05-18,'600814,杭州解百,9.07,9.23,9.05,9.2,9.32,-0.25,-2.6824,1.2479,3873145,35401948.0,6485292695.06,2815174000.47
2017-05-17,'600814,杭州解百,9.32,9.37,9.05,9.09,9.13,0.19,2.0811,1.8214,5653471,52143656.0,6664049384.56,2892769755.72
2017-05-16,'600814,杭州解百,9.13,9.14,8.83,8.93,8.88,0.25,2.8153,0.9393,2915500,26164998.0,6528194300.54,2833796981.73
2017-05-15,'600814,杭州解百,8.88,8.95,8.81,8.83,8.85,0.03,0.339,0.4374,1357700,12069432.0,6349437611.04,2756201226.48
2017-05-12,'600814,杭州解百,8.85,8.95,8.7,8.7,8.75,0.1,1.1429,1.3813,4287180,37946739.0,6327986808.3,2746889735.85
2017-05-11,'600814,杭州解百,8.75,8.93,8.49,8.85,8.93,-0.18,-2.0157,1.543,4789302,41726001.0,6256484132.5,2715851433.75
2017-05-10,'600814,杭州解百,8.93,9.28,8.92,9.15,9.26,-0.33,-3.5637,1.135,3522884,32146565.0,6385188948.94,2771720377.53
2017-05-09,'600814,杭州解百,9.26,9.35,8.88,8.92,8.96,0.3,3.3482,1.6548,5136065,47181499.0,6621147779.08,2874146774.46
2017-05-08,'600814,杭州解百,8.96,9.24,8.95,9.24,9.26,-0.3,-3.2397,1.1839,3674720,33414133.0,6406639751.68,2781031868.16
2017-05-05,'600814,杭州解百,9.26,9.47,9.22,9.41,9.48,-0.22,-2.3207,1.3203,4097967,38208799.0,6621147779.08,2874146774.46
2017-05-04,'600814,杭州解百,9.48,9.52,9.34,9.43,9.5,-0.02,-0.2105,1.0952,3399236,32120698.0,6778453665.84,2942431039.08
2017-05-03,'600814,杭州解百,9.5,9.62,9.47,9.6,9.62,-0.12,-1.2474,1.3235,4107866,39168136.0,6792754201.0,2948638699.5
2017-05-02,'600814,杭州解百,9.62,9.72,9.57,9.71,9.77,-0.15,-1.5353,1.271,3944851,38044991.0,6878557411.96,2985884662.02
2017-04-28,'600814,杭州解百,9.77,9.78,9.43,9.52,9.58,0.19,1.9833,2.6212,8135863,77658999.0,6985811425.66,3032442115.17
2017-04-27,'600814,杭州解百,9.58,9.68,9.26,9.68,9.69,-0.11,-1.1352,1.9783,6140228,58070309.0,6849956341.64,2973469341.18
2017-04-26,'600814,杭州解百,9.69,9.9,9.63,9.8,9.82,-0.13,-1.3238,1.2374,3840634,37551109.0,6928609285.02,3007611473.49
2017-04-25,'600814,杭州解百,9.82,9.98,9.74,9.85,9.84,-0.02,-0.2033,0.8997,2792373,27564409.0,7021562763.56,3047961266.22
2017-04-24,'600814,杭州解百,9.84,10.31,9.82,10.22,10.3,-0.46,-4.466,1.3112,4069820,40728094.0,7035863298.72,3054168926.64
2017-04-21,'600814,杭州解百,10.3,10.45,10.3,10.35,10.35,-0.05,-0.4831,0.6661,2067339,21443101.0,7364775607.4,3196945116.3
2017-04-20,'600814,杭州解百,10.35,10.58,10.28,10.48,10.49,-0.14,-1.3346,0.9627,2987940,31104772.0,7400526945.3,3212464267.35
2017-04-19,'600814,杭州解百,10.49,10.78,10.28,10.6,10.75,-0.26,-2.4186,1.4138,4388314,46086518.0,7500630691.42,3255917890.29
2017-04-18,'600814,杭州解百,10.75,11.07,10.69,10.95,10.95,-0.2,-1.8265,0.904,2805805,30677576.0,7686537648.5,3336617475.75
2017-04-17,'600814,杭州解百,10.95,11.32,10.87,11.32,11.34,-0.39,-3.4392,1.4105,4377930,48355449.0,7829543000.1,3398694079.95
2017-04-14,'600814,杭州解百,11.34,11.53,11.32,11.34,11.35,-0.01,-0.0881,1.1801,3662750,41803388.0,8108403435.72,3519743458.14
2017-04-13,'600814,杭州解百,11.35,11.53,11.34,11.42,11.43,-0.08,-0.6999,1.0039,3115952,35583856.0,8115553703.3,3522847288.35
2017-04-12,'600814,杭州解百,11.43,11.64,11.38,11.44,11.54,-0.11,-0.9532,1.4934,4635108,53258170.0,8172755843.94,3547677930.03
2017-04-11,'600814,杭州解百,11.54,11.55,11.29,11.53,11.51,0.03,0.2606,1.9258,5977494,68213596.0,8251408787.32,3581820062.34
2017-04-10,'600814,杭州解百,11.51,11.87,11.48,11.86,11.89,-0.38,-3.196,2.3512,7297829,84432210.0,8229957984.58,3572508571.71
2017-04-07,'600814,杭州解百,11.89,12.03,11.81,12.03,12.03,-0.14,-1.1638,1.6774,5206425,61877722.0,8501668152.62,3690454119.69
2017-04-06,'600814,杭州解百,12.03,12.46,11.99,12.46,12.14,-0.11,-0.9061,2.2171,6881450,83497109.0,8601771898.74,3733907742.63
2017-04-05,'600814,杭州解百,12.14,12.23,11.84,11.93,11.93,0.21,1.7603,2.6261,8151077,98579566.0,8680424842.12,3768049874.94
2017-03-31,'600814,杭州解百,11.93,11.97,11.63,11.69,11.63,0.3,2.5795,1.9218,5965013,70341823.0,8530269222.94,3702869440.53
2017-03-30,'600814,杭州解百,11.63,12.1,11.6,12.0,12.08,-0.45,-3.7252,2.0993,6515850,76864658.0,8315761195.54,3609754534.23
2017-03-29,'600814,杭州解百,12.08,12.12,11.91,12.02,12.03,0.05,0.4156,2.674,8299488,99816640.0,8637523236.64,3749426893.68
2017-03-28,'600814,杭州解百,12.03,12.55,11.52,11.55,11.59,0.44,3.7964,5.0827,15775759,191277625.0,8601771898.74,3733907742.63
2017-03-27,'600814,杭州解百,11.59,11.65,11.48,11.55,11.58,0.01,0.0864,1.3997,4344524,50173331.0,8287160125.22,3597339213.39
2017-03-24,'600814,杭州解百,11.58,11.71,11.4,11.68,11.68,-0.1,-0.8562,1.5514,4815330,55685281.0,8280009857.64,3594235383.18
2017-03-23,'600814,杭州解百,11.68,11.82,11.57,11.62,11.66,0.02,0.1715,1.6266,5048696,58952907.0,8351512533.44,3625273685.28
2017-03-22,'600814,杭州解百,11.66,11.99,11.59,11.92,12.02,-0.36,-2.995,2.1567,6694015,78568893.0,8337211998.28,3619066024.86
2017-03-21,'600814,杭州解百,12.02,12.16,11.92,12.12,12.14,-0.12,-0.9885,1.3949,4329626,51853143.0,8594621631.16,3730803912.42
2017-03-20,'600814,杭州解百,12.14,12.23,11.88,11.91,11.94,0.2,1.675,2.4048,7464180,90435763.0,8680424842.12,3768049874.94
2017-03-17,'600814,杭州解百,11.94,12.18,11.75,11.78,11.84,0.1,0.8446,3.427,10636972,127451957.0,8537419490.52,3705973270.74
2017-03-16,'600814,杭州解百,11.84,11.84,11.56,11.56,11.55,0.29,2.5108,2.0025,6215499,72917606.0,8465916814.72,3674934968.64
2017-03-15,'600814,杭州解百,11.55,11.73,11.54,11.73,11.71,-0.16,-1.3664,1.6468,5111307,59347236.0,8258559054.9,3584923892.55
2017-03-14,'600814,杭州解百,11.71,11.85,11.65,11.74,11.79,-0.08,-0.6785,1.6137,5008726,58829533.0,8372963336.18,3634585175.91
2017-03-13,'600814,杭州解百,11.79,11.9,11.58,11.85,11.91,-0.12,-1.0076,2.458,7629215,89328289.0,8430165476.82,3659415817.59
2017-03-10,'600814,杭州解百,11.91,12.15,11.8,11.85,11.91,0.0,0.0,1.9414,6025736,72106106.0,8515968687.78,3696661780.11
2017-03-09,'600814,杭州解百,11.91,12.2,11.8,12.12,12.09,-0.18,-1.4888,2.771,8600735,103014243.0,8515968687.78,3696661780.11
2017-03-08,'600814,杭州解百,12.09,12.26,12.04,12.25,12.25,-0.16,-1.3061,2.0758,6442994,78128513.0,8644673504.22,3752530723.89
2017-03-07,'600814,杭州解百,12.25,12.32,12.14,12.2,12.25,0.0,0.0,2.1096,6547887,79979225.0,8759077785.5,3802192007.25
2017-03-06,'600814,杭州解百,12.25,12.27,12.01,12.2,12.2,0.05,0.4098,2.7042,8393320,102179097.0,8759077785.5,3802192007.25
2017-03-03,'600814,杭州解百,12.2,12.32,11.95,12.18,12.21,-0.01,-0.0819,2.8805,8940576,108420402.0,8723326447.6,3786672856.2
2017-03-02,'600814,杭州解百,12.21,12.69,12.11,12.55,12.68,-0.47,-3.7066,5.2834,16398903,202443570.0,8730476715.18,3789776686.41
2017-03-01,'600814,杭州解百,12.68,12.73,12.55,12.58,12.65,0.03,0.2372,2.558,7939460,100444532.0,9066539291.44,3935656706.28
2017-02-28,'600814,杭州解百,12.65,13.0,12.51,12.88,12.97,-0.32,-2.4672,5.1287,15918512,201871922.0,9045088488.7,3926345215.65
2017-02-27,'600814,杭州解百,12.97,13.75,12.95,13.48,13.38,-0.41,-3.0643,6.0272,18707317,247757083.0,9273897051.26,4025667782.37
2017-02-24,'600814,杭州解百,13.38,13.45,13.13,13.25,13.23,0.15,1.1338,5.0103,15551199,207887975.0,9567058022.04,4152924820.98
2017-02-23,'600814,杭州解百,13.23,13.44,13.1,13.3,13.3,-0.07,-0.5263,4.9714,15430481,204290592.0,9459804008.34,4106367367.83
2017-02-22,'600814,杭州解百,13.3,13.48,13.17,13.48,13.74,-0.44,-3.2023,7.7115,23935077,317772513.0,9509855881.4,4128094179.3
2017-02-21,'600814,杭州解百,13.74,13.91,12.71,12.8,12.74,1.0,7.8493,13.5678,42112003,563896630.0,9824467654.92,4264662708.54
2017-02-20,'600814,杭州解百,12.74,12.76,12.42,12.5,12.57,0.17,1.3524,3.731,11580431,145776803.0,9109440896.92,3954279687.54
2017-02-17,'600814,杭州解百,12.57,13.18,12.49,13.0,13.05,-0.48,-3.6782,4.9141,15252514,194625517.0,8987886348.06,3901514573.97
2017-02-16,'600814,杭州解百,13.05,13.06,12.83,12.96,13.11,-0.06,-0.4577,5.0559,15692645,203461874.0,9331099191.9,4050498424.05
2017-02-15,'600814,杭州解百,13.11,13.2,12.56,12.8,12.76,0.35,2.7429,7.4252,23046509,298035201.0,9374000797.38,4069121405.31
2017-02-14,'600814,杭州解百,12.76,13.09,12.73,12.83,12.87,-0.11,-0.8547,4.103,12735027,164080145.0,9123741432.08,3960487347.96
2017-02-13,'600814,杭州解百,12.87,12.91,12.52,12.53,12.6,0.27,2.1429,4.2679,13246731,169263445.0,9202394375.46,3994629480.27
2017-02-10,'600814,杭州解百,12.6,12.92,12.55,12.8,12.83,-0.23,-1.7927,4.7372,14703548,187271879.0,9009337150.8,3910826064.6
2017-02-09,'600814,杭州解百,12.83,13.29,12.72,13.03,13.08,-0.25,-1.9113,6.5919,20460233,264749069.0,9173793305.14,3982214159.43
2017-02-08,'600814,杭州解百,13.08,13.15,12.8,13.01,13.23,-0.15,-1.1338,6.0011,18626252,241626893.0,9352549994.64,4059809914.68
2017-02-07,'600814,杭州解百,13.23,13.5,12.67,12.67,12.78,0.45,3.5211,10.3072,31991782,417419385.0,9459804008.34,4106367367.83
2017-02-06,'600814,杭州解百,12.78,12.83,12.42,12.46,12.6,0.18,1.4286,7.5336,23383036,296368744.0,9138041967.24,3966695008.38
2017-02-03,'600814,杭州解百,12.6,12.88,11.88,11.89,11.88,0.72,6.0606,8.3452,25902007,322731233.0,9009337150.8,3910826064.6
2017-01-26,'600814,杭州解百,11.88,12.07,11.83,11.97,11.95,-0.07,-0.5858,3.0005,9313146,111203460.0,8494517885.04,3687350289.48
2017-01-25,'600814,杭州解百,11.95,12.24,11.72,11.8,11.89,0.06,0.5046,3.9776,12345800,148019297.0,8544569758.1,3709077100.95
2017-01-24,'600814,杭州解百,11.89,12.4,11.85,12.27,12.37,-0.48,-3.8804,5.8093,18031125,217612480.0,8501668152.62,3690454119.69
2017-01-23,'600814,杭州解百,12.37,12.75,12.19,12.4,12.5,-0.13,-1.04,6.7212,20861319,260474448.0,8844880996.46,3839437969.77
2017-01-20,'600814,杭州解百,12.5,12.6,11.81,12.06,12.27,0.23,1.8745,6.8482,21255777,260968336.0,8937834475.0,3879787762.5
2017-01-19,'600814,杭州解百,12.27,12.86,12.25,12.3,12.3,-0.03,-0.2439,7.7135,23941358,299934671.0,8773378320.66,3808399667.67
2017-01-18,'600814,杭州解百,12.3,12.64,12.21,12.5,12.69,-0.39,-3.0733,8.3836,26021256,322448356.0,8794829123.4,3817711158.3
2017-01-17,'600814,杭州解百,12.69,13.12,11.79,11.82,12.03,0.66,5.4863,11.5668,35901467,444221739.0,9073689559.02,3938760536.49
2017-01-16,'600814,杭州解百,12.03,12.76,11.34,12.45,12.56,-0.53,-4.2197,10.141,31476024,382748754.0,8601771898.74,3733907742.63
2017-01-13,'600814,杭州解百,12.56,13.44,12.39,13.4,13.77,-1.21,-8.7872,13.6046,42226489,544335870.0,8980736080.48,3898410743.76
2017-01-12,'600814,杭州解百,13.77,14.39,13.33,13.65,14.09,-0.32,-2.2711,18.352,56961593,788008049.0,9845918457.66,4273974199.17
2017-01-11,'600814,杭州解百,14.09,15.14,13.8,14.3,13.76,0.33,2.3983,26.0973,81001684,1166731059.0,10074727020.2,4373296765.89
2017-01-10,'600814,杭州解百,13.76,13.76,12.79,13.0,12.51,1.25,9.992,9.6393,29918626,396958821.0,9838768190.08,4270870368.96
2017-01-09,'600814,杭州解百,12.51,12.51,10.65,10.7,11.37,1.14,10.0264,9.8619,30609702,351427629.0,8944984742.58,3882891592.71
2017-01-06,'600814,杭州解百,0.0,0.0,0.0,0.0,11.37,None,None,0.0,0,0.0,8129854238.46,3529054948.77
2017-01-05,'600814,杭州解百,0.0,0.0,0.0,0.0,11.37,None,None,0.0,0,0.0,8129854238.46,3529054948.77
2017-01-04,'600814,杭州解百,0.0,0.0,0.0,0.0,11.37,None,None,0.0,0,0.0,8129854238.46,3529054948.77
2017-01-03,'600814,杭州解百,0.0,0.0,0.0,0.0,11.37,None,None,0.0,0,0.0,8129854238.46,3529054948.77
2016-12-30,'600814,杭州解百,0.0,0.0,0.0,0.0,11.37,None,None,0.0,0,0.0,8129854238.46,3529054948.77
2016-12-29,'600814,杭州解百,0.0,0.0,0.0,0.0,11.37,None,None,0.0,0,0.0,8129854238.46,3529054948.77
2016-12-28,'600814,杭州解百,0.0,0.0,0.0,0.0,11.37,None,None,0.0,0,0.0,8129854238.46,3529054948.77
2016-12-27,'600814,杭州解百,0.0,0.0,0.0,0.0,11.37,None,None,0.0,0,0.0,8129854238.46,3529054948.77
2016-12-26,'600814,杭州解百,0.0,0.0,0.0,0.0,11.37,None,None,0.0,0,0.0,8129854238.46,3529054948.77
2016-12-23,'600814,杭州解百,11.37,11.71,10.81,10.93,10.95,0.42,3.8356,12.6044,39122010,446949481.0,8129854238.46,3529054948.77
2016-12-22,'600814,杭州解百,10.95,11.11,10.68,10.78,10.87,0.08,0.736,6.0798,18870703,206162339.0,7829543000.1,3398694079.95
2016-12-21,'600814,杭州解百,10.87,10.95,10.61,10.88,10.88,-0.01,-0.0919,6.2546,19413324,208685375.0,7772340859.46,3373863438.27
2016-12-20,'600814,杭州解百,10.88,11.23,10.78,11.16,11.3,-0.42,-3.7168,6.6258,20565391,225076450.0,7779491127.04,3376967268.48
2016-12-19,'600814,杭州解百,11.3,11.48,11.0,11.15,11.19,0.11,0.983,7.7781,24141883,271567764.0,8079802365.4,3507328137.3
2016-12-16,'600814,杭州解百,11.19,11.73,11.11,11.44,11.65,-0.46,-3.9485,11.7732,36541876,414711073.0,8001149422.02,3473186004.99
2016-12-15,'600814,杭州解百,11.65,12.18,10.76,11.02,11.23,0.42,3.74,17.678,54869585,629660408.0,8330061730.7,3615962194.65
2016-12-14,'600814,杭州解百,11.23,11.78,10.52,10.77,10.87,0.36,3.3119,16.7062,51853151,577110767.0,8029750492.34,3485601325.83
2016-12-13,'600814,杭州解百,10.87,11.2,10.4,11.2,11.4,-0.53,-4.6491,13.5713,42123125,454916727.0,7772340859.46,3373863438.27
2016-12-12,'600814,杭州解百,11.4,12.02,11.11,11.14,10.93,0.47,4.3001,21.2906,66082421,760700146.0,8151305041.2,3538366439.4
2016-12-09,'600814,杭州解百,10.93,10.93,9.85,9.9,9.94,0.99,9.9598,4.8396,15021391,161564656.0,7815242464.94,3392486419.53
2016-12-08,'600814,杭州解百,9.94,10.19,9.9,10.17,10.16,-0.22,-2.1654,2.3138,7181516,71812837.0,7107365974.52,3085207228.74
2016-12-07,'600814,杭州解百,10.16,10.32,9.72,9.73,9.73,0.43,4.4193,3.2592,10116037,102074054.0,7264671861.28,3153491493.36
2016-12-06,'600814,杭州解百,9.73,9.79,9.68,9.75,9.72,0.01,0.1029,0.7307,2268024,22086023.0,6957210355.34,3020026794.33
2016-12-05,'600814,杭州解百,9.72,9.93,9.66,9.72,9.79,-0.07,-0.715,0.76,2358767,23145984.0,6950060087.76,3016922964.12
2016-12-02,'600814,杭州解百,9.79,10.0,9.77,9.93,9.98,-0.19,-1.9038,1.1742,3644483,35890582.0,7000111960.82,3038649775.59
2016-12-01,'600814,杭州解百,9.98,10.0,9.84,9.87,9.87,0.11,1.1145,0.9789,3038488,30178624.0,7135967044.84,3097622549.58
2016-11-30,'600814,杭州解百,9.87,9.98,9.8,9.92,9.93,-0.06,-0.6042,1.4186,4403241,43505791.0,7057314101.46,3063480417.27
2016-11-29,'600814,杭州解百,9.93,10.14,9.91,10.11,10.11,-0.18,-1.7804,1.5586,4837550,48480696.0,7100215706.94,3082103398.53
2016-11-28,'600814,杭州解百,10.11,10.22,10.05,10.2,10.19,-0.08,-0.7851,1.0158,3152791,31906029.0,7228920523.38,3137972342.31
2016-11-25,'600814,杭州解百,10.19,10.26,10.03,10.18,10.17,0.02,0.1967,1.4315,4443225,44949784.0,7286122664.02,3162802983.99
2016-11-24,'600814,杭州解百,10.17,10.3,10.13,10.18,10.22,-0.05,-0.4892,1.2702,3942607,40185789.0,7271822128.86,3156595323.57
2016-11-23,'600814,杭州解百,10.22,10.34,10.11,10.29,10.33,-0.11,-1.0649,2.1299,6610809,67433375.0,7307573466.76,3172114474.62
2016-11-22,'600814,杭州解百,10.33,10.34,10.02,10.06,10.06,0.27,2.6839,2.9349,9109498,93078996.0,7386226410.14,3206256606.93
2016-11-21,'600814,杭州解百,10.06,10.15,9.93,9.96,10.02,0.04,0.3992,1.7267,5359290,54003924.0,7193169185.48,3122453191.26
2016-11-18,'600814,杭州解百,10.02,10.09,9.97,10.02,10.02,0.0,0.0,1.5734,4883601,48970050.0,7164568115.16,3110037870.42
2016-11-17,'600814,杭州解百,10.02,10.04,9.87,9.93,9.93,0.09,0.9063,1.8774,5827064,58151593.0,7164568115.16,3110037870.42
2016-11-16,'600814,杭州解百,9.93,9.98,9.9,9.94,9.95,-0.02,-0.201,0.9928,3081341,30590135.0,7100215706.94,3082103398.53
2016-11-15,'600814,杭州解百,9.95,9.97,9.83,9.87,9.89,0.06,0.6067,1.4524,4507924,44621227.0,7114516242.1,3088311058.95
2016-11-14,'600814,杭州解百,9.89,9.92,9.8,9.92,9.91,-0.02,-0.2018,1.4822,4600473,45435598.0,7071614636.62,3069688077.69
2016-11-11,'600814,杭州解百,9.91,9.92,9.83,9.9,9.87,0.04,0.4053,1.3531,4199868,41515490.0,7085915171.78,3075895738.11
2016-11-10,'600814,杭州解百,9.87,9.89,9.75,9.78,9.73,0.14,1.4388,1.4456,4486871,44227462.0,7057314101.46,3063480417.27
2016-11-09,'600814,杭州解百,9.73,9.87,9.65,9.84,9.83,-0.1,-1.0173,1.4236,4418670,43209630.0,6957210355.34,3020026794.33
2016-11-08,'600814,杭州解百,9.83,9.84,9.77,9.79,9.76,0.07,0.7172,1.2407,3851009,37792127.0,7028713031.14,3051065096.43
2016-11-07,'600814,杭州解百,9.76,9.81,9.7,9.76,9.75,0.01,0.1026,0.9526,2956650,28868487.0,6978661158.08,3029338284.96
2016-11-04,'600814,杭州解百,9.75,9.82,9.72,9.79,9.79,-0.04,-0.4086,0.916,2843031,27808368.0,6971510890.5,3026234454.75
2016-11-03,'600814,杭州解百,9.79,9.81,9.6,9.6,9.6,0.19,1.9792,1.6649,5167417,50238335.0,7000111960.82,3038649775.59
2016-11-02,'600814,杭州解百,9.6,9.78,9.56,9.72,9.76,-0.16,-1.6393,1.1927,3701920,35757636.0,6864256876.8,2979677001.6
2016-11-01,'600814,杭州解百,9.76,9.77,9.6,9.62,9.61,0.15,1.5609,1.2555,3896862,37812565.0,6978661158.08,3029338284.96
2016-10-31,'600814,杭州解百,9.61,9.65,9.54,9.65,9.66,-0.05,-0.5176,1.0546,3273318,31385539.0,6871407144.38,2982780831.81
2016-10-28,'600814,杭州解百,9.66,9.84,9.65,9.79,9.84,-0.18,-1.8293,1.6639,5164482,50279389.0,6907158482.28,2998299982.86
2016-10-27,'600814,杭州解百,9.84,9.9,9.78,9.89,9.91,-0.07,-0.7064,1.2372,3840114,37741432.0,7035863298.72,3054168926.64
2016-10-26,'600814,杭州解百,9.91,9.92,9.82,9.91,9.9,0.01,0.101,1.4673,4554121,44978980.0,7085915171.78,3075895738.11
2016-10-25,'600814,杭州解百,9.9,9.9,9.71,9.74,9.75,0.15,1.5385,2.0267,6290391,61936754.0,7078764904.2,3072791907.9
2016-10-24,'600814,杭州解百,9.75,9.76,9.6,9.68,9.7,0.05,0.5155,1.6272,5050628,48926529.0,6971510890.5,3026234454.75
2016-10-21,'600814,杭州解百,9.7,9.82,9.65,9.8,9.81,-0.11,-1.1213,1.5558,4828978,46949892.0,6935759552.6,3010715303.7
2016-10-20,'600814,杭州解百,9.81,9.82,9.75,9.81,9.79,0.02,0.2043,1.3108,4068377,39835612.0,7014412495.98,3044857436.01
2016-10-19,'600814,杭州解百,9.79,9.84,9.74,9.77,9.79,0.0,0.0,1.5495,4809426,47102142.0,7000111960.82,3038649775.59
2016-10-18,'600814,杭州解百,9.79,9.79,9.6,9.66,9.68,0.11,1.1364,1.0036,3115138,30295772.0,7000111960.82,3038649775.59
2016-10-17,'600814,杭州解百,9.68,9.82,9.66,9.77,9.78,-0.1,-1.0225,1.0391,3225081,31431622.0,6921459017.44,3004507643.28
2016-10-14,'600814,杭州解百,9.78,9.78,9.62,9.76,9.76,0.02,0.2049,1.4402,4470003,43351048.0,6992961693.24,3035545945.38
2016-10-13,'600814,杭州解百,9.76,9.82,9.72,9.82,9.82,-0.06,-0.611,1.1006,3415932,33330516.0,6978661158.08,3029338284.96
2016-10-12,'600814,杭州解百,9.82,9.83,9.75,9.78,9.87,-0.05,-0.5066,1.3234,4107704,40187800.0,7021562763.56,3047961266.22
2016-10-11,'600814,杭州解百,9.87,9.88,9.7,9.78,9.78,0.09,0.9202,3.1797,9869231,96617108.0,7057314101.46,3063480417.27
2016-10-10,'600814,杭州解百,9.78,9.82,9.67,9.74,9.68,0.1,1.0331,1.5935,4945830,48242277.0,6992961693.24,3035545945.38
2016-09-30,'600814,杭州解百,9.68,9.72,9.62,9.69,9.66,0.02,0.207,0.5742,1782281,17233231.0,6921459017.44,3004507643.28
2016-09-29,'600814,杭州解百,9.66,9.78,9.55,9.57,9.57,0.09,0.9404,0.8679,2693734,26028021.0,6907158482.28,2998299982.86
2016-09-28,'600814,杭州解百,9.57,9.62,9.5,9.62,9.62,-0.05,-0.5198,0.6577,2041297,19505532.0,6842806074.06,2970365510.97
2016-09-27,'600814,杭州解百,9.62,9.64,9.44,9.58,9.61,0.01,0.1041,0.9647,2994161,28613543.0,6878557411.96,2985884662.02
2016-09-26,'600814,杭州解百,9.61,9.98,9.6,9.92,9.94,-0.33,-3.3199,1.5011,4659135,45631606.0,6871407144.38,2982780831.81
2016-09-23,'600814,杭州解百,9.94,10.02,9.9,9.98,9.93,0.01,0.1007,0.789,2448803,24393855.0,7107365974.52,3085207228.74
2016-09-22,'600814,杭州解百,9.93,10.04,9.93,10.03,9.99,-0.06,-0.6006,0.9596,2978500,29741279.0,7100215706.94,3082103398.53
2016-09-21,'600814,杭州解百,9.99,10.03,9.94,9.96,10.01,-0.02,-0.1998,0.9308,2889035,28845735.0,7143117312.42,3100726379.79
2016-09-20,'600814,杭州解百,10.01,10.03,9.84,9.9,9.9,0.11,1.1111,1.3941,4327015,43087988.0,7157417847.58,3106934040.21
2016-09-19,'600814,杭州解百,9.9,9.91,9.8,9.85,9.84,0.06,0.6098,1.0997,3413379,33649395.0,7078764904.2,3072791907.9
2016-09-14,'600814,杭州解百,9.84,9.93,9.79,9.86,9.91,-0.07,-0.7064,0.831,2579420,25411885.0,7035863298.72,3054168926.64
2016-09-13,'600814,杭州解百,9.91,9.95,9.83,9.9,9.86,0.05,0.5071,1.0551,3275005,32385979.0,7085915171.78,3075895738.11
2016-09-12,'600814,杭州解百,9.86,10.07,9.85,10.01,10.18,-0.32,-3.1434,1.6082,4991692,49724982.0,7050163833.88,3060376587.06
2016-09-09,'600814,杭州解百,10.18,10.29,10.17,10.26,10.25,-0.07,-0.6829,1.359,4218153,43207726.0,7278972396.44,3159699153.78
2016-09-08,'600814,杭州解百,10.25,10.31,10.17,10.26,10.26,-0.01,-0.0975,1.6737,5194831,53130810.0,7329024269.5,3181425965.25
2016-09-07,'600814,杭州解百,10.26,10.34,10.22,10.3,10.31,-0.05,-0.485,1.4048,4360299,44910618.0,7336174537.08,3184529795.46
2016-09-06,'600814,杭州解百,10.31,10.32,10.07,10.25,10.23,0.08,0.782,1.9432,6031473,61571672.0,7371925874.98,3200048946.51
2016-09-05,'600814,杭州解百,10.23,10.44,10.2,10.41,10.34,-0.11,-1.0638,2.1565,6693321,68916778.0,7314723734.34,3175218304.83
2016-09-02,'600814,杭州解百,10.34,10.49,10.28,10.38,10.34,0.0,0.0,1.7287,5365460,55736301.0,7393376677.72,3209360437.14
2016-09-01,'600814,杭州解百,10.34,10.56,10.26,10.55,10.52,-0.18,-1.711,2.3255,7217849,75238008.0,7393376677.72,3209360437.14
2016-08-31,'600814,杭州解百,10.52,10.57,10.43,10.47,10.47,0.05,0.4776,1.4028,4354177,45686876.0,7522081494.16,3265229380.92
2016-08-30,'600814,杭州解百,10.47,10.64,10.42,10.62,10.62,-0.15,-1.4124,2.0476,6355266,66764289.0,7486330156.26,3249710229.87
2016-08-29,'600814,杭州解百,10.62,10.65,10.46,10.54,10.54,0.08,0.759,1.8138,5629681,59664454.0,7593584169.96,3296267683.02
2016-08-26,'600814,杭州解百,10.54,10.63,10.44,10.57,10.5,0.04,0.381,1.6657,5170097,54547338.0,7536382029.32,3271437041.34
2016-08-25,'600814,杭州解百,10.5,10.76,10.34,10.69,10.79,-0.29,-2.6877,2.7312,8477171,88876628.0,7507780959.0,3259021720.5
2016-08-24,'600814,杭州解百,10.79,10.83,10.63,10.7,10.66,0.13,1.2195,1.889,5863272,62921819.0,7715138718.82,3349032796.59
2016-08-23,'600814,杭州解百,10.66,10.83,10.55,10.72,10.78,-0.12,-1.1132,2.1662,6723465,71737539.0,7622185240.28,3308683003.86
2016-08-22,'600814,杭州解百,10.78,11.16,10.73,10.77,10.8,-0.02,-0.1852,4.0646,12615679,138436977.0,7707988451.24,3345928966.38
2016-08-19,'600814,杭州解百,10.8,10.91,10.76,10.88,10.85,-0.05,-0.4608,2.1109,6551799,70975393.0,7722288986.4,3352136626.8
2016-08-18,'600814,杭州解百,10.85,10.96,10.69,10.75,10.76,0.09,0.8364,2.4968,7749653,83831498.0,7758040324.3,3367655777.85
2016-08-17,'600814,杭州解百,10.76,10.83,10.67,10.75,10.77,-0.01,-0.0929,1.8213,5653138,60763683.0,7693687916.08,3339721305.96
2016-08-16,'600814,杭州解百,10.77,10.87,10.52,10.57,10.52,0.25,2.3764,3.5636,11060950,119253189.0,7700838183.66,3342825136.17
2016-08-15,'600814,杭州解百,10.52,10.62,10.18,10.21,10.24,0.28,2.7344,2.3545,7308113,76436477.0,7522081494.16,3265229380.92
2016-08-12,'600814,杭州解百,10.24,10.29,10.0,10.14,10.05,0.19,1.8905,1.6277,5051959,51250489.0,7321874001.92,3178322135.04
2016-08-11,'600814,杭州解百,10.05,10.45,10.0,10.37,10.37,-0.32,-3.0858,2.0089,6235296,64055332.0,7186018917.9,3119349361.05
2016-08-10,'600814,杭州解百,10.37,10.54,10.36,10.43,10.52,-0.15,-1.4259,1.0761,3339916,34926659.0,7414827480.46,3218671927.77
2016-08-09,'600814,杭州解百,10.52,10.55,10.36,10.52,10.52,0.0,0.0,1.9665,6103648,63753738.0,7522081494.16,3265229380.92
2016-08-08,'600814,杭州解百,10.52,10.54,10.22,10.37,10.44,0.08,0.7663,1.3026,4042960,42089574.0,7522081494.16,3265229380.92
2016-08-05,'600814,杭州解百,10.44,10.52,10.28,10.4,10.45,-0.01,-0.0957,1.7546,5446044,56608465.0,7464879353.52,3240398739.24
2016-08-04,'600814,杭州解百,10.45,10.46,10.04,10.12,10.11,0.34,3.363,2.0382,6326150,65074246.0,7472029621.1,3243502569.45
2016-08-03,'600814,杭州解百,10.11,10.14,9.98,10.05,10.07,0.04,0.3972,1.0095,3133442,31556847.0,7228920523.38,3137972342.31
2016-08-02,'600814,杭州解百,10.07,10.09,9.87,9.98,9.93,0.14,1.4099,0.7642,2372022,23633731.0,7200319453.06,3125557021.47
2016-08-01,'600814,杭州解百,9.93,10.29,9.8,10.25,10.29,-0.36,-3.4985,1.7402,5401226,54067664.0,7100215706.94,3082103398.53
2016-07-29,'600814,杭州解百,10.29,10.4,10.12,10.38,10.36,-0.07,-0.6757,1.365,4236653,43456447.0,7357625339.82,3193841286.09
2016-07-28,'600814,杭州解百,10.36,10.45,10.06,10.35,10.37,-0.01,-0.0964,1.9262,5978568,61246991.0,7407677212.88,3215568097.56
2016-07-27,'600814,杭州解百,10.37,10.92,10.25,10.86,10.9,-0.53,-4.8624,3.4621,10745758,113733280.0,7414827480.46,3218671927.77
2016-07-26,'600814,杭州解百,10.9,11.27,10.75,10.95,10.99,-0.09,-0.8189,3.556,11037351,120611163.0,7793791662.2,3383174928.9
2016-07-25,'600814,杭州解百,10.99,11.1,10.8,10.82,10.84,0.15,1.3838,3.1284,9709967,106476543.0,7858144070.42,3411109400.79
2016-07-22,'600814,杭州解百,10.84,10.94,10.71,10.72,10.79,0.05,0.4634,2.5352,7868952,85260581.0,7750890056.72,3364551947.64
2016-07-21,'600814,杭州解百,10.79,10.92,10.66,10.7,10.75,0.04,0.3721,2.522,7827942,84573357.0,7715138718.82,3349032796.59
2016-07-20,'600814,XD杭州解,10.75,10.82,10.63,10.75,10.76,-0.01,-0.0929,2.294,7120052,76421233.0,7686537648.5,3336617475.75
2016-07-19,'600814,杭州解百,10.86,10.91,10.53,10.58,10.6,0.26,2.4528,2.705,8395724,89964498.0,7765190591.88,3370759608.06
2016-07-18,'600814,杭州解百,10.6,10.72,10.51,10.54,10.55,0.05,0.4739,2.2464,6972414,74069645.0,7579283634.8,3290060022.6
2016-07-15,'600814,杭州解百,10.55,10.79,10.47,10.53,10.51,0.04,0.3806,1.9533,6062742,64102420.0,7543532296.9,3274540871.55
2016-07-14,'600814,杭州解百,10.51,10.63,10.45,10.48,10.47,0.04,0.382,1.5914,4939306,51975560.0,7514931226.58,3262125550.71
2016-07-13,'600814,杭州解百,10.47,10.56,10.42,10.48,10.48,-0.01,-0.0954,1.2775,3965096,41567540.0,7486330156.26,3249710229.87
2016-07-12,'600814,杭州解百,10.48,10.55,10.17,10.35,10.31,0.17,1.6489,1.9359,6008670,62459333.0,7493480423.84,3252814060.08
2016-07-11,'600814,杭州解百,10.31,10.72,10.25,10.7,10.62,-0.31,-2.919,2.2707,7047987,73942046.0,7371925874.98,3200048946.51
2016-07-08,'600814,杭州解百,10.62,10.77,10.6,10.7,10.68,-0.06,-0.5618,1.0721,3327644,35496791.0,7593584169.96,3296267683.02
2016-07-07,'600814,杭州解百,10.68,10.84,10.58,10.73,10.84,-0.16,-1.476,1.6878,5238742,55973102.0,7636485775.44,3314890664.28
2016-07-06,'600814,杭州解百,10.84,11.03,10.54,10.67,10.69,0.15,1.4032,2.5102,7791084,84317125.0,7750890056.72,3364551947.64
2016-07-05,'600814,杭州解百,10.69,10.71,10.47,10.55,10.57,0.12,1.1353,1.6689,5180115,54813541.0,7643636043.02,3317994494.49
2016-07-04,'600814,杭州解百,10.57,10.6,10.32,10.33,10.43,0.14,1.3423,1.7097,5306680,55595452.0,7557832832.06,3280748531.97
2016-07-01,'600814,杭州解百,10.43,10.8,10.38,10.59,10.59,-0.16,-1.5109,2.1604,6705437,70698366.0,7457729085.94,3237294909.03
2016-06-30,'600814,杭州解百,10.59,10.7,10.45,10.53,10.54,0.05,0.4744,2.3464,7282868,77126652.0,7572133367.22,3286956192.39
2016-06-29,'600814,杭州解百,10.54,11.1,10.2,10.33,10.27,0.27,2.629,2.5892,8036498,85474648.0,7536382029.32,3271437041.34
2016-06-28,'600814,杭州解百,10.27,10.36,10.06,10.13,10.18,0.09,0.8841,1.5709,4875664,49629673.0,7343324804.66,3187633625.67
2016-06-27,'600814,杭州解百,10.18,10.2,9.8,9.84,9.88,0.3,3.0364,1.4428,4478323,44880569.0,7278972396.44,3159699153.78
2016-06-24,'600814,杭州解百,9.88,10.06,9.63,10.02,10.05,-0.17,-1.6915,1.0243,3179315,31412765.0,7064464369.04,3066584247.48
2016-06-23,'600814,杭州解百,10.05,10.25,10.01,10.15,10.17,-0.12,-1.1799,0.69,2141787,21663100.0,7186018917.9,3119349361.05
2016-06-22,'600814,杭州解百,10.17,10.25,9.95,9.95,10.04,0.13,1.2948,1.0227,3174297,32033207.0,7271822128.86,3156595323.57
2016-06-21,'600814,杭州解百,10.04,10.11,9.93,9.98,9.94,0.1,1.006,1.4603,4532404,45439169.0,7178868650.32,3116245530.84
2016-06-20,'600814,杭州解百,9.94,9.98,9.81,9.92,9.92,0.02,0.2016,0.4929,1530005,15120387.0,7107365974.52,3085207228.74
2016-06-17,'600814,杭州解百,9.92,10.06,9.8,9.9,9.91,0.01,0.1009,0.9443,2930981,29179206.0,7093065439.36,3078999568.32
2016-06-16,'600814,杭州解百,9.91,10.05,9.81,9.89,9.91,0.0,0.0,1.2887,3999775,39795025.0,7085915171.78,3075895738.11
2016-06-15,'600814,杭州解百,9.91,10.0,9.35,9.45,9.46,0.45,4.7569,1.4547,4515192,44305253.0,7085915171.78,3075895738.11
2016-06-14,'600814,杭州解百,9.46,9.47,9.25,9.3,9.31,0.15,1.6112,0.7064,2192406,20495365.0,6764153130.68,2936223378.66
2016-06-13,'600814,杭州解百,9.31,9.77,9.3,9.7,9.85,-0.54,-5.4822,1.1357,3524871,33737019.0,6656899116.98,2889665925.51
2016-06-08,'600814,杭州解百,9.85,10.0,9.75,10.0,10.0,-0.15,-1.5,1.0328,3205621,31574608.0,7043013566.3,3057272756.85
2016-06-07,'600814,杭州解百,10.0,10.11,9.96,10.06,10.06,-0.06,-0.5964,0.9588,2975959,29811089.0,7150267580.0,3103830210.0
2016-06-06,'600814,杭州解百,10.06,10.29,9.88,9.9,9.96,0.1,1.004,2.1272,6602471,66989074.0,7193169185.48,3122453191.26
2016-06-03,'600814,杭州解百,9.96,10.05,9.7,9.95,9.99,-0.03,-0.3003,1.5715,4877589,48053816.0,7121666509.68,3091414889.16
2016-06-02,'600814,杭州解百,9.99,10.0,9.83,9.9,9.89,0.1,1.0111,1.1669,3621942,35952564.0,7143117312.42,3100726379.79
2016-06-01,'600814,杭州解百,9.89,9.99,9.75,9.81,9.87,0.02,0.2026,1.1074,3437048,34015171.0,7071614636.62,3069688077.69
2016-05-31,'600814,杭州解百,9.87,9.89,9.31,9.37,9.33,0.54,5.7878,1.7657,5480444,53096588.0,7057314101.46,3063480417.27
2016-05-30,'600814,杭州解百,9.33,9.42,9.13,9.3,9.33,0.0,0.0,0.7334,2276381,21188155.0,6671199652.14,2895873585.93
2016-05-27,'600814,杭州解百,9.33,9.46,9.28,9.35,9.39,-0.06,-0.639,0.866,2687762,25206615.0,6671199652.14,2895873585.93
2016-05-26,'600814,杭州解百,9.39,9.52,9.25,9.4,9.46,-0.07,-0.74,1.2117,3760864,35077208.0,6714101257.62,2914496567.19
2016-05-25,'600814,杭州解百,9.46,9.6,9.22,9.46,9.3,0.16,1.7204,0.9881,3066838,28884254.0,6764153130.68,2936223378.66
2016-05-24,'600814,杭州解百,9.3,9.5,9.27,9.5,9.53,-0.23,-2.4134,0.8714,2704663,25261817.0,6649748849.4,2886562095.3
2016-05-23,'600814,杭州解百,9.53,9.57,9.4,9.48,9.41,0.12,1.2752,0.8615,2674007,25365196.0,6814205003.74,2957950190.13
2016-05-20,'600814,杭州解百,9.41,9.49,9.07,9.22,9.23,0.18,1.9502,0.708,2197519,20530277.0,6728401792.78,2920704227.61
2016-05-19,'600814,杭州解百,9.23,9.52,9.2,9.23,9.24,-0.01,-0.1082,0.9166,2844855,26556754.0,6599696976.34,2864835283.83
2016-05-18,'600814,杭州解百,9.24,10.0,9.16,10.0,9.99,-0.75,-7.5075,1.622,5034295,47567370.0,6606847243.92,2867939114.04
2016-05-17,'600814,杭州解百,9.99,10.16,9.96,10.06,10.05,-0.06,-0.597,0.7663,2378453,23922544.0,7143117312.42,3100726379.79
2016-05-16,'600814,杭州解百,10.05,10.07,9.82,9.95,9.91,0.14,1.4127,0.5841,1812961,18096330.0,7186018917.9,3119349361.05
2016-05-13,'600814,杭州解百,9.91,10.1,9.83,9.98,9.98,-0.07,-0.7014,0.6835,2121512,21120711.0,7085915171.78,3075895738.11
2016-05-12,'600814,杭州解百,9.98,10.06,9.71,9.99,10.1,-0.12,-1.1881,1.0645,3303984,32695460.0,7135967044.84,3097622549.58
2016-05-11,'600814,杭州解百,10.1,10.16,9.95,10.04,9.96,0.14,1.4056,0.8894,2760451,27764041.0,7221770255.8,3134868512.1
2016-05-10,'600814,杭州解百,9.96,10.16,9.9,10.01,10.01,-0.05,-0.4995,0.8775,2723577,27272030.0,7121666509.68,3091414889.16
2016-05-09,'600814,杭州解百,10.01,10.5,10.0,10.46,10.42,-0.41,-3.9347,2.095,6502442,65955268.0,7157417847.58,3106934040.21
2016-05-06,'600814,杭州解百,10.42,11.08,10.41,10.97,11.02,-0.6,-5.4446,1.5209,4720524,50612506.0,7450578818.36,3234191078.82
2016-05-05,'600814,杭州解百,11.02,11.2,10.91,11.12,11.21,-0.19,-1.6949,1.1711,3634824,40066829.0,7879594873.16,3420420891.42
2016-05-04,'600814,杭州解百,11.21,11.26,10.97,11.14,11.21,0.0,0.0,1.4424,4476975,49786267.0,8015449957.18,3479393665.41
2016-05-03,'600814,杭州解百,11.21,11.29,10.91,11.0,11.0,0.21,1.9091,1.9623,6090583,67853346.0,8015449957.18,3479393665.41
2016-04-29,'600814,杭州解百,11.0,11.03,10.5,10.54,10.57,0.43,4.0681,1.7684,5488949,59600291.0,7865294338.0,3414213231.0
2016-04-28,'600814,杭州解百,10.57,11.04,10.33,10.81,10.81,-0.24,-2.2202,1.3654,4238075,45088734.0,7557832832.06,3280748531.97
2016-04-27,'600814,杭州解百,10.81,11.15,10.76,10.94,10.89,-0.08,-0.7346,1.6298,5058492,55383634.0,7729439253.98,3355240457.01
2016-04-26,'600814,杭州解百,10.89,10.95,10.65,10.93,10.89,0.0,0.0,1.1271,3498379,37810549.0,7786641394.62,3380071098.69
2016-04-25,'600814,杭州解百,10.89,11.14,10.7,10.83,10.74,0.15,1.3966,2.8129,8730760,95649225.0,7786641394.62,3380071098.69
2016-04-22,'600814,杭州解百,10.74,10.88,10.42,10.5,10.5,0.24,2.2857,1.0149,3150022,33235789.0,7679387380.92,3333513645.54
2016-04-21,'600814,杭州解百,10.5,10.81,10.47,10.78,10.84,-0.34,-3.1365,2.0649,6408956,68227949.0,7507780959.0,3259021720.5
2016-04-20,'600814,杭州解百,10.84,11.49,10.3,11.43,11.44,-0.6,-5.2448,5.2816,16393237,177283484.0,7750890056.72,3364551947.64
2016-04-19,'600814,杭州解百,11.44,11.68,11.3,11.65,11.54,-0.1,-0.8666,1.7071,5298599,60478343.0,8179906111.52,3550781760.24
2016-04-18,'600814,杭州解百,11.54,11.72,11.06,11.42,11.43,0.11,0.9624,3.355,10413403,117800177.0,8251408787.32,3581820062.34
2016-04-15,'600814,杭州解百,11.43,11.63,10.91,10.91,10.98,0.45,4.0984,4.1805,12975612,147469037.0,8172755843.94,3547677930.03
2016-04-14,'600814,杭州解百,10.98,11.1,10.69,10.82,10.82,0.16,1.4787,2.6045,8084024,87956057.0,7850993802.84,3408005570.58
2016-04-13,'600814,杭州解百,10.82,10.99,10.62,10.86,10.75,0.07,0.6512,3.213,9972590,107954379.0,7736589521.56,3358344287.22
2016-04-12,'600814,杭州解百,10.75,10.79,10.19,10.23,10.22,0.53,5.1859,4.1314,12823018,135277801.0,7686537648.5,3336617475.75
2016-04-11,'600814,杭州解百,10.22,10.4,10.11,10.17,10.12,0.1,0.9881,2.3296,7230542,74401484.0,7307573466.76,3172114474.62
2016-04-08,'600814,杭州解百,10.12,10.2,9.8,9.88,10.06,0.06,0.5964,1.6373,5081977,50433728.0,7236070790.96,3141076172.52
2016-04-07,'600814,杭州解百,10.06,10.39,10.0,10.39,10.32,-0.26,-2.5194,2.0321,6307339,63892934.0,7193169185.48,3122453191.26
2016-04-06,'600814,杭州解百,10.32,10.52,10.01,10.1,10.18,0.14,1.3752,2.7051,8396163,86315897.0,7379076142.56,3203152776.72
2016-04-05,'600814,杭州解百,10.18,10.25,9.85,9.93,9.93,0.25,2.5176,2.7365,8493495,85849829.0,7278972396.44,3159699153.78
2016-04-01,'600814,杭州解百,9.93,10.06,9.61,9.85,9.81,0.12,1.2232,2.1099,6548908,64691575.0,7100215706.94,3082103398.53
2016-03-31,'600814,杭州解百,9.81,10.01,9.76,9.76,9.74,0.07,0.7187,2.1643,6717467,66500666.0,7014412495.98,3044857436.01
2016-03-30,'600814,杭州解百,9.74,9.79,9.51,9.58,9.49,0.25,2.6344,1.7134,5318012,51345440.0,6964360622.92,3023130624.54
2016-03-29,'600814,杭州解百,9.49,9.82,9.38,9.7,9.82,-0.33,-3.3605,1.8344,5693787,54550458.0,6785603933.42,2945534869.29
2016-03-28,'600814,杭州解百,9.82,10.14,9.62,9.62,9.6,0.22,2.2917,3.3944,10535790,104219707.0,7021562763.56,3047961266.22
2016-03-25,'600814,杭州解百,9.6,9.67,9.31,9.36,9.44,0.16,1.6949,2.1516,6678165,63496478.0,6864256876.8,2979677001.6
2016-03-24,'600814,杭州解百,9.44,9.59,9.22,9.53,9.54,-0.1,-1.0482,1.9078,5921627,55627937.0,6749852595.52,2930015718.24
2016-03-23,'600814,杭州解百,9.54,9.66,9.45,9.55,9.63,-0.09,-0.9346,1.511,4689861,44751503.0,6821355271.32,2961054020.34
2016-03-22,'600814,杭州解百,9.63,9.66,9.11,9.3,9.44,0.19,2.0127,3.171,9842158,93873594.0,6885707679.54,2988988492.23
2016-03-21,'600814,杭州解百,9.44,9.62,9.21,9.21,9.19,0.25,2.7203,2.8614,8881236,83827838.0,6749852595.52,2930015718.24
2016-03-18,'600814,杭州解百,9.19,9.26,8.86,8.9,8.86,0.33,3.7246,3.1433,9756148,89464847.0,6571095906.02,2852419962.99
2016-03-17,'600814,杭州解百,8.86,8.98,8.6,8.6,8.6,0.26,3.0233,1.6118,5002699,44029082.0,6335137075.88,2749993566.06
2016-03-16,'600814,杭州解百,8.6,8.92,8.5,8.82,8.82,-0.22,-2.4943,1.3952,4330311,37558275.0,6149230118.8,2669293980.6
2016-03-15,'600814,杭州解百,8.82,9.03,8.72,8.85,8.87,-0.05,-0.5637,1.6841,5227237,46439560.0,6306536005.56,2737578245.22
2016-03-14,'600814,杭州解百,8.87,9.0,8.51,8.57,8.43,0.44,5.2195,2.3126,7177800,63381488.0,6342287343.46,2753097396.27
2016-03-11,'600814,杭州解百,8.43,8.53,8.21,8.23,8.31,0.12,1.444,0.8306,2578170,21613570.0,6027675569.94,2616528867.03
2016-03-10,'600814,杭州解百,8.31,8.63,8.3,8.63,8.55,-0.24,-2.807,0.9832,3051568,25874318.0,5941872358.98,2579282904.51
2016-03-09,'600814,杭州解百,8.55,8.78,8.5,8.6,8.8,-0.25,-2.8409,1.2939,4015931,34551685.0,6113478780.9,2653774829.55
2016-03-08,'600814,杭州解百,8.8,8.83,8.45,8.79,8.86,-0.06,-0.6772,1.9685,6110035,52824981.0,6292235470.4,2731370584.8
2016-03-07,'600814,杭州解百,8.86,9.01,8.26,8.35,8.24,0.62,7.5243,2.8938,8981830,78411064.0,6335137075.88,2749993566.06
2016-03-04,'600814,杭州解百,8.24,8.53,8.03,8.49,8.48,-0.24,-2.8302,1.4732,4572506,37923986.0,5891820485.92,2557556093.04
2016-03-03,'600814,杭州解百,8.48,8.76,8.46,8.5,8.5,-0.02,-0.2353,1.8248,5663726,48623045.0,6063426907.84,2632048018.08
2016-03-02,'600814,杭州解百,8.5,8.57,8.0,8.0,8.07,0.43,5.3284,1.5536,4822057,40125305.0,6077727443.0,2638255678.5
2016-03-01,'600814,杭州解百,8.07,8.11,7.81,7.95,7.83,0.24,3.0651,1.1518,3575015,28421608.0,5770265937.06,2504790979.47
2016-02-29,'600814,杭州解百,7.83,8.44,7.65,8.22,8.26,-0.43,-5.2058,1.9477,6045196,47430414.0,5598659515.14,2430299054.43
2016-02-26,'600814,杭州解百,8.26,8.48,8.05,8.42,8.33,-0.07,-0.8403,2.0208,6272186,52016800.0,5906121021.08,2563763753.46
2016-02-25,'600814,杭州解百,8.33,9.22,8.33,9.2,9.25,-0.92,-9.9459,2.3382,7257500,63586755.0,5956172894.14,2585490564.93
2016-02-24,'600814,杭州解百,9.25,9.25,9.02,9.18,9.23,0.02,0.2167,1.45,4500442,41183613.0,6613997511.5,2871042944.25
2016-02-23,'600814,杭州解百,9.23,9.35,9.09,9.35,9.37,-0.14,-1.4941,1.6293,5057086,46582343.0,6599696976.34,2864835283.83
2016-02-22,'600814,杭州解百,9.37,9.45,9.08,9.15,9.05,0.32,3.5359,2.2789,7073181,65317116.0,6699800722.46,2908288906.77
2016-02-19,'600814,杭州解百,9.05,9.12,8.91,9.0,8.96,0.09,1.0045,1.3538,4201859,37976664.0,6470992159.9,2808966340.05
2016-02-18,'600814,杭州解百,8.96,9.29,8.91,9.15,9.07,-0.11,-1.2128,1.9458,6039400,54534046.0,6406639751.68,2781031868.16
2016-02-17,'600814,杭州解百,9.07,9.18,8.82,8.82,8.89,0.18,2.0247,2.1307,6613416,59745174.0,6485292695.06,2815174000.47
2016-02-16,'600814,杭州解百,8.89,8.98,8.55,8.55,8.52,0.37,4.3427,2.2389,6949093,61449373.0,6356587878.62,2759305056.69
2016-02-15,'600814,杭州解百,8.52,8.64,8.22,8.3,8.67,-0.15,-1.7301,1.3258,4115170,34739568.0,6092027978.16,2644463338.92
2016-02-05,'600814,杭州解百,8.67,8.88,8.62,8.85,8.85,-0.18,-2.0339,1.2892,4001438,34915686.0,6199281991.86,2691020792.07
2016-02-04,'600814,杭州解百,8.85,8.86,8.56,8.56,8.6,0.25,2.907,2.0014,6212063,54375888.0,6327986808.3,2746889735.85
2016-02-03,'600814,杭州解百,8.6,8.64,8.28,8.36,8.49,0.11,1.2956,1.5053,4672191,39377079.0,6149230118.8,2669293980.6
2016-02-02,'600814,杭州解百,8.49,8.64,8.29,8.35,8.29,0.2,2.4125,1.7382,5395099,45916553.0,6070577175.42,2635151848.29
2016-02-01,'600814,杭州解百,8.29,8.51,8.1,8.45,8.47,-0.18,-2.1251,1.5415,4784463,39723862.0,5927571823.82,2573075244.09
2016-01-29,'600814,杭州解百,8.47,8.79,8.0,8.11,8.01,0.46,5.7428,2.7182,8436946,70926803.0,6056276640.26,2628944187.87
2016-01-28,'600814,杭州解百,8.01,8.38,7.9,8.02,8.16,-0.15,-1.8382,1.924,5971721,48567350.0,5727364331.58,2486167998.21
2016-01-27,'600814,杭州解百,8.16,8.4,7.71,8.38,8.36,-0.2,-2.3923,2.5997,8068960,65105817.0,5834618345.28,2532725451.36
2016-01-26,'600814,杭州解百,8.36,9.23,8.34,9.23,9.27,-0.91,-9.8166,2.9387,9121113,79838556.0,5977623696.88,2594802055.56
2016-01-25,'600814,杭州解百,9.27,9.41,9.08,9.18,9.02,0.25,2.7716,2.3197,7199918,66679230.0,6628298046.66,2877250604.67
2016-01-22,'600814,杭州解百,9.02,9.13,8.76,8.97,8.8,0.22,2.5,2.3789,7383809,65941860.0,6449541357.16,2799654849.42
2016-01-21,'600814,杭州解百,8.8,9.4,8.75,9.06,9.24,-0.44,-4.7619,2.7359,8491659,77656830.0,6292235470.4,2731370584.8
2016-01-20,'600814,杭州解百,9.24,9.56,9.08,9.4,9.52,-0.28,-2.9412,3.191,9904340,92626729.0,6606847243.92,2867939114.04
2016-01-19,'600814,杭州解百,9.52,9.63,9.06,9.11,9.16,0.36,3.9301,3.3108,10276232,96345391.0,6807054736.16,2954846359.92
2016-01-18,'600814,杭州解百,9.16,9.42,8.63,8.91,9.2,-0.04,-0.4348,4.1603,12912820,116664800.0,6549645103.28,2843108472.36
2016-01-15,'600814,杭州解百,9.2,10.25,9.19,10.0,10.21,-1.01,-9.8923,5.3087,16477361,158464910.0,6578246173.6,2855523793.2
2016-01-14,'600814,杭州解百,10.21,10.38,9.84,10.0,10.93,-0.72,-6.5874,7.0131,21767379,218370679.0,7300423199.18,3169010644.41
2016-01-13,'600814,杭州解百,10.93,12.1,10.93,11.85,12.14,-1.21,-9.9671,8.0336,24934780,283788665.0,7815242464.94,3392486419.53
2016-01-12,'600814,杭州解百,12.14,12.9,11.8,12.0,12.75,-0.61,-4.7843,9.2608,28743809,354014310.0,8680424842.12,3768049874.94
2016-01-11,'600814,杭州解百,12.75,13.56,12.21,12.4,12.86,-0.11,-0.8554,13.348,41429928,534789617.0,9116591164.5,3957383517.75
2016-01-08,'600814,杭州解百,12.86,12.89,11.78,12.02,11.72,1.14,9.727,11.267,34970857,439330103.0,9195244107.88,3991525650.06
2016-01-07,'600814,杭州解百,11.72,12.94,11.72,12.75,13.02,-1.3,-9.9846,2.0202,6270300,77569583.0,8380113603.76,3637689006.12
2016-01-06,'600814,杭州解百,13.02,13.02,11.66,11.98,11.84,1.18,9.9662,9.4974,29478284,370062968.0,9309648389.16,4041186933.42
2016-01-05,'600814,杭州解百,11.84,11.88,10.74,10.75,11.32,0.52,4.5936,4.7932,14877190,170364319.0,8465916814.72,3674934968.64
2016-01-04,'600814,杭州解百,11.32,12.4,11.19,12.33,12.33,-1.01,-8.1914,3.2212,9998189,119347921.0,8094102900.56,3513535797.72
2015-12-31,'600814,杭州解百,12.33,12.62,12.12,12.29,12.33,0.0,0.0,4.828,14985378,185978089.0,8816279926.14,3827022648.93
2015-12-30,'600814,杭州解百,12.33,12.72,12.1,12.28,12.34,-0.01,-0.081,6.136,19045039,237313247.0,8816279926.14,3827022648.93
2015-12-29,'600814,杭州解百,12.34,12.44,11.51,11.52,11.62,0.72,6.1962,5.6889,17657383,212889347.0,8823430193.72,3830126479.14
2015-12-28,'600814,杭州解百,11.62,11.98,11.46,11.46,11.41,0.21,1.8405,4.1711,12946368,151700232.0,8308610927.96,3606650704.02
2015-12-25,'600814,杭州解百,11.41,11.59,11.21,11.27,11.28,0.13,1.1525,1.9226,5967523,68069162.0,8158455308.78,3541470269.61
2015-12-24,'600814,杭州解百,11.28,11.48,11.09,11.4,11.48,-0.2,-1.7422,2.3517,7299420,82066828.0,8065501830.24,3501120476.88
2015-12-23,'600814,杭州解百,11.48,11.86,11.45,11.7,11.66,-0.18,-1.5437,3.553,11028016,128385787.0,8208507181.84,3563197081.08
2015-12-22,'600814,杭州解百,11.66,11.94,11.51,11.59,11.51,0.15,1.3032,2.9895,9278746,108669727.0,8337211998.28,3619066024.86
2015-12-21,'600814,杭州解百,11.51,11.75,11.35,11.53,11.49,0.02,0.1741,3.2015,9936920,115019706.0,8229957984.58,3572508571.71
2015-12-18,'600814,杭州解百,11.49,11.56,11.17,11.25,11.3,0.19,1.6814,3.9956,12401675,141329577.0,8215657449.42,3566300911.29
2015-12-17,'600814,杭州解百,11.3,11.32,11.01,11.01,11.0,0.3,2.7273,3.0754,9545397,107067211.0,8079802365.4,3507328137.3
2015-12-16,'600814,杭州解百,11.0,11.06,10.87,10.87,10.82,0.18,1.6636,2.0209,6272662,68849078.0,7865294338.0,3414213231.0
2015-12-15,'600814,杭州解百,10.82,11.04,10.77,10.9,10.91,-0.09,-0.8249,2.1241,6592963,71800398.0,7736589521.56,3358344287.22
2015-12-14,'600814,杭州解百,10.91,10.97,10.45,10.55,10.58,0.33,3.1191,1.8178,5642009,60401015.0,7800941929.78,3386278759.11
2015-12-11,'600814,杭州解百,10.58,10.81,10.5,10.81,10.83,-0.25,-2.3084,2.335,7247339,76892911.0,7564983099.64,3283852362.18
2015-12-10,'600814,杭州解百,10.83,11.2,10.73,11.2,11.26,-0.43,-3.8188,3.3314,10340165,113322558.0,7743739789.14,3361448117.43
2015-12-09,'600814,杭州解百,11.26,11.65,10.55,10.55,10.59,0.67,6.3267,5.3011,16453635,182938545.0,8051201295.08,3494912816.46
2015-12-08,'600814,杭州解百,10.59,11.02,10.55,10.95,11.05,-0.46,-4.1629,2.6007,8072137,87056217.0,7572133367.22,3286956192.39
2015-12-07,'600814,杭州解百,11.05,11.09,10.8,10.9,10.84,0.21,1.9373,2.3262,7220005,79144192.0,7901045675.9,3429732382.05
2015-12-04,'600814,杭州解百,10.84,11.1,10.77,11.0,11.07,-0.23,-2.0777,2.5055,7776631,84939259.0,7750890056.72,3364551947.64
2015-12-03,'600814,杭州解百,11.07,11.18,10.8,10.89,10.9,0.17,1.5596,3.0578,9490858,104214548.0,7915346211.06,3435940042.47
2015-12-02,'600814,杭州解百,10.9,11.23,10.51,11.1,11.12,-0.22,-1.9784,3.2335,10036144,108938963.0,7793791662.2,3383174928.9
2015-12-01,'600814,杭州解百,11.12,11.35,10.92,11.35,11.32,-0.2,-1.7668,3.006,9329960,103488723.0,7951097548.96,3451459193.52
2015-11-30,'600814,杭州解百,11.32,11.96,10.59,11.85,11.71,-0.39,-3.3305,4.9504,15365158,173232336.0,8094102900.56,3513535797.72
2015-11-27,'600814,杭州解百,11.71,12.54,11.39,12.3,12.24,-0.53,-4.3301,6.5501,20330285,247296649.0,8372963336.18,3634585175.91
2015-11-26,'600814,杭州解百,12.24,12.3,11.9,11.9,11.88,0.36,3.0303,5.5255,17150080,207778663.0,8751927517.92,3799088177.04
2015-11-25,'600814,杭州解百,11.88,11.94,11.7,11.73,11.75,0.13,1.1064,2.9439,9137371,108015271.0,8494517885.04,3687350289.48
2015-11-24,'600814,杭州解百,11.75,11.92,11.58,11.86,11.88,-0.13,-1.0943,2.4037,7460624,87448927.0,8401564406.5,3647000496.75
2015-11-23,'600814,杭州解百,11.88,12.05,11.77,11.78,11.85,0.03,0.2532,3.4987,10859250,128868718.0,8494517885.04,3687350289.48
2015-11-20,'600814,杭州解百,11.85,12.0,11.69,11.9,11.79,0.06,0.5089,2.85,8845956,104571737.0,8473067082.3,3678038798.85
2015-11-19,'600814,杭州解百,11.79,11.82,11.52,11.71,11.61,0.18,1.5504,2.4505,7605831,88897606.0,8430165476.82,3659415817.59
2015-11-18,'600814,杭州解百,11.61,12.19,11.59,11.88,11.93,-0.32,-2.6823,3.1815,9874710,117335586.0,8301460660.38,3603546873.81
2015-11-17,'600814,杭州解百,11.93,12.88,11.9,12.73,12.18,-0.25,-2.0525,6.7473,20942524,258110512.0,8530269222.94,3702869440.53
2015-11-16,'600814,杭州解百,12.18,12.19,11.4,11.51,11.78,0.4,3.3956,4.0067,12436190,147575792.0,8709025912.44,3780465195.78
2015-11-13,'600814,杭州解百,11.78,12.29,11.69,12.17,12.34,-0.56,-4.5381,5.2686,16352991,195883137.0,8423015209.24,3656311987.38
2015-11-12,'600814,杭州解百,12.34,12.7,11.89,11.98,12.1,0.24,1.9835,8.0066,24850999,305826597.0,8823430193.72,3830126479.14
2015-11-11,'600814,杭州解百,12.1,12.14,11.72,11.95,12.09,0.01,0.0827,6.0544,18791961,223966559.0,8651823771.8,3755634554.1
2015-11-10,'600814,杭州解百,12.09,12.58,11.9,12.11,12.36,-0.27,-2.1845,5.0234,15591722,189681227.0,8644673504.22,3752530723.89
2015-11-09,'600814,杭州解百,12.36,12.87,11.85,12.34,12.41,-0.05,-0.4029,6.9742,21646721,265852475.0,8837730728.88,3836334139.56
2015-11-06,'600814,杭州解百,12.41,12.82,11.94,12.3,12.33,0.08,0.6488,7.9135,24562216,301701466.0,8873482066.78,3851853290.61
2015-11-05,'600814,杭州解百,12.33,12.33,10.96,11.3,11.21,1.12,9.9911,12.6063,39127755,456547352.0,8816279926.14,3827022648.93
2015-11-04,'600814,杭州解百,11.21,11.21,10.14,10.19,10.19,1.02,10.0098,6.7873,21066487,228597385.0,8015449957.18,3479393665.41
2015-11-03,'600814,杭州解百,10.19,10.24,9.86,10.01,10.01,0.18,1.7982,2.1435,6652911,66877462.0,7286122664.02,3162802983.99
2015-11-02,'600814,杭州解百,10.01,10.32,9.88,9.99,10.2,-0.19,-1.8627,2.1209,6582764,66601005.0,7157417847.58,3106934040.21
2015-10-30,'600814,杭州解百,10.2,10.55,10.08,10.36,10.52,-0.32,-3.0418,4.2095,13065688,134803962.0,7293272931.6,3165906814.2
2015-10-29,'600814,杭州解百,10.52,10.59,9.81,9.81,9.78,0.74,7.5665,3.7631,11679915,118637905.0,7522081494.16,3265229380.92
2015-10-28,'600814,杭州解百,9.78,10.29,9.76,10.06,10.14,-0.36,-3.5503,2.5518,7920409,79015870.0,6992961693.24,3035545945.38
2015-10-27,'600814,杭州解百,10.14,10.18,9.61,10.18,10.24,-0.1,-0.9766,3.1487,9772930,96872534.0,7250371326.12,3147283832.94
2015-10-26,'600814,杭州解百,10.24,10.43,10.0,10.36,10.17,0.07,0.6883,2.8594,8875059,90987850.0,7321874001.92,3178322135.04
2015-10-23,'600814,杭州解百,10.17,10.37,9.93,9.96,9.89,0.28,2.8311,3.3644,10442522,106505002.0,7271822128.86,3156595323.57
2015-10-22,'600814,杭州解百,9.89,9.95,9.42,9.53,9.51,0.38,3.9958,2.646,8212765,79693194.0,7071614636.62,3069688077.69
2015-10-21,'600814,杭州解百,9.51,10.63,9.42,10.46,10.47,-0.96,-9.1691,4.9381,15327020,154738820.0,6799904468.58,2951742529.71
2015-10-20,'600814,杭州解百,10.47,10.55,10.0,10.06,10.02,0.45,4.491,3.7911,11766942,121394744.0,7486330156.26,3249710229.87
2015-10-19,'600814,杭州解百,10.02,10.21,9.82,9.97,10.03,-0.01,-0.0997,3.4732,10780310,108213334.0,7164568115.16,3110037870.42
2015-10-16,'600814,杭州解百,10.03,10.08,9.66,9.88,9.88,0.15,1.5182,4.517,14020124,138669106.0,7171718382.74,3113141700.63
2015-10-15,'600814,杭州解百,9.88,9.95,9.22,9.26,9.26,0.62,6.6955,4.7384,14707333,142165488.0,7064464369.04,3066584247.48
2015-10-14,'600814,杭州解百,9.26,9.54,9.21,9.49,9.58,-0.32,-3.3403,2.8246,8767207,82145890.0,6621147779.08,2874146774.46
2015-10-13,'600814,杭州解百,9.58,9.63,9.32,9.48,9.49,0.09,0.9484,4.1881,12999069,123017166.0,6849956341.64,2973469341.18
2015-10-12,'600814,杭州解百,9.49,9.68,9.07,9.16,9.08,0.41,4.5154,4.7516,14748037,138460664.0,6785603933.42,2945534869.29
2015-10-09,'600814,杭州解百,9.08,9.11,8.81,8.86,8.89,0.19,2.1372,2.8137,8733165,78478017.0,6492442962.64,2818277830.68
2015-10-08,'600814,杭州解百,8.89,8.98,8.76,8.88,8.61,0.28,3.252,2.4695,7664759,68156703.0,6356587878.62,2759305056.69
2015-09-30,'600814,杭州解百,8.61,8.73,8.55,8.7,8.58,0.03,0.3497,0.8298,2575444,22229241.0,6156380386.38,2672397810.81
2015-09-29,'600814,杭州解百,8.58,8.77,8.51,8.55,8.88,-0.3,-3.3784,1.482,4599930,39659195.0,6134929583.64,2663086320.18
2015-09-28,'600814,杭州解百,8.88,8.9,8.61,8.78,8.78,0.1,1.139,1.3551,4205861,37041574.0,6349437611.04,2756201226.48
2015-09-25,'600814,杭州解百,8.78,9.14,8.7,9.09,9.15,-0.37,-4.0437,2.7783,8623367,76841997.0,6277934935.24,2725162924.38
2015-09-24,'600814,杭州解百,9.15,9.35,8.94,9.11,9.12,0.03,0.3289,3.271,10152657,92630615.0,6542494835.7,2840004642.15
2015-09-23,'600814,杭州解百,9.12,9.16,8.55,8.68,8.9,0.22,2.4719,5.5565,17246440,153333348.0,6521044032.96,2830693151.52
2015-09-22,'600814,杭州解百,8.9,9.04,8.69,8.83,8.84,0.06,0.6787,4.1054,12742483,113212098.0,6363738146.2,2762408886.9
2015-09-21,'600814,杭州解百,8.84,8.85,8.2,8.3,8.46,0.38,4.4917,3.6511,11332506,97231763.0,6320836540.72,2743785905.64
2015-09-18,'600814,杭州解百,8.46,8.73,8.26,8.52,8.59,-0.13,-1.5134,3.8419,11924655,100661921.0,6049126372.68,2625840357.66
2015-09-17,'600814,杭州解百,8.59,9.19,8.51,8.86,9.07,-0.48,-5.2922,7.2431,22481408,199357918.0,6142079851.22,2666190150.39
2015-09-16,'600814,杭州解百,9.07,9.2,8.2,8.38,8.36,0.71,8.4928,7.993,24809041,218498315.0,6485292695.06,2815174000.47
2015-09-15,'600814,杭州解百,8.36,8.99,7.75,7.75,8.61,-0.25,-2.9036,5.2326,16241169,133033193.0,5977623696.88,2594802055.56
2015-09-14,'600814,杭州解百,8.61,9.55,8.61,9.55,9.57,-0.96,-10.0313,4.5454,14108259,127425180.0,6156380386.38,2672397810.81
2015-09-11,'600814,杭州解百,9.57,9.65,8.9,9.2,9.2,0.37,4.0217,5.5976,17373940,161386985.0,6842806074.06,2970365510.97
2015-09-10,'600814,杭州解百,9.2,9.71,8.73,8.76,8.99,0.21,2.3359,5.3796,16697480,156051081.0,6578246173.6,2855523793.2
2015-09-09,'600814,杭州解百,8.99,9.0,8.55,8.72,8.55,0.44,5.1462,3.9208,12169502,107208321.0,6428090554.42,2790343358.79
2015-09-08,'600814,杭州解百,8.55,8.62,8.03,8.07,8.09,0.46,5.686,2.9513,9160414,76341070.0,6113478780.9,2653774829.55
2015-09-07,'600814,杭州解百,8.09,8.4,7.91,7.91,7.73,0.36,4.6572,2.8551,8861697,72106917.0,5784566472.22,2510998639.89
2015-09-02,'600814,杭州解百,7.73,8.36,7.58,7.68,8.09,-0.36,-4.4499,2.6746,8301536,65770740.0,5527156839.34,2399260752.33
2015-09-01,'600814,杭州解百,8.09,8.85,7.99,8.77,8.77,-0.68,-7.7537,3.2045,9946253,82409172.0,5784566472.22,2510998639.89
2015-08-31,'600814,杭州解百,8.77,9.4,8.73,9.4,9.43,-0.66,-6.9989,3.8245,11870605,106499967.0,6270784667.66,2722059094.17
2015-08-28,'600814,杭州解百,9.43,9.47,8.72,8.88,8.72,0.71,8.1422,4.3915,13630360,123096526.0,6742702327.94,2926911888.03
2015-08-27,'600814,杭州解百,8.72,8.88,8.0,8.7,8.36,0.36,4.3062,3.9871,12375398,105104593.0,6235033329.76,2706539943.12
2015-08-26,'600814,杭州解百,8.36,9.65,8.36,9.02,9.29,-0.93,-10.0108,6.1727,19159121,171121198.0,5977623696.88,2594802055.56
2015-08-25,'600814,杭州解百,9.29,9.6,9.29,9.3,10.32,-1.03,-9.9806,4.2299,13129018,122375282.0,6642598581.82,2883458265.09
2015-08-24,'600814,杭州解百,10.32,11.02,10.32,10.85,11.47,-1.15,-10.0262,3.3975,10545253,110162836.0,7379076142.56,3203152776.72
2015-08-21,'600814,杭州解百,11.47,12.37,11.35,11.99,12.52,-1.05,-8.3866,6.338,19672100,233164650.0,8201356914.26,3560093250.87
2015-08-20,'600814,杭州解百,12.52,13.48,12.45,12.65,12.61,-0.09,-0.7137,10.7305,33305636,431893411.0,8952135010.16,3885995422.92
2015-08-19,'600814,杭州解百,12.61,12.61,10.82,10.98,11.46,1.15,10.0349,8.4085,26098530,307154095.0,9016487418.38,3913929894.81
2015-08-18,'600814,杭州解百,11.46,13.03,11.18,12.6,12.38,-0.92,-7.4313,10.2953,31954743,394466533.0,8194206646.68,3556989420.66
2015-08-17,'600814,杭州解百,12.38,12.43,11.76,11.9,12.09,0.29,2.3987,6.5835,20434008,246597940.0,8852031264.04,3842541799.98
2015-08-14,'600814,杭州解百,12.09,12.98,12.06,12.4,12.35,-0.26,-2.1053,10.4043,32293267,403366557.0,8644673504.22,3752530723.89
2015-08-13,'600814,杭州解百,12.35,12.35,11.2,11.23,11.23,1.12,9.9733,8.5066,26403039,313565177.0,8830580461.3,3833230309.35
2015-08-12,'600814,杭州解百,11.23,11.69,11.1,11.39,11.72,-0.49,-4.1809,5.1904,16110250,183189385.0,8029750492.34,3485601325.83
2015-08-11,'600814,杭州解百,11.72,12.07,11.53,11.65,11.46,0.26,2.2688,6.711,20829886,246727026.0,8380113603.76,3637689006.12
2015-08-10,'600814,杭州解百,11.46,11.46,10.51,10.51,10.42,1.04,9.9808,5.9897,18591074,205842315.0,8194206646.68,3556989420.66
2015-08-07,'600814,杭州解百,10.42,10.52,10.09,10.09,10.05,0.37,3.6816,3.8304,11888979,123074531.0,7450578818.36,3234191078.82
2015-08-06,'600814,杭州解百,10.05,10.24,9.71,9.8,10.09,-0.04,-0.3964,2.3396,7261838,72846388.0,7186018917.9,3119349361.05
2015-08-05,'600814,杭州解百,10.09,10.58,9.92,10.16,10.21,-0.12,-1.1753,4.3304,13440761,137571462.0,7214619988.22,3131764681.89
2015-08-04,'600814,杭州解百,10.21,10.23,9.38,9.38,9.36,0.85,9.0812,4.1699,12942598,126639596.0,7300423199.18,3169010644.41
2015-08-03,'600814,杭州解百,9.36,10.36,9.31,10.36,10.34,-0.98,-9.4778,4.743,14721348,141843360.0,6692650454.88,2905185076.56
2015-07-31,'600814,杭州解百,10.34,11.32,10.27,11.01,11.4,-1.06,-9.2982,4.417,13709550,149035862.0,7393376677.72,3209360437.14
2015-07-30,'600814,杭州解百,11.4,12.08,11.26,11.9,12.07,-0.67,-5.551,5.5357,17181973,201930802.0,8151305041.2,3538366439.4
2015-07-29,'600814,杭州解百,12.07,12.21,10.91,11.58,11.31,0.76,6.7197,6.2813,19496082,225878784.0,8630372969.06,3746323063.47
2015-07-28,'600814,杭州解百,11.31,12.4,10.85,11.1,12.06,-0.75,-6.2189,9.3699,29082517,331433559.0,8086952632.98,3510431967.51
2015-07-27,'600814,杭州解百,12.06,13.09,11.35,12.48,12.61,-0.55,-4.3616,9.4127,29215310,365575980.0,8623222701.48,3743219233.26
2015-07-24,'600814,杭州解百,12.61,13.14,11.8,12.19,12.14,0.47,3.8715,10.8649,33722709,415585363.0,9016487418.38,3913929894.81
2015-07-23,'600814,杭州解百,12.14,12.26,11.44,11.59,11.62,0.52,4.475,6.3071,19576023,233124853.0,8680424842.12,3768049874.94
2015-07-22,'600814,杭州解百,11.62,11.65,11.01,11.02,11.14,0.48,4.3088,5.649,17533686,199030715.0,8308610927.96,3606650704.02
2015-07-21,'600814,杭州解百,11.14,11.33,10.75,10.94,11.1,0.04,0.3604,4.2629,13231174,146636242.0,7965398084.12,3457666853.94
2015-07-20,'600814,XD杭州解,11.1,11.55,10.68,11.0,11.16,-0.06,-0.5376,5.9149,18358847,205402857.0,7936797013.8,3445251533.1
2015-07-17,'600814,杭州解百,11.26,11.32,10.2,10.2,10.29,0.97,9.4266,6.63,20578462,221940033.0,8051201295.08,3494912816.46
2015-07-16,'600814,杭州解百,10.29,10.96,9.51,9.81,10.56,-0.27,-2.5568,7.0246,21803307,223074613.0,7357625339.82,3193841286.09
2015-07-15,'600814,杭州解百,10.56,11.5,10.56,11.25,11.73,-1.17,-9.9744,4.5349,14075706,153053791.0,7550682564.48,3277644701.76
2015-07-14,'600814,杭州解百,11.73,13.2,11.55,12.39,12.69,-0.96,-7.565,9.8604,30605021,377398827.0,8387263871.34,3640792836.33
2015-07-13,'600814,杭州解百,12.69,12.69,11.62,12.0,11.54,1.15,9.9653,8.233,25553874,314658038.0,9073689559.02,3938760536.49
2015-07-10,'600814,杭州解百,11.54,11.54,10.65,10.65,10.49,1.05,10.0095,6.7096,20825327,236525666.0,8251408787.32,3581820062.34
2015-07-09,'600814,杭州解百,10.49,10.49,8.59,8.59,9.54,0.95,9.9581,8.4021,26078773,250725063.0,7500630691.42,3255917890.29
2015-07-08,'600814,杭州解百,9.54,9.54,9.54,9.54,10.6,-1.06,-10.0,0.1448,449500,4288230.0,6821355271.32,2961054020.34
2015-07-07,'600814,杭州解百,10.6,10.8,10.6,10.6,11.78,-1.18,-10.017,1.1736,3642600,38673347.0,7579283634.8,3290060022.6
2015-07-06,'600814,杭州解百,11.78,14.39,11.78,14.35,13.09,-1.31,-10.0076,5.8165,18053314,230516630.0,8423015209.24,3656311987.38
2015-07-03,'600814,杭州解百,13.09,14.6,13.09,13.8,14.54,-1.45,-9.9725,5.0301,15612511,209739248.0,9359700262.22,4062913744.89
2015-07-02,'600814,杭州解百,14.54,16.44,14.31,16.04,15.9,-1.36,-8.5535,5.4552,16931954,262558119.0,10396489061.3,4512969125.34
2015-07-01,'600814,杭州解百,15.9,17.18,15.0,15.79,15.94,-0.04,-0.2509,7.2166,22399243,367581410.0,11368925452.2,4935090033.9
2015-06-30,'600814,杭州解百,15.94,16.0,13.5,14.88,14.9,1.04,6.9799,6.1442,19070490,284811940.0,11397526522.5,4947505354.74
2015-06-29,'600814,杭州解百,14.9,16.73,14.23,16.49,15.81,-0.91,-5.7559,6.8005,21107450,326092277.0,10653898694.2,4624707012.9
2015-06-26,'600814,杭州解百,15.81,18.0,15.7,16.75,17.44,-1.63,-9.3463,7.3786,22901962,376203248.0,11304573044.0,4907155562.01
2015-06-25,'600814,杭州解百,17.44,18.88,17.29,17.87,18.0,-0.56,-3.1111,6.7698,21012179,383493573.0,12470066659.5,5413079886.24
2015-06-24,'600814,杭州解百,18.0,18.22,17.0,17.35,17.32,0.68,3.9261,5.8222,18071015,319322404.0,12870481644.0,5586894378.0
2015-06-23,'600814,杭州解百,17.32,17.34,14.5,16.0,16.0,1.32,8.25,5.4068,16781910,270965990.0,12384263448.6,5375833923.72
2015-06-19,'600814,杭州解百,16.0,17.25,15.6,17.25,17.33,-1.33,-7.6746,4.17,12942989,209987954.0,11440428128.0,4966128336.0
2015-06-18,'600814,杭州解百,17.33,18.2,17.28,17.83,17.91,-0.58,-3.2384,3.0736,9539852,170106816.0,12391413716.1,5378937753.93
2015-06-17,'600814,杭州解百,17.91,18.2,16.9,18.0,18.0,-0.09,-0.5,4.1981,13030095,228018432.0,12806129235.8,5558959906.11
2015-06-16,'600814,杭州解百,18.0,18.6,17.66,17.73,18.03,-0.03,-0.1664,4.6963,14576531,264936034.0,12870481644.0,5586894378.0
2015-06-15,'600814,杭州解百,18.03,18.77,17.99,18.77,18.9,-0.87,-4.6032,5.922,18380890,336647424.0,12891932446.7,5596205868.63
2015-06-12,'600814,杭州解百,18.9,19.4,18.71,19.24,19.24,-0.34,-1.7672,6.2797,19491087,369118689.0,13514005726.2,5866239096.9
2015-06-11,'600814,杭州解百,19.24,19.29,18.5,19.1,18.69,0.55,2.9428,6.4236,19937627,377916243.0,13757114823.9,5971769324.04
2015-06-10,'600814,杭州解百,18.69,18.99,18.01,18.08,18.51,0.18,0.9724,6.3292,19644880,367286954.0,13363850107.0,5801058662.49
2015-06-09,'600814,杭州解百,18.51,18.92,17.43,17.86,17.91,0.6,3.3501,6.9013,21420544,393992801.0,13235145290.6,5745189718.71
2015-06-08,'600814,杭州解百,17.91,18.58,17.4,18.58,18.76,-0.85,-4.5309,6.978,21658380,388030182.0,12806129235.8,5558959906.11
2015-06-05,'600814,杭州解百,18.76,19.68,18.6,19.28,19.2,-0.44,-2.2917,8.5009,26385434,499444237.0,13413901980.1,5822785473.96
2015-06-04,'600814,杭州解百,19.2,19.86,18.5,18.5,20.56,-1.36,-6.6148,10.7177,33265853,635788191.0,13728513753.6,5959354003.2
2015-06-03,'600814,杭州解百,20.56,20.56,17.9,18.69,18.69,1.87,10.0054,9.0006,27936340,550000525.0,14700950144.5,6381474911.76
2015-06-02,'600814,杭州解百,18.69,18.9,18.08,18.08,17.18,1.51,8.7893,10.5757,32825250,611263680.0,13363850107.0,5801058662.49
2015-06-01,'600814,杭州解百,17.18,17.18,15.6,15.61,15.62,1.56,9.9872,4.6278,14363958,242523833.0,12284159702.4,5332380300.78
2015-05-29,'600814,杭州解百,15.62,15.79,14.3,15.4,15.28,0.34,2.2251,5.7842,17953021,272870629.0,11168717960.0,4848182788.02
2015-05-28,'600814,杭州解百,15.28,17.44,15.21,16.83,16.83,-1.55,-9.2097,7.052,21888274,364615875.0,10925608862.2,4742652560.88
2015-05-27,'600814,杭州解百,16.83,17.2,16.46,16.95,16.92,-0.09,-0.5319,7.0556,21899311,367680714.0,12033900337.1,5223746243.43
2015-05-26,'600814,杭州解百,16.92,17.37,16.42,17.21,16.85,0.07,0.4154,6.2208,19308259,326227097.0,12098252745.4,5251680715.32
2015-05-25,'600814,杭州解百,16.85,17.14,16.17,16.54,16.16,0.69,4.2698,9.5995,29795186,498216983.0,12048200872.3,5229953903.85
2015-05-22,'600814,杭州解百,16.16,16.16,14.69,14.9,14.69,1.47,10.0068,8.1,25141065,399556540.0,11554832409.3,5015789619.36
2015-05-21,'600814,杭州解百,14.69,14.75,13.99,14.3,14.36,0.33,2.2981,5.3678,16660585,240519186.0,10503743075.0,4559526578.49
2015-05-20,'600814,杭州解百,14.36,14.87,14.21,14.52,14.16,0.2,1.4124,5.1871,16099953,234918676.0,10267784244.9,4457100181.56
2015-05-19,'600814,杭州解百,14.16,14.36,13.7,14.18,14.18,-0.02,-0.141,3.9218,12172627,170721950.0,10124778893.3,4395023577.36
2015-05-18,'600814,杭州解百,14.18,14.3,13.58,13.68,13.66,0.52,3.8067,4.9681,15420285,216472328.0,10139079428.4,4401231237.78
2015-05-15,'600814,杭州解百,13.66,13.97,13.21,13.9,13.91,-0.25,-1.7973,5.3207,16514399,224363896.0,9767265514.28,4239832066.86
2015-05-14,'600814,杭州解百,13.91,14.55,13.81,14.29,14.32,-0.41,-2.8631,6.1886,19208330,272514720.0,9946022203.78,4317427822.11
2015-05-13,'600814,杭州解百,14.32,14.37,13.58,13.75,13.58,0.74,5.4492,6.8687,21319360,294720863.0,10239183174.6,4444684860.72
2015-05-12,'600814,杭州解百,13.58,14.11,13.41,13.54,13.44,0.14,1.0417,6.4148,19910513,272956678.0,9710063373.64,4215001425.18
2015-05-11,'600814,杭州解百,13.44,13.48,12.8,12.81,12.69,0.75,5.9102,6.0808,18873745,248593380.0,9609959627.52,4171547802.24
2015-05-08,'600814,杭州解百,12.69,12.71,12.37,12.5,12.37,0.32,2.5869,2.4126,7488170,93901730.0,9073689559.02,3938760536.49
2015-05-07,'600814,杭州解百,12.37,12.97,12.26,12.77,12.77,-0.4,-3.1323,2.5521,7921395,99133943.0,8844880996.46,3839437969.77
2015-05-06,'600814,杭州解百,12.77,13.33,12.6,12.63,12.63,0.14,1.1085,5.4491,16913230,219467779.0,9130891699.66,3963591178.17
2015-05-05,'600814,杭州解百,12.63,12.99,12.4,12.71,12.84,-0.21,-1.6355,3.0606,9499595,120631620.0,9030787953.54,3920137555.23
2015-05-04,'600814,杭州解百,12.84,12.97,12.38,12.6,12.72,0.12,0.9434,3.0836,9570944,120936113.0,9180943572.72,3985317989.64
2015-04-30,'600814,杭州解百,12.72,13.3,12.71,13.15,13.05,-0.33,-2.5287,4.2592,13219820,171205768.0,9095140361.76,3948072027.12
2015-04-29,'600814,杭州解百,13.05,13.09,12.39,12.39,12.19,0.86,7.055,6.113,18973753,244625016.0,9331099191.9,4050498424.05
2015-04-28,'600814,杭州解百,12.19,12.91,12.11,12.9,12.92,-0.73,-5.6502,4.3101,13377776,166371719.0,8716176180.02,3783569025.99
2015-04-27,'600814,杭州解百,12.92,13.1,12.71,12.71,12.67,0.25,1.9732,5.0235,15592133,200959207.0,9238145713.36,4010148631.32
2015-04-24,'600814,杭州解百,12.67,12.77,12.32,12.57,12.81,-0.14,-1.0929,4.1528,12889453,161964756.0,9059389023.86,3932552876.07
2015-04-23,'600814,杭州解百,12.81,13.09,12.52,13.05,12.96,-0.15,-1.1574,4.8869,15167964,193790005.0,9159492769.98,3976006499.01
2015-04-22,'600814,杭州解百,12.96,13.1,12.44,12.55,12.5,0.46,3.68,5.291,16422430,210446384.0,9266746783.68,4022563952.16
2015-04-21,'600814,杭州解百,12.5,12.55,12.1,12.15,12.06,0.44,3.6484,3.3201,10304949,127478889.0,8937834475.0,3879787762.5
2015-04-20,'600814,杭州解百,12.06,12.78,12.0,12.75,12.81,-0.75,-5.8548,5.7899,17970907,222368273.0,8623222701.48,3743219233.26
2015-04-17,'600814,杭州解百,12.81,12.98,12.57,12.86,12.82,-0.01,-0.078,4.3082,13372003,170960633.0,9159492769.98,3976006499.01
2015-04-16,'600814,杭州解百,12.82,13.15,12.3,12.55,12.72,0.1,0.7862,4.7089,14615615,186350246.0,9166643037.56,3979110329.22
2015-04-15,'600814,杭州解百,12.72,13.6,12.7,13.6,13.62,-0.9,-6.6079,4.7326,14689126,193022548.0,9095140361.76,3948072027.12
2015-04-14,'600814,杭州解百,13.62,14.28,13.46,14.1,14.2,-0.58,-4.0845,6.4451,20004342,277458390.0,9738664443.96,4227416746.02
2015-04-13,'600814,杭州解百,14.2,14.42,13.93,14.35,14.59,-0.39,-2.6731,10.4208,32344460,457528296.0,10153379963.6,4407438898.2
2015-04-10,'600814,杭州解百,14.59,14.63,13.04,13.28,13.3,1.29,9.6992,11.4033,35393852,504924922.0,10432240399.2,4528488276.39
2015-04-09,'600814,杭州解百,13.3,14.0,12.33,13.5,12.87,0.43,3.3411,10.2127,31698523,419049971.0,9509855881.4,4128094179.3
2015-04-08,'600814,杭州解百,12.87,12.87,11.6,11.69,11.7,1.17,10.0,6.9888,21692146,266197987.0,9202394375.46,3994629480.27
2015-04-07,'600814,杭州解百,11.7,12.0,11.41,11.41,11.36,0.34,2.993,6.0149,18669087,219115081.0,8365813068.6,3631481345.7
2015-04-03,'600814,杭州解百,11.36,11.41,10.97,11.11,11.13,0.23,2.0665,4.9288,15298287,171836047.0,8122703970.88,3525951118.56
2015-04-02,'600814,杭州解百,11.13,11.41,11.01,11.32,11.27,-0.14,-1.2422,4.2224,13105718,146353826.0,7958247816.54,3454563023.73
2015-04-01,'600814,杭州解百,11.27,11.37,11.0,11.06,11.1,0.17,1.5315,3.555,11033969,124106233.0,8058351562.66,3498016646.67
2015-03-31,'600814,杭州解百,11.1,11.3,10.86,11.0,10.97,0.13,1.1851,4.2167,13087945,145136153.0,7936797013.8,3445251533.1
2015-03-30,'600814,杭州解百,10.97,11.1,10.83,10.88,10.88,0.09,0.8272,2.8847,8953549,98134382.0,7843843535.26,3404901740.37
2015-03-27,'600814,杭州解百,10.88,10.96,10.7,10.91,10.9,-0.02,-0.1835,2.1233,6590494,71403007.0,7779491127.04,3376967268.48
2015-03-26,'600814,杭州解百,10.9,11.06,10.66,10.78,10.71,0.19,1.774,3.2101,9963739,107976334.0,7793791662.2,3383174928.9
2015-03-25,'600814,杭州解百,10.71,10.84,10.5,10.8,10.84,-0.13,-1.1993,4.0015,12419985,132741727.0,7657936578.18,3324202154.91
2015-03-24,'600814,杭州解百,10.84,11.4,10.58,11.11,11.12,-0.28,-2.518,5.5801,17319826,190800717.0,7750890056.72,3364551947.64
2015-03-23,'600814,杭州解百,11.12,11.23,10.97,11.12,11.1,0.02,0.1802,3.6182,11230334,124269204.0,7951097548.96,3451459193.52
2015-03-20,'600814,杭州解百,11.1,11.33,10.91,11.0,11.21,-0.11,-0.9813,4.6038,14289552,159217836.0,7936797013.8,3445251533.1
2015-03-19,'600814,杭州解百,11.21,11.56,10.51,10.58,10.58,0.63,5.9546,6.968,21627561,233804464.0,8015449957.18,3479393665.41
2015-03-18,'600814,杭州解百,10.58,10.67,10.43,10.61,10.55,0.03,0.2844,5.0673,15727981,165664759.0,7564983099.64,3283852362.18
2015-03-17,'600814,杭州解百,10.55,10.83,10.44,10.7,10.7,-0.15,-1.4019,7.1428,22170174,234564169.0,7543532296.9,3274540871.55
2015-03-16,'600814,杭州解百,10.7,10.94,10.3,10.53,10.12,0.58,5.7312,10.9955,34128210,361546234.0,7650786310.6,3321098324.7
2015-03-13,'600814,杭州解百,10.12,10.12,10.12,10.12,9.2,0.92,10.0,2.4096,7478888,75686347.0,7236070790.96,3141076172.52
2015-03-12,'600814,杭州解百,9.2,9.25,8.91,9.2,9.22,-0.02,-0.2169,3.1595,9806547,88810629.0,6578246173.6,2855523793.2
2015-03-11,'600814,杭州解百,9.22,9.36,9.1,9.31,9.3,-0.08,-0.8602,2.301,7141888,65702540.0,6592546708.76,2861731453.62
2015-03-10,'600814,杭州解百,9.3,9.44,9.18,9.3,9.34,-0.04,-0.4283,1.818,5642728,52572472.0,6649748849.4,2886562095.3
2015-03-09,'600814,杭州解百,9.34,9.52,8.98,9.04,9.04,0.3,3.3186,3.7401,11608732,108442916.0,6678349919.72,2898977416.14
2015-03-06,'600814,杭州解百,9.04,9.18,9.0,9.07,9.07,-0.03,-0.3308,2.1326,6619083,60019098.0,6463841892.32,2805862509.84
2015-03-05,'600814,杭州解百,9.07,9.2,8.95,9.2,9.17,-0.1,-1.0905,2.2442,6965506,63052151.0,6485292695.06,2815174000.47
2015-03-04,'600814,杭州解百,9.17,9.27,9.0,9.07,8.94,0.23,2.5727,2.8079,8715279,79535163.0,6556795370.86,2846212302.57
2015-03-03,'600814,杭州解百,8.94,9.3,8.91,9.13,9.19,-0.25,-2.7203,3.5795,11110287,100725737.0,6392339216.52,2774824207.74
2015-03-02,'600814,杭州解百,9.19,9.28,9.04,9.04,8.91,0.28,3.1425,3.892,12080064,110661435.0,6571095906.02,2852419962.99
2015-02-27,'600814,杭州解百,8.91,8.95,8.83,8.86,8.86,0.05,0.5643,2.1434,6652650,59029467.0,6370888413.78,2765512717.11
2015-02-26,'600814,杭州解百,8.86,8.96,8.78,8.81,8.79,0.07,0.7964,1.5304,4749990,42090036.0,6335137075.88,2749993566.06
2015-02-25,'600814,杭州解百,8.79,8.99,8.68,8.96,8.96,-0.17,-1.8973,1.3082,4060389,35808445.0,6285085202.82,2728266754.59
2015-02-17,'600814,杭州解百,8.96,9.0,8.77,8.82,8.85,0.11,1.2429,1.6988,5272800,46945038.0,6406639751.68,2781031868.16
2015-02-16,'600814,杭州解百,8.85,8.94,8.71,8.76,8.69,0.16,1.8412,1.8535,5752859,50996474.0,6327986808.3,2746889735.85
2015-02-13,'600814,杭州解百,8.69,8.8,8.6,8.6,8.66,0.03,0.3464,1.4717,4567948,39892778.0,6213582527.02,2697228452.49
2015-02-12,'600814,杭州解百,8.66,8.78,8.61,8.63,8.75,-0.09,-1.0286,1.1343,3520773,30546303.0,6192131724.28,2687916961.86
2015-02-11,'600814,杭州解百,8.75,8.77,8.26,8.28,8.29,0.46,5.5489,2.2946,7122015,60718107.0,6256484132.5,2715851433.75
2015-02-10,'600814,杭州解百,8.29,8.3,8.17,8.2,8.23,0.06,0.729,0.788,2445839,20139935.0,5927571823.82,2573075244.09
2015-02-09,'600814,杭州解百,8.23,8.33,8.16,8.3,8.28,-0.05,-0.6039,0.8884,2757354,22649289.0,5884670218.34,2554452262.83
2015-02-06,'600814,杭州解百,8.28,8.46,8.22,8.39,8.41,-0.13,-1.5458,1.6979,5270034,43795455.0,5920421556.24,2569971413.88
2015-02-05,'600814,杭州解百,8.41,8.57,8.4,8.57,8.49,-0.08,-0.9423,1.0085,3130116,26503855.0,6013375034.78,2610321206.61
2015-02-04,'600814,杭州解百,8.49,8.63,8.47,8.51,8.58,-0.09,-1.049,1.0805,3353688,28654540.0,6070577175.42,2635151848.29
2015-02-03,'600814,杭州解百,8.58,8.7,8.51,8.54,8.53,0.05,0.5862,1.0976,3406714,29213942.0,6134929583.64,2663086320.18
2015-02-02,'600814,杭州解百,8.53,8.67,8.45,8.67,8.7,-0.17,-1.954,0.9944,3086439,26315528.0,6099178245.74,2647567169.13
2015-01-30,'600814,杭州解百,8.7,8.96,8.66,8.9,8.88,-0.18,-2.027,1.8208,5651531,49416153.0,6220732794.6,2700332282.7
2015-01-29,'600814,杭州解百,8.88,8.95,8.71,8.79,8.86,0.02,0.2257,1.541,4783001,42267072.0,6349437611.04,2756201226.48
2015-01-28,'600814,杭州解百,8.86,9.01,8.82,8.9,8.98,-0.12,-1.3363,1.6127,5005566,44484994.0,6335137075.88,2749993566.06
2015-01-27,'600814,杭州解百,8.98,9.06,8.58,8.71,8.74,0.24,2.746,3.177,9860805,86902053.0,6420940286.84,2787239528.58
2015-01-26,'600814,杭州解百,8.74,8.75,8.56,8.65,8.64,0.1,1.1574,2.1878,6790442,58802677.0,6249333864.92,2712747603.54
2015-01-23,'600814,杭州解百,8.64,8.85,8.6,8.85,8.82,-0.18,-2.0408,1.4694,4560911,39640378.0,6177831189.12,2681709301.44
2015-01-22,'600814,杭州解百,8.82,8.84,8.51,8.56,8.57,0.25,2.9172,1.6766,5204014,44973811.0,6306536005.56,2737578245.22
2015-01-21,'600814,杭州解百,8.57,8.57,8.35,8.43,8.42,0.15,1.7815,1.8196,5647603,47959868.0,6127779316.06,2659982489.97
2015-01-20,'600814,杭州解百,8.42,8.57,8.28,8.38,8.29,0.13,1.5682,2.264,7026921,58886747.0,6020525302.36,2613425036.82
2015-01-19,'600814,杭州解百,8.29,8.62,8.2,8.26,8.64,-0.35,-4.0509,2.4551,7620356,63885868.0,5927571823.82,2573075244.09
2015-01-16,'600814,杭州解百,8.64,8.89,8.0,8.85,8.85,-0.21,-2.3729,3.1095,9651263,82170029.0,6177831189.12,2681709301.44
2015-01-15,'600814,杭州解百,8.85,8.87,8.72,8.75,8.75,0.1,1.1429,1.0364,3216823,28337740.0,6327986808.3,2746889735.85
2015-01-14,'600814,杭州解百,8.75,8.98,8.71,8.97,8.97,-0.22,-2.4526,1.5285,4744354,41762351.0,6256484132.5,2715851433.75
2015-01-13,'600814,杭州解百,8.97,9.02,8.85,8.95,8.97,0.0,0.0,1.2642,3923808,35020306.0,6413790019.26,2784135698.37
2015-01-12,'600814,杭州解百,8.97,9.14,8.8,8.93,8.98,-0.01,-0.1114,2.0586,6389639,57312022.0,6413790019.26,2784135698.37
2015-01-09,'600814,杭州解百,8.98,9.39,8.8,9.2,9.18,-0.2,-2.1786,3.7111,11518616,105245700.0,6420940286.84,2787239528.58
2015-01-08,'600814,杭州解百,9.18,9.57,9.17,9.21,9.22,-0.04,-0.4338,2.8249,8767970,81515623.0,6563945638.44,2849316132.78
2015-01-07,'600814,杭州解百,9.22,9.49,9.15,9.39,9.52,-0.3,-3.1513,3.6884,11448027,106276568.0,6592546708.76,2861731453.62
2015-01-06,'600814,杭州解百,9.52,9.58,8.73,8.8,8.92,0.6,6.7265,5.6655,17584882,162781321.0,6807054736.16,2954846359.92
2015-01-05,'600814,杭州解百,8.92,9.13,8.66,8.84,8.85,0.07,0.791,3.5538,11030267,98787329.0,6378038681.36,2768616547.32
2014-12-31,'600814,杭州解百,8.85,8.9,8.68,8.81,8.89,-0.04,-0.4499,2.3709,7358922,64577506.0,6327986808.3,2746889735.85
2014-12-30,'600814,杭州解百,8.89,9.0,8.71,8.99,9.03,-0.14,-1.5504,3.0222,9380434,82894173.0,6356587878.62,2759305056.69
2014-12-29,'600814,杭州解百,9.03,9.35,8.88,9.0,8.91,0.12,1.3468,6.0926,18910479,172374789.0,6456691624.74,2802758679.63
2014-12-26,'600814,杭州解百,8.91,9.04,8.77,8.8,9.03,-0.12,-1.3289,5.0039,15531330,137884998.0,6370888413.78,2765512717.11
2014-12-25,'600814,杭州解百,9.03,9.1,8.62,8.78,8.92,0.11,1.2332,6.9519,21577508,191886166.0,6456691624.74,2802758679.63
2014-12-24,'600814,杭州解百,8.92,9.3,8.56,8.6,8.57,0.35,4.084,11.5204,35757366,318628938.0,6378038681.36,2768616547.32
2014-12-23,'600814,杭州解百,8.57,8.57,7.79,7.79,7.79,0.78,10.0128,7.9325,24621270,207188254.0,6127779316.06,2659982489.97
2014-12-22,'600814,杭州解百,7.79,8.02,7.63,8.0,8.0,-0.21,-2.625,2.7369,8494784,66738714.0,5570058444.82,2417883733.59
2014-12-19,'600814,杭州解百,8.0,8.06,7.77,7.81,7.81,0.19,2.4328,3.7646,11684826,92695720.0,5720214064.0,2483064168.0
2014-12-18,'600814,杭州解百,7.81,7.98,7.81,7.95,7.93,-0.12,-1.5132,1.3944,4327844,34112313.0,5584358979.98,2424091394.01
2014-12-17,'600814,杭州解百,7.93,7.95,7.77,7.85,7.88,0.05,0.6345,1.9608,6085988,47991350.0,5670162190.94,2461337356.53
2014-12-16,'600814,杭州解百,7.88,8.01,7.81,7.96,7.96,-0.08,-1.005,1.3708,4254858,33566928.0,5634410853.04,2445818205.48
2014-12-15,'600814,杭州解百,7.96,7.98,7.84,7.91,7.9,0.06,0.7595,1.4246,4421845,34974825.0,5691612993.68,2470648847.16
2014-12-12,'600814,杭州解百,7.9,7.91,7.76,7.79,7.8,0.1,1.2821,1.4982,4650158,36566762.0,5648711388.2,2452025865.9
2014-12-11,'600814,杭州解百,7.8,7.81,7.69,7.75,7.75,0.05,0.6452,1.3111,4069586,31571098.0,5577208712.4,2420987563.8
2014-12-10,'600814,杭州解百,7.75,7.78,7.52,7.52,7.56,0.19,2.5132,1.3222,4103844,31531458.0,5541457374.5,2405468412.75
2014-12-09,'600814,杭州解百,7.56,7.84,7.51,7.81,7.82,-0.26,-3.3248,2.5701,7977160,61496269.0,5405602290.48,2346495638.76
2014-12-08,'600814,杭州解百,7.82,7.95,7.75,7.92,7.99,-0.17,-2.1277,3.1816,9875177,77474981.0,5591509247.56,2427195224.22
2014-12-05,'600814,杭州解百,7.99,8.1,7.68,8.1,8.1,-0.11,-1.358,3.3788,10487188,82864026.0,5713063796.42,2479960337.79
2014-12-04,'600814,杭州解百,8.1,8.15,7.91,7.94,7.95,0.15,1.8868,3.669,11387849,91939178.0,5791716739.8,2514102470.1
2014-12-03,'600814,杭州解百,7.95,8.07,7.93,8.01,8.02,-0.07,-0.8728,3.4401,10677522,85299768.0,5684462726.1,2467545016.95
2014-12-02,'600814,杭州解百,8.02,8.11,7.9,7.95,7.95,0.07,0.8805,2.2366,6942158,55783276.0,5734514599.16,2489271828.42
2014-12-01,'600814,杭州解百,7.95,8.14,7.82,8.11,8.11,-0.16,-1.9729,2.2525,6991468,55673634.0,5684462726.1,2467545016.95
2014-11-28,'600814,杭州解百,8.11,8.16,7.9,7.94,7.96,0.15,1.8844,3.3079,10267045,82816437.0,5798867007.38,2517206300.31
2014-11-27,'600814,杭州解百,7.96,8.03,7.86,8.01,7.97,-0.01,-0.1255,1.4814,4598007,36553438.0,5691612993.68,2470648847.16
2014-11-26,'600814,杭州解百,7.97,8.1,7.9,8.0,8.0,-0.03,-0.375,1.6461,5109110,40794383.0,5698763261.26,2473752677.37
2014-11-25,'600814,杭州解百,8.0,8.0,7.83,7.84,7.85,0.15,1.9108,2.2921,7114392,56392061.0,5720214064.0,2483064168.0
2014-11-24,'600814,杭州解百,7.85,7.92,7.81,7.92,7.86,-0.01,-0.1272,1.6105,4998642,39302962.0,5612960050.3,2436506714.85
2014-11-21,'600814,杭州解百,7.86,7.92,7.71,7.8,7.82,0.04,0.5115,1.7141,5320343,41715329.0,5620110317.88,2439610545.06
2014-11-20,'600814,杭州解百,7.82,7.86,7.58,7.61,7.63,0.19,2.4902,1.5849,4919328,38042533.0,5591509247.56,2427195224.22
2014-11-19,'600814,杭州解百,7.63,7.68,7.52,7.61,7.61,0.02,0.2628,0.8123,2521259,19166445.0,5455654163.54,2368222450.23
2014-11-18,'600814,杭州解百,7.61,7.63,7.53,7.59,7.61,0.0,0.0,0.5675,1761533,13380004.0,5441353628.38,2362014789.81
2014-11-17,'600814,杭州解百,7.61,7.62,7.46,7.5,7.56,0.05,0.6614,0.8699,2700037,20317905.0,5441353628.38,2362014789.81
2014-11-14,'600814,杭州解百,7.56,7.6,7.47,7.53,7.58,-0.02,-0.2639,0.8291,2573329,19372411.0,5405602290.48,2346495638.76
2014-11-13,'600814,杭州解百,7.58,7.68,7.55,7.68,7.73,-0.15,-1.9405,0.7681,2384144,18140462.0,5419902825.64,2352703299.18
2014-11-12,'600814,杭州解百,7.73,7.75,7.51,7.52,7.6,0.13,1.7105,0.9887,3068726,23534542.0,5527156839.34,2399260752.33
2014-11-11,'600814,杭州解百,7.6,7.94,7.42,7.83,7.85,-0.25,-3.1847,2.0066,6228042,47655666.0,5434203360.8,2358910959.6
2014-11-10,'600814,杭州解百,7.85,7.88,7.75,7.84,7.87,-0.02,-0.2541,1.2396,3847417,30040410.0,5612960050.3,2436506714.85
2014-11-07,'600814,杭州解百,7.87,7.97,7.78,7.82,7.8,0.07,0.8974,2.2516,6988617,54940923.0,5627260585.46,2442714375.27
2014-11-06,'600814,杭州解百,7.8,7.85,7.75,7.8,7.79,0.01,0.1284,0.8217,2550368,19878994.0,5577208712.4,2420987563.8
2014-11-05,'600814,杭州解百,7.79,7.81,7.73,7.8,7.75,0.04,0.5161,0.9089,2821171,21922994.0,5570058444.82,2417883733.59
2014-11-04,'600814,杭州解百,7.75,7.84,7.68,7.81,7.8,-0.05,-0.641,1.0957,3400903,26489885.0,5541457374.5,2405468412.75
2014-11-03,'600814,杭州解百,7.8,7.95,7.77,7.82,7.74,0.06,0.7752,1.3409,4161797,32594258.0,5577208712.4,2420987563.8
2014-10-31,'600814,杭州解百,7.74,7.8,7.62,7.64,7.64,0.1,1.3089,1.5172,4709095,36297254.0,5534307106.92,2402364582.54
2014-10-30,'600814,杭州解百,7.64,7.66,7.58,7.65,7.61,0.03,0.3942,0.9839,3053709,23284415.0,5462804431.12,2371326280.44
2014-10-29,'600814,杭州解百,7.61,7.62,7.52,7.53,7.53,0.08,1.0624,0.8251,2561040,19411168.0,5441353628.38,2362014789.81
2014-10-28,'600814,杭州解百,7.53,7.53,7.39,7.39,7.37,0.16,2.171,0.5805,1801855,13467671.0,5384151487.74,2337184148.13
2014-10-27,'600814,杭州解百,7.37,7.42,7.32,7.37,7.41,-0.04,-0.5398,0.3921,1216937,8976869.0,5269747206.46,2287522864.77
2014-10-24,'600814,杭州解百,7.41,7.52,7.38,7.41,7.39,0.02,0.2706,0.4909,1523678,11339129.0,5298348276.78,2299938185.61
2014-10-23,'600814,杭州解百,7.39,7.57,7.37,7.55,7.58,-0.19,-2.5066,0.7506,2329844,17364358.0,5284047741.62,2293730525.19
2014-10-22,'600814,杭州解百,7.58,7.8,7.57,7.62,7.63,-0.05,-0.6553,0.8573,2660800,20456712.0,5419902825.64,2352703299.18
2014-10-21,'600814,杭州解百,7.63,7.72,7.61,7.69,7.7,-0.07,-0.9091,0.5052,1568120,12023826.0,5455654163.54,2368222450.23
2014-10-20,'600814,杭州解百,7.7,7.73,7.53,7.57,7.54,0.16,2.122,0.868,2694095,20538710.0,5505706036.6,2389949261.7
2014-10-17,'600814,杭州解百,7.54,7.7,7.48,7.65,7.69,-0.15,-1.9506,1.3606,4222967,31937651.0,5391301755.32,2340287978.34
2014-10-16,'600814,杭州解百,7.69,7.84,7.68,7.81,7.85,-0.16,-2.0382,1.0314,3201439,24913286.0,5498555769.02,2386845431.49
2014-10-15,'600814,杭州解百,7.85,7.88,7.76,7.78,7.81,0.04,0.5122,0.9387,2913485,22782862.0,5612960050.3,2436506714.85
2014-10-14,'600814,杭州解百,7.81,7.89,7.77,7.79,7.83,-0.02,-0.2554,0.9187,2851536,22319335.0,5584358979.98,2424091394.01
2014-10-13,'600814,杭州解百,7.83,7.96,7.75,7.87,7.91,-0.08,-1.0114,1.0836,3363329,26281827.0,5598659515.14,2430299054.43
2014-10-10,'600814,杭州解百,7.91,7.95,7.78,7.9,7.92,-0.01,-0.1263,1.5558,4828883,37913232.0,5655861655.78,2455129696.11
2014-10-09,'600814,杭州解百,7.92,8.08,7.86,8.07,8.06,-0.14,-1.737,1.5889,4931596,39284734.0,5663011923.36,2458233526.32
2014-10-08,'600814,杭州解百,8.06,8.08,7.94,8.01,8.01,0.05,0.6242,1.4347,4452979,35745792.0,5763115669.48,2501687149.26
2014-09-30,'600814,杭州解百,8.01,8.06,7.96,8.01,8.01,0.0,0.0,0.7988,2479302,19842796.0,2486167998.21,2486167998.21
2014-09-29,'600814,杭州解百,8.01,8.08,7.87,7.87,7.87,0.14,1.7789,1.831,5682985,45487414.0,2486167998.21,2486167998.21
2014-09-26,'600814,杭州解百,7.87,7.89,7.73,7.73,7.76,0.11,1.4175,0.8415,2611734,20469833.0,2442714375.27,2442714375.27
2014-09-25,'600814,杭州解百,7.76,7.92,7.75,7.86,7.83,-0.07,-0.894,1.3329,4137203,32468112.0,2408572242.96,2408572242.96
2014-09-24,'600814,杭州解百,7.83,7.87,7.75,7.76,7.79,0.04,0.5135,1.0164,3154768,24691026.0,2430299054.43,2430299054.43
2014-09-23,'600814,杭州解百,7.79,7.81,7.72,7.75,7.78,0.01,0.1285,1.285,3988442,30949544.0,2417883733.59,2417883733.59
2014-09-22,'600814,杭州解百,7.78,8.04,7.67,8.04,8.04,-0.26,-3.2338,2.2171,6881509,53615888.0,2414779903.38,2414779903.38
2014-09-19,'600814,杭州解百,8.04,8.09,7.94,8.0,8.02,0.02,0.2494,1.0007,3106048,24918962.0,2495479488.84,2495479488.84
2014-09-18,'600814,杭州解百,8.02,8.09,7.92,8.04,8.02,0.0,0.0,1.5374,4771782,38316436.0,2489271828.42,2489271828.42
2014-09-17,'600814,杭州解百,8.02,8.03,7.67,7.78,7.77,0.25,3.2175,1.9923,6183642,48744392.0,2489271828.42,2489271828.42
2014-09-16,'600814,杭州解百,7.77,8.02,7.73,7.88,7.9,-0.13,-1.6456,2.1213,6584244,51984358.0,2411676073.17,2411676073.17
2014-09-15,'600814,杭州解百,7.9,7.93,7.72,7.81,7.81,0.09,1.1524,1.3707,4254507,33362006.0,2452025865.9,2452025865.9
2014-09-12,'600814,杭州解百,7.81,7.85,7.7,7.78,7.69,0.12,1.5605,1.3632,4231251,32953397.0,2424091394.01,2424091394.01
2014-09-11,'600814,杭州解百,7.69,7.86,7.67,7.86,7.86,-0.17,-2.1628,1.851,5745064,44630991.0,2386845431.49,2386845431.49
2014-09-10,'600814,杭州解百,7.86,7.87,7.67,7.74,7.7,0.16,2.0779,2.1401,6642446,51768123.0,2439610545.06,2439610545.06
2014-09-09,'600814,杭州解百,7.7,7.75,7.61,7.69,7.7,0.0,0.0,1.4122,4383204,33571919.0,2389949261.7,2389949261.7
2014-09-05,'600814,杭州解百,7.7,7.77,7.6,7.6,7.6,0.1,1.3158,1.4504,4501658,34610009.0,2389949261.7,2389949261.7
2014-09-04,'600814,杭州解百,7.6,7.64,7.51,7.57,7.57,0.03,0.3963,1.6282,5053765,38336989.0,2358910959.6,2358910959.6
2014-09-03,'600814,杭州解百,7.57,7.61,7.48,7.52,7.52,0.05,0.6649,1.1824,3669909,27661074.0,2349599468.97,2349599468.97
2014-09-02,'600814,杭州解百,7.52,7.56,7.44,7.5,7.47,0.05,0.6693,1.3934,4324769,32417672.0,2334080317.92,2334080317.92
2014-09-01,'600814,杭州解百,7.47,7.51,7.35,7.35,7.33,0.14,1.91,0.8255,2562135,19042241.0,2318561166.87,2318561166.87
2014-08-29,'600814,杭州解百,7.33,7.38,7.25,7.31,7.26,0.07,0.9642,0.5055,1568974,11499374.0,2275107543.93,2275107543.93
2014-08-28,'600814,杭州解百,7.26,7.45,7.23,7.44,7.42,-0.16,-2.1563,1.2021,3730987,27294477.0,2253380732.46,2253380732.46
2014-08-27,'600814,杭州解百,7.42,7.51,7.35,7.51,7.56,-0.14,-1.8519,1.0241,3178502,23548258.0,2303042015.82,2303042015.82
2014-08-26,'600814,杭州解百,7.56,7.89,7.47,7.61,7.51,0.05,0.6658,2.1799,6765893,51750489.0,2346495638.76,2346495638.76
2014-08-25,'600814,杭州解百,7.51,7.57,7.44,7.55,7.58,-0.07,-0.9235,0.7182,2229295,16698741.0,2330976487.71,2330976487.71
2014-08-22,'600814,杭州解百,7.58,7.61,7.52,7.54,7.56,0.02,0.2646,0.7596,2357577,17819189.0,2352703299.18,2352703299.18
2014-08-21,'600814,杭州解百,7.56,7.7,7.46,7.6,7.62,-0.06,-0.7874,1.5264,4737608,35769494.0,2346495638.76,2346495638.76
2014-08-20,'600814,杭州解百,7.62,7.75,7.26,7.27,7.3,0.32,4.3836,3.6551,11344712,85643974.0,2365118620.02,2365118620.02
2014-08-19,'600814,杭州解百,7.3,7.35,7.23,7.35,7.33,-0.03,-0.4093,1.2395,3847181,28023272.0,2265796053.3,2265796053.3
2014-08-18,'600814,杭州解百,7.33,7.37,7.25,7.28,7.24,0.09,1.2431,1.15,3569306,26077607.0,2275107543.93,2275107543.93
2014-08-15,'600814,杭州解百,7.24,7.24,7.15,7.19,7.16,0.08,1.1173,0.6898,2141161,15437247.0,2247173072.04,2247173072.04
2014-08-14,'600814,杭州解百,7.16,7.26,7.16,7.21,7.21,-0.05,-0.6935,0.8187,2541027,18337847.0,2222342430.36,2222342430.36
2014-08-13,'600814,杭州解百,7.21,7.28,7.13,7.25,7.27,-0.06,-0.8253,1.0299,3196759,23019822.0,2237861581.41,2237861581.41
2014-08-12,'600814,杭州解百,7.27,7.32,7.23,7.32,7.3,-0.03,-0.411,0.5616,1743041,12647419.0,2256484562.67,2256484562.67
2014-08-11,'600814,杭州解百,7.3,7.3,7.15,7.15,7.17,0.13,1.8131,1.1526,3577401,25925744.0,2265796053.3,2265796053.3
2014-08-08,'600814,杭州解百,7.17,7.21,7.08,7.12,7.1,0.07,0.9859,0.6657,2066232,14769945.0,2225446260.57,2225446260.57
2014-08-07,'600814,杭州解百,7.1,7.23,7.09,7.23,7.24,-0.14,-1.9337,0.8537,2649638,18971200.0,2203719449.1,2203719449.1
2014-08-06,'600814,杭州解百,7.24,7.32,7.14,7.22,7.18,0.06,0.8357,1.5382,4774427,34556513.0,2247173072.04,2247173072.04
2014-08-05,'600814,杭州解百,7.18,7.18,7.1,7.16,7.14,0.04,0.5602,0.6845,2124665,15169467.0,2228550090.78,2228550090.78
2014-08-04,'600814,杭州解百,7.14,7.15,7.06,7.06,7.08,0.06,0.8475,0.8873,2753934,19591297.0,2216134769.94,2216134769.94
2014-08-01,'600814,杭州解百,7.08,7.2,7.06,7.17,7.15,-0.07,-0.979,1.2745,3955909,28236831.0,2197511788.68,2197511788.68
2014-07-31,'600814,杭州解百,7.15,7.19,7.05,7.08,7.08,0.07,0.9887,1.8977,5890200,41920674.0,2219238600.15,2219238600.15
2014-07-30,'600814,杭州解百,7.08,7.11,7.05,7.08,7.09,-0.01,-0.141,0.7666,2379517,16843278.0,2197511788.68,2197511788.68
2014-07-29,'600814,杭州解百,7.09,7.13,7.04,7.08,7.07,0.02,0.2829,0.7302,2266292,16027631.0,2200615618.89,2200615618.89
2014-07-28,'600814,杭州解百,7.07,7.09,6.9,6.9,6.9,0.17,2.4638,1.0419,3233968,22704411.0,2194407958.47,2194407958.47
2014-07-25,'600814,杭州解百,6.9,6.93,6.87,6.89,6.89,0.01,0.1451,0.3847,1194132,8239809.0,2141642844.9,2141642844.9
2014-07-24,'600814,杭州解百,6.89,6.95,6.85,6.92,6.89,0.0,0.0,0.48,1489711,10278953.0,2138539014.69,2138539014.69
2014-07-23,'600814,杭州解百,6.89,6.96,6.85,6.92,6.91,-0.02,-0.2894,1.1127,3453663,23814626.0,2138539014.69,2138539014.69
2014-07-22,'600814,杭州解百,6.91,6.95,6.8,6.8,6.85,0.06,0.8759,0.5752,1785368,12283252.0,2144746675.11,2144746675.11
2014-07-21,'600814,杭州解百,6.85,7.03,6.82,7.0,7.04,-0.19,-2.6989,1.145,3553786,24472339.0,2126123693.85,2126123693.85
2014-07-18,'600814,杭州解百,7.04,7.45,6.95,7.15,7.19,-0.15,-2.0862,2.732,8479727,60576318.0,2185096467.84,2185096467.84
2014-07-17,'600814,杭州解百,0.0,0.0,0.0,0.0,7.19,None,None,0.0,0,0.0,2231653920.99,2231653920.99
2014-07-16,'600814,杭州解百,0.0,0.0,0.0,0.0,7.19,None,None,0.0,0,0.0,2231653920.99,2231653920.99
2014-07-15,'600814,杭州解百,0.0,0.0,0.0,0.0,7.19,None,None,0.0,0,0.0,2231653920.99,2231653920.99
2014-07-14,'600814,杭州解百,0.0,0.0,0.0,0.0,7.19,None,None,0.0,0,0.0,2231653920.99,2231653920.99
2014-07-11,'600814,杭州解百,0.0,0.0,0.0,0.0,7.19,None,None,0.0,0,0.0,2231653920.99,2231653920.99
2014-07-10,'600814,杭州解百,7.19,7.2,6.97,7.0,7.01,0.18,2.5678,1.2719,3947715,28074853.0,2231653920.99,2231653920.99
2014-07-09,'600814,杭州解百,7.01,7.11,6.99,7.08,7.06,-0.05,-0.7082,0.7163,2223120,15676388.0,2175784977.21,2175784977.21
2014-07-08,'600814,杭州解百,7.06,7.1,7.01,7.09,7.1,-0.04,-0.5634,0.4106,1274553,8981614.0,2191304128.26,2191304128.26
2014-07-07,'600814,杭州解百,7.1,7.11,7.02,7.07,7.05,0.05,0.7092,0.7493,2325669,16440999.0,2203719449.1,2203719449.1
2014-07-04,'600814,杭州解百,7.05,7.07,7.02,7.06,7.04,0.01,0.142,0.3284,1019352,7180403.0,2188200298.05,2188200298.05
2014-07-03,'600814,杭州解百,7.04,7.05,6.97,6.99,6.99,0.05,0.7153,0.4363,1354087,9507086.0,2185096467.84,2185096467.84
2014-07-02,'600814,杭州解百,6.99,7.06,6.96,7.03,7.03,-0.04,-0.569,0.5867,1821001,12788501.0,2169577316.79,2169577316.79
2014-07-01,'600814,杭州解百,7.03,7.1,6.89,6.9,6.92,0.11,1.5896,0.8261,2564026,17962798.0,2181992637.63,2181992637.63
2014-06-30,'600814,XD杭州解,6.92,6.96,6.81,6.85,6.87,0.05,0.7278,0.3408,1057930,7311380.0,2147850505.32,2147850505.32
2014-06-27,'600814,杭州解百,6.94,6.95,6.88,6.9,6.89,0.05,0.7257,0.2214,687321,4756404.0,2154058165.74,2154058165.74
2014-06-26,'600814,杭州解百,6.89,6.93,6.87,6.88,6.88,0.01,0.1453,0.2894,898113,6191725.0,2138539014.69,2138539014.69
2014-06-25,'600814,杭州解百,6.88,6.94,6.85,6.87,6.91,-0.03,-0.4342,0.096,297984,2050052.0,2135435184.48,2135435184.48
2014-06-24,'600814,杭州解百,6.91,6.95,6.87,6.87,6.9,0.01,0.1449,0.0984,305344,2110365.0,2144746675.11,2144746675.11
2014-06-23,'600814,杭州解百,6.9,6.98,6.89,6.98,6.91,-0.01,-0.1447,0.184,571016,3960260.0,2141642844.9,2141642844.9
2014-06-20,'600814,杭州解百,6.91,7.0,6.83,6.83,6.88,0.03,0.436,0.1972,612194,4243990.0,2144746675.11,2144746675.11
2014-06-19,'600814,杭州解百,6.88,6.95,6.8,6.94,6.96,-0.08,-1.1494,0.2887,896164,6141731.0,2135435184.48,2135435184.48
2014-06-18,'600814,杭州解百,6.96,7.02,6.7,6.98,7.0,-0.04,-0.5714,0.4414,1369928,9472277.0,2160265826.16,2160265826.16
2014-06-17,'600814,杭州解百,7.0,7.05,6.98,7.03,7.04,-0.04,-0.5682,0.264,819468,5747466.0,2172681147.0,2172681147.0
2014-06-16,'600814,杭州解百,7.04,7.05,6.97,7.03,7.0,0.04,0.5714,0.3553,1102849,7731828.0,2185096467.84,2185096467.84
2014-06-13,'600814,杭州解百,7.0,7.03,6.95,6.95,6.96,0.04,0.5747,0.3816,1184319,8273847.0,2172681147.0,2172681147.0
2014-06-12,'600814,杭州解百,6.96,6.98,6.92,6.92,6.95,0.01,0.1439,0.2275,706000,4902547.0,2160265826.16,2160265826.16
2014-06-11,'600814,杭州解百,6.95,6.98,6.92,6.96,6.97,-0.02,-0.2869,0.1338,415141,2883283.0,2157161995.95,2157161995.95
2014-06-10,'600814,杭州解百,6.97,6.98,6.88,6.93,6.93,0.04,0.5772,0.1836,569734,3947594.0,2163369656.37,2163369656.37
2014-06-09,'600814,杭州解百,6.93,7.1,6.91,7.03,7.01,-0.08,-1.1412,0.3205,994804,6960918.0,2150954335.53,2150954335.53
2014-06-06,'600814,杭州解百,7.01,7.03,6.96,6.98,6.97,0.04,0.5739,0.1532,475645,3329399.0,2175784977.21,2175784977.21
2014-06-05,'600814,杭州解百,6.97,7.0,6.89,6.95,6.96,0.01,0.1437,0.217,673506,4689168.0,2163369656.37,2163369656.37
2014-06-04,'600814,杭州解百,6.96,6.98,6.91,6.92,6.94,0.02,0.2882,0.1004,311572,2161629.0,2160265826.16,2160265826.16
2014-06-03,'600814,杭州解百,6.94,7.03,6.93,6.97,6.98,-0.04,-0.5731,0.1719,533534,3718377.0,2154058165.74,2154058165.74
2014-05-30,'600814,杭州解百,6.98,7.03,6.97,6.97,6.98,0.0,0.0,0.1097,340526,2382100.0,2166473486.58,2166473486.58
2014-05-29,'600814,杭州解百,6.98,7.03,6.96,7.0,7.04,-0.06,-0.8523,0.1175,364620,2549545.0,2166473486.58,2166473486.58
2014-05-28,'600814,杭州解百,7.04,7.05,7.0,7.0,7.01,0.03,0.428,0.2909,903031,6349360.0,2185096467.84,2185096467.84
2014-05-27,'600814,杭州解百,7.01,7.07,6.96,7.07,7.06,-0.05,-0.7082,0.2262,702209,4915597.0,2175784977.21,2175784977.21
2014-05-26,'600814,杭州解百,7.06,7.2,7.04,7.06,7.06,0.0,0.0,0.3451,1071194,7602246.0,2191304128.26,2191304128.26
2014-05-23,'600814,杭州解百,7.06,7.08,6.96,7.0,7.03,0.03,0.4267,0.2253,699296,4916233.0,2191304128.26,2191304128.26
2014-05-22,'600814,杭州解百,7.03,7.11,6.98,7.11,7.06,-0.03,-0.4249,0.2609,809907,5692493.0,2181992637.63,2181992637.63
2014-05-21,'600814,杭州解百,7.06,7.11,6.95,7.04,6.99,0.07,1.0014,0.8019,2489116,17466148.0,2191304128.26,2191304128.26
2014-05-20,'600814,杭州解百,6.99,7.04,6.74,6.83,6.75,0.24,3.5556,1.1808,3665015,25307279.0,2169577316.79,2169577316.79
2014-05-19,'600814,杭州解百,6.75,6.82,6.69,6.75,6.81,-0.06,-0.8811,0.1245,386538,2599141.0,2095085391.75,2095085391.75
2014-05-16,'600814,杭州解百,6.81,6.82,6.71,6.73,6.76,0.05,0.7396,0.1178,365784,2476031.0,2113708373.01,2113708373.01
2014-05-15,'600814,杭州解百,6.76,6.87,6.74,6.84,6.88,-0.12,-1.7442,0.1311,406872,2767902.0,2098189221.96,2098189221.96
2014-05-14,'600814,杭州解百,6.88,6.93,6.85,6.88,6.89,-0.01,-0.1451,0.1358,421642,2901197.0,2135435184.48,2135435184.48
2014-05-13,'600814,杭州解百,6.89,6.95,6.87,6.91,6.93,-0.04,-0.5772,0.1707,529936,3657924.0,2138539014.69,2138539014.69
2014-05-12,'600814,杭州解百,6.93,7.01,6.73,6.74,6.78,0.15,2.2124,0.3456,1072644,7347135.0,2150954335.53,2150954335.53
2014-05-09,'600814,杭州解百,6.78,6.8,6.7,6.75,6.74,0.04,0.5935,0.1542,478606,3228821.0,2104396882.38,2104396882.38
2014-05-08,'600814,杭州解百,6.74,6.84,6.66,6.71,6.73,0.01,0.1486,0.2488,772126,5216694.0,2091981561.54,2091981561.54
2014-05-07,'600814,杭州解百,6.73,6.89,6.71,6.89,6.89,-0.16,-2.3222,0.341,1058288,7207641.0,2088877731.33,2088877731.33
2014-05-06,'600814,杭州解百,6.89,7.04,6.88,6.94,6.91,-0.02,-0.2894,0.506,1570604,10946544.0,2138539014.69,2138539014.69
2014-05-05,'600814,杭州解百,6.91,6.98,6.87,6.89,6.92,-0.01,-0.1445,0.3077,955101,6617556.0,2144746675.11,2144746675.11
2014-04-30,'600814,杭州解百,6.92,6.98,6.86,6.98,6.89,0.03,0.4354,0.3096,960818,6660831.0,2147850505.32,2147850505.32
2014-04-29,'600814,杭州解百,6.89,6.94,6.64,6.64,6.64,0.25,3.7651,0.3654,1134219,7668277.0,2138539014.69,2138539014.69
2014-04-28,'600814,杭州解百,6.64,6.96,6.57,6.84,6.87,-0.23,-3.3479,0.6867,2131416,14456671.0,2060943259.44,2060943259.44
2014-04-25,'600814,杭州解百,6.87,7.0,6.84,7.0,7.0,-0.13,-1.8571,0.5052,1567906,10815134.0,2132331354.27,2132331354.27
2014-04-24,'600814,杭州解百,7.0,7.11,6.88,6.89,6.91,0.09,1.3025,0.8148,2529129,17656776.0,2172681147.0,2172681147.0
2014-04-23,'600814,杭州解百,6.91,7.01,6.9,6.99,6.99,-0.08,-1.1445,0.2266,703210,4882928.0,2144746675.11,2144746675.11
2014-04-22,'600814,杭州解百,6.99,7.07,6.83,6.92,6.92,0.07,1.0116,0.8152,2530369,17486951.0,2169577316.79,2169577316.79
2014-04-21,'600814,杭州解百,6.92,7.08,6.91,7.03,7.07,-0.15,-2.1216,0.3938,1222374,8553475.0,2147850505.32,2147850505.32
2014-04-18,'600814,杭州解百,7.07,7.13,7.02,7.06,7.1,-0.03,-0.4225,0.4386,1361347,9616152.0,2194407958.47,2194407958.47
2014-04-17,'600814,杭州解百,7.1,7.2,7.06,7.2,7.2,-0.1,-1.3889,0.5934,1841750,13103133.0,2203719449.1,2203719449.1
2014-04-16,'600814,杭州解百,7.2,7.25,7.12,7.17,7.16,0.04,0.5587,0.7053,2189262,15725923.0,2234757751.2,2234757751.2
2014-04-15,'600814,杭州解百,7.16,7.19,7.1,7.18,7.19,-0.03,-0.4172,0.3324,1031752,7369107.0,2222342430.36,2222342430.36
2014-04-14,'600814,杭州解百,7.19,7.21,7.02,7.05,7.05,0.14,1.9858,0.7804,2422366,17265036.0,2231653920.99,2231653920.99
2014-04-11,'600814,杭州解百,7.05,7.08,6.99,7.07,7.11,-0.06,-0.8439,0.7665,2379029,16724899.0,2188200298.05,2188200298.05
2014-04-10,'600814,杭州解百,7.11,7.17,7.08,7.13,7.15,-0.04,-0.5594,0.4738,1470503,10485346.0,2206823279.31,2206823279.31
2014-04-09,'600814,杭州解百,7.15,7.17,7.11,7.12,7.12,0.03,0.4213,0.3602,1118142,7975157.0,2219238600.15,2219238600.15
2014-04-08,'600814,杭州解百,7.12,7.2,6.98,7.01,7.03,0.09,1.2802,0.7491,2325207,16542911.0,2209927109.52,2209927109.52
2014-04-04,'600814,杭州解百,7.03,7.05,6.98,7.03,7.03,0.0,0.0,0.5094,1581187,11091289.0,2181992637.63,2181992637.63
2014-04-03,'600814,杭州解百,7.03,7.04,6.94,7.03,7.02,0.01,0.1425,0.5113,1586843,11080350.0,2181992637.63,2181992637.63
2014-04-02,'600814,杭州解百,7.02,7.03,6.92,6.92,6.98,0.04,0.5731,0.3645,1131394,7901234.0,2178888807.42,2178888807.42
2014-04-01,'600814,杭州解百,6.98,7.01,6.9,6.92,6.98,0.0,0.0,0.5441,1688686,11728854.0,2166473486.58,2166473486.58
2014-03-31,'600814,杭州解百,6.98,7.15,6.94,7.12,6.91,0.07,1.013,0.6687,2075479,14647510.0,2166473486.58,2166473486.58
2014-03-28,'600814,杭州解百,6.91,6.96,6.89,6.91,6.92,-0.01,-0.1445,0.3499,1085898,7512446.0,2144746675.11,2144746675.11
2014-03-27,'600814,杭州解百,6.92,7.05,6.85,7.02,7.03,-0.11,-1.5647,0.651,2020547,14091938.0,2147850505.32,2147850505.32
2014-03-26,'600814,杭州解百,7.03,7.1,6.96,7.0,7.03,0.0,0.0,0.438,1359430,9515992.0,2181992637.63,2181992637.63
2014-03-25,'600814,杭州解百,7.03,7.08,6.88,6.94,6.9,0.13,1.8841,0.9346,2900957,20234926.0,2181992637.63,2181992637.63
2014-03-24,'600814,杭州解百,6.9,6.93,6.81,6.88,6.88,0.02,0.2907,0.5002,1552449,10686868.0,2141642844.9,2141642844.9
2014-03-21,'600814,杭州解百,6.88,6.92,6.68,6.7,6.82,0.06,0.8798,0.773,2399189,16266314.0,2135435184.48,2135435184.48
2014-03-20,'600814,杭州解百,6.82,7.03,6.81,6.95,6.99,-0.17,-2.432,0.8142,2527236,17547292.0,2116812203.22,2116812203.22
2014-03-19,'600814,杭州解百,6.99,7.07,6.92,7.07,7.08,-0.09,-1.2712,0.7225,2242374,15659970.0,2169577316.79,2169577316.79
2014-03-18,'600814,杭州解百,7.08,7.13,7.02,7.08,7.06,0.02,0.2833,0.5174,1605826,11364351.0,2197511788.68,2197511788.68
2014-03-17,'600814,杭州解百,7.06,7.1,6.99,7.01,7.07,-0.01,-0.1414,0.4622,1434614,10117030.0,2191304128.26,2191304128.26
2014-03-14,'600814,杭州解百,7.07,7.08,6.95,7.05,7.09,-0.02,-0.2821,0.4236,1314795,9208047.0,2194407958.47,2194407958.47
2014-03-13,'600814,杭州解百,7.09,7.11,6.98,7.0,7.05,0.04,0.5674,0.7152,2219796,15649511.0,2200615618.89,2200615618.89
2014-03-12,'600814,杭州解百,7.05,7.2,6.91,7.12,7.21,-0.16,-2.2191,1.2771,3963887,27797838.0,2188200298.05,2188200298.05
2014-03-11,'600814,杭州解百,7.21,7.48,7.15,7.3,7.56,-0.35,-4.6296,1.6708,5185982,37988180.0,2237861581.41,2237861581.41
2014-03-10,'600814,杭州解百,7.56,7.8,7.2,7.26,7.09,0.47,6.6291,4.725,14665723,110610514.0,2346495638.76,2346495638.76
2014-03-07,'600814,杭州解百,7.09,7.1,6.99,7.03,7.05,0.04,0.5674,0.4831,1499364,10569824.0,2200615618.89,2200615618.89
2014-03-06,'600814,杭州解百,7.05,7.29,7.03,7.29,7.31,-0.26,-3.5568,1.4647,4546141,32265447.0,2188200298.05,2188200298.05
2014-03-05,'600814,杭州解百,7.31,7.46,7.28,7.37,7.34,-0.03,-0.4087,0.5631,1747911,12875278.0,2268899883.51,2268899883.51
2014-03-04,'600814,杭州解百,7.34,7.38,7.21,7.32,7.34,0.0,0.0,0.8021,2489600,18138870.0,2278211374.14,2278211374.14
2014-03-03,'600814,杭州解百,7.34,7.37,7.16,7.16,7.15,0.19,2.6573,1.5916,4940193,35983957.0,2278211374.14,2278211374.14
2014-02-28,'600814,杭州解百,7.15,7.15,7.03,7.03,7.06,0.09,1.2748,0.672,2085854,14798289.0,2219238600.15,2219238600.15
2014-02-27,'600814,杭州解百,7.06,7.19,6.95,7.05,7.07,-0.01,-0.1414,0.9018,2799104,19783373.0,2191304128.26,2191304128.26
2014-02-26,'600814,杭州解百,7.07,7.1,6.86,7.01,7.05,0.02,0.2837,1.3356,4145383,28987228.0,2194407958.47,2194407958.47
2014-02-25,'600814,杭州解百,7.05,7.28,7.0,7.15,7.19,-0.14,-1.9471,1.8717,5809522,41818134.0,2188200298.05,2188200298.05
2014-02-24,'600814,杭州解百,7.19,7.31,7.08,7.24,7.24,-0.05,-0.6906,1.4482,4494874,32396185.0,2231653920.99,2231653920.99
2014-02-21,'600814,杭州解百,7.24,7.29,7.1,7.21,7.21,0.03,0.4161,2.0781,6450133,46583645.0,2247173072.04,2247173072.04
2014-02-20,'600814,杭州解百,7.21,7.37,7.18,7.35,7.37,-0.16,-2.171,1.276,3960581,28784144.0,2237861581.41,2237861581.41
2014-02-19,'600814,杭州解百,7.37,7.39,7.22,7.25,7.28,0.09,1.2363,2.5162,7809828,57056193.0,2287522864.77,2287522864.77
2014-02-18,'600814,杭州解百,7.28,7.28,7.04,7.09,7.13,0.15,2.1038,2.3287,7227882,52148769.0,2259588392.88,2259588392.88
2014-02-17,'600814,杭州解百,7.13,7.19,6.89,6.95,6.93,0.2,2.886,1.6368,5080290,35760135.0,2213030939.73,2213030939.73
2014-02-14,'600814,杭州解百,6.93,6.94,6.81,6.81,6.83,0.1,1.4641,0.858,2663058,18316148.0,2150954335.53,2150954335.53
2014-02-13,'600814,杭州解百,6.83,6.89,6.74,6.83,6.86,-0.03,-0.4373,0.7976,2475642,16860365.0,2119916033.43,2119916033.43
2014-02-12,'600814,杭州解百,6.86,6.89,6.79,6.84,6.84,0.02,0.2924,0.5491,1704304,11648865.0,2129227524.06,2129227524.06
2014-02-11,'600814,杭州解百,6.84,6.92,6.78,6.86,6.86,-0.02,-0.2915,0.5562,1726372,11774698.0,2123019863.64,2123019863.64
2014-02-10,'600814,杭州解百,6.86,6.87,6.76,6.82,6.81,0.05,0.7342,0.4819,1495788,10220246.0,2129227524.06,2129227524.06
2014-02-07,'600814,杭州解百,6.81,6.85,6.64,6.7,6.72,0.09,1.3393,0.4207,1305826,8806507.0,2113708373.01,2113708373.01
2014-01-30,'600814,杭州解百,6.72,6.78,6.52,6.55,6.56,0.16,2.439,0.4873,1512376,10045555.0,2085773901.12,2085773901.12
2014-01-29,'600814,杭州解百,6.56,6.58,6.5,6.51,6.51,0.05,0.768,0.2326,721952,4721876.0,2036112617.76,2036112617.76
2014-01-28,'600814,杭州解百,6.51,6.6,6.48,6.56,6.57,-0.06,-0.9132,0.3841,1192130,7763979.0,2020593466.71,2020593466.71
2014-01-27,'600814,杭州解百,6.57,6.69,6.52,6.62,6.64,-0.07,-1.0542,0.5292,1642531,10843049.0,2039216447.97,2039216447.97
2014-01-24,'600814,杭州解百,6.64,6.64,6.53,6.56,6.56,0.08,1.2195,0.2508,778353,5142415.0,2060943259.44,2060943259.44
2014-01-23,'600814,杭州解百,6.56,6.63,6.5,6.52,6.55,0.01,0.1527,0.2907,902185,5937108.0,2036112617.76,2036112617.76
2014-01-22,'600814,杭州解百,6.55,6.56,6.36,6.41,6.45,0.1,1.5504,0.3411,1058803,6893992.0,2033008787.55,2033008787.55
2014-01-21,'600814,杭州解百,6.45,6.45,6.39,6.41,6.38,0.07,1.0972,0.2415,749616,4808604.0,2001970485.45,2001970485.45
2014-01-20,'600814,杭州解百,6.38,6.65,6.33,6.53,6.49,-0.11,-1.6949,0.371,1151402,7424136.0,1980243673.98,1980243673.98
2014-01-17,'600814,杭州解百,6.49,6.56,6.4,6.5,6.51,-0.02,-0.3072,0.2523,783144,5069674.0,2014385806.29,2014385806.29
2014-01-16,'600814,杭州解百,6.51,6.57,6.5,6.54,6.57,-0.06,-0.9132,0.2148,666722,4352033.0,2020593466.71,2020593466.71
2014-01-15,'600814,杭州解百,6.57,6.58,6.47,6.55,6.5,0.07,1.0769,0.256,794718,5196837.0,2039216447.97,2039216447.97
2014-01-14,'600814,杭州解百,6.5,6.52,6.38,6.38,6.42,0.08,1.2461,0.3003,932062,6032102.0,2017489636.5,2017489636.5
2014-01-13,'600814,杭州解百,6.42,6.5,6.39,6.41,6.45,-0.03,-0.4651,0.1824,566079,3644632.0,1992658994.82,1992658994.82
2014-01-10,'600814,杭州解百,6.45,6.57,6.38,6.42,6.41,0.04,0.624,0.2923,907115,5866742.0,2001970485.45,2001970485.45
2014-01-09,'600814,杭州解百,6.41,6.62,6.41,6.51,6.52,-0.11,-1.6871,0.3604,1118772,7307644.0,1989555164.61,1989555164.61
2014-01-08,'600814,杭州解百,6.52,6.67,6.51,6.63,6.58,-0.06,-0.9119,0.3106,964201,6334627.0,2023697296.92,2023697296.92
2014-01-07,'600814,杭州解百,6.58,6.66,6.5,6.56,6.61,-0.03,-0.4539,0.4327,1343150,8834451.0,2042320278.18,2042320278.18
2014-01-06,'600814,杭州解百,6.61,6.83,6.45,6.83,6.87,-0.26,-3.7846,0.9154,2841218,18765288.0,2051631768.81,2051631768.81
2014-01-03,'600814,杭州解百,6.87,6.97,6.8,6.92,6.91,-0.04,-0.5789,0.4158,1290649,8840089.0,2132331354.27,2132331354.27
2014-01-02,'600814,杭州解百,6.91,7.05,6.88,7.05,7.06,-0.15,-2.1246,0.7033,2182869,15121260.0,2144746675.11,2144746675.11
2013-12-31,'600814,杭州解百,7.06,7.17,6.8,7.1,6.99,0.07,1.0014,1.5561,4830021,33605835.0,2191304128.26,2191304128.26
2013-12-30,'600814,杭州解百,6.99,7.36,6.91,7.18,6.92,0.07,1.0116,1.6694,5181614,36760728.0,2169577316.79,2169577316.79
2013-12-27,'600814,杭州解百,6.92,6.95,6.74,6.74,6.8,0.12,1.7647,0.4429,1374554,9450339.0,2147850505.32,2147850505.32
2013-12-26,'600814,杭州解百,6.8,6.85,6.73,6.83,6.83,-0.03,-0.4392,0.2258,700889,4764238.0,2110604542.8,2110604542.8
2013-12-25,'600814,杭州解百,6.83,6.95,6.8,6.89,6.93,-0.1,-1.443,0.3971,1232522,8440734.0,2119916033.43,2119916033.43
2013-12-24,'600814,杭州解百,6.93,7.03,6.88,6.94,6.89,0.04,0.5806,0.5384,1671121,11623594.0,2150954335.53,2150954335.53
2013-12-23,'600814,杭州解百,6.89,6.96,6.64,6.83,6.87,0.02,0.2911,0.3724,1155877,7896675.0,2138539014.69,2138539014.69
2013-12-20,'600814,杭州解百,6.87,6.94,6.69,6.75,6.78,0.09,1.3274,0.266,825698,5600066.0,2132331354.27,2132331354.27
2013-12-19,'600814,杭州解百,6.78,6.97,6.72,6.81,6.81,-0.03,-0.4405,0.3972,1232859,8437979.0,2104396882.38,2104396882.38
2013-12-18,'600814,杭州解百,6.81,6.95,6.8,6.92,6.91,-0.1,-1.4472,0.395,1225943,8414855.0,2113708373.01,2113708373.01
2013-12-17,'600814,杭州解百,6.91,7.05,6.81,7.01,7.02,-0.11,-1.567,0.498,1545591,10689947.0,2144746675.11,2144746675.11
2013-12-16,'600814,杭州解百,7.02,7.15,6.87,6.87,6.86,0.16,2.3324,1.9996,6206535,43641679.0,2178888807.42,2178888807.42
2013-12-13,'600814,杭州解百,6.86,6.9,6.79,6.81,6.84,0.02,0.2924,0.5193,1611871,11053345.0,2129227524.06,2129227524.06
2013-12-12,'600814,杭州解百,6.84,6.86,6.71,6.75,6.76,0.08,1.1834,0.7374,2288791,15591644.0,2123019863.64,2123019863.64
2013-12-11,'600814,杭州解百,6.76,6.81,6.68,6.74,6.77,-0.01,-0.1477,0.6381,1980583,13345331.0,2098189221.96,2098189221.96
2013-12-10,'600814,杭州解百,6.77,6.78,6.6,6.63,6.64,0.13,1.9578,0.7,2172722,14529492.0,2101293052.17,2101293052.17
2013-12-09,'600814,杭州解百,6.64,6.65,6.6,6.6,6.61,0.03,0.4539,0.4123,1279677,8472633.0,2060943259.44,2060943259.44
2013-12-06,'600814,杭州解百,6.61,6.62,6.55,6.59,6.62,-0.01,-0.1511,0.3169,983565,6479223.0,2051631768.81,2051631768.81
2013-12-05,'600814,杭州解百,6.62,6.67,6.51,6.58,6.58,0.04,0.6079,0.5576,1730654,11404990.0,2054735599.02,2054735599.02
2013-12-04,'600814,杭州解百,6.58,6.61,6.45,6.45,6.48,0.1,1.5432,0.4931,1530540,10036093.0,2042320278.18,2042320278.18
2013-12-03,'600814,杭州解百,6.48,6.54,6.39,6.39,6.41,0.07,1.092,0.3434,1066003,6915476.0,2011281976.08,2011281976.08
2013-12-02,'600814,杭州解百,6.41,6.68,6.38,6.55,6.81,-0.4,-5.8737,0.9235,2866314,18703347.0,1989555164.61,1989555164.61
2013-11-29,'600814,杭州解百,6.81,6.86,6.77,6.78,6.78,0.03,0.4425,0.5202,1614678,10986706.0,2113708373.01,2113708373.01
2013-11-28,'600814,杭州解百,6.78,6.79,6.71,6.74,6.73,0.05,0.7429,0.5151,1598905,10811649.0,2104396882.38,2104396882.38
2013-11-27,'600814,杭州解百,6.73,6.76,6.65,6.65,6.69,0.04,0.5979,0.3898,1209888,8123024.0,2088877731.33,2088877731.33
2013-11-26,'600814,杭州解百,6.69,6.86,6.68,6.86,6.83,-0.14,-2.0498,0.5601,1738513,11734679.0,2076462410.49,2076462410.49
2013-11-25,'600814,杭州解百,6.83,6.89,6.81,6.82,6.85,-0.02,-0.292,0.4159,1290866,8830334.0,2119916033.43,2119916033.43
2013-11-22,'600814,杭州解百,6.85,6.87,6.8,6.86,6.84,0.01,0.1462,0.4595,1426059,9736325.0,2126123693.85,2126123693.85
2013-11-21,'600814,杭州解百,6.84,6.91,6.8,6.88,6.88,-0.04,-0.5814,0.5939,1843382,12620864.0,2123019863.64,2123019863.64
2013-11-20,'600814,杭州解百,6.88,6.92,6.82,6.89,6.89,-0.01,-0.1451,0.486,1508436,10332838.0,2135435184.48,2135435184.48
2013-11-19,'600814,杭州解百,6.89,6.94,6.83,6.9,6.91,-0.02,-0.2894,0.4444,1379244,9490113.0,2138539014.69,2138539014.69
2013-11-18,'600814,杭州解百,6.91,6.96,6.8,6.96,6.91,0.0,0.0,1.046,3246486,22286100.0,2144746675.11,2144746675.11
2013-11-15,'600814,杭州解百,6.91,6.98,6.87,6.89,6.89,0.02,0.2903,0.6272,1946832,13491798.0,2144746675.11,2144746675.11
2013-11-14,'600814,杭州解百,6.89,7.0,6.87,6.96,6.94,-0.05,-0.7205,0.3093,960049,6618137.0,2138539014.69,2138539014.69
2013-11-13,'600814,杭州解百,6.94,7.05,6.85,7.03,7.0,-0.06,-0.8571,0.778,2414803,16771685.0,2154058165.74,2154058165.74
2013-11-12,'600814,杭州解百,7.0,7.02,6.89,6.96,6.95,0.05,0.7194,0.7596,2357569,16409059.0,2172681147.0,2172681147.0
2013-11-11,'600814,杭州解百,6.95,7.0,6.73,6.85,6.86,0.09,1.312,1.1346,3521717,24297448.0,2157161995.95,2157161995.95
2013-11-08,'600814,杭州解百,6.86,6.91,6.7,6.79,6.79,0.07,1.0309,1.2967,4024782,27443527.0,2129227524.06,2129227524.06
2013-11-07,'600814,杭州解百,6.79,6.84,6.66,6.76,6.8,-0.01,-0.1471,0.676,2098251,14204419.0,2107500712.59,2107500712.59
2013-11-06,'600814,杭州解百,6.8,6.85,6.72,6.85,6.78,0.02,0.295,0.9765,3030983,20550828.0,2110604542.8,2110604542.8
2013-11-05,'600814,杭州解百,6.78,6.78,6.66,6.71,6.71,0.07,1.0432,0.6158,1911454,12892136.0,2104396882.38,2104396882.38
2013-11-04,'600814,杭州解百,6.71,6.74,6.65,6.69,6.65,0.06,0.9023,0.4557,1414448,9488057.0,2082670070.91,2082670070.91
2013-11-01,'600814,杭州解百,6.65,6.75,6.51,6.57,6.61,0.04,0.6051,0.7907,2454136,16406837.0,2064047089.65,2064047089.65
2013-10-31,'600814,杭州解百,6.61,6.66,6.5,6.6,6.61,0.0,0.0,0.5555,1724268,11324872.0,2051631768.81,2051631768.81
2013-10-30,'600814,杭州解百,6.61,6.7,6.45,6.7,6.46,0.15,2.322,0.5052,1568198,10293308.0,2051631768.81,2051631768.81
2013-10-29,'600814,杭州解百,6.46,6.7,6.25,6.66,6.67,-0.21,-3.1484,1.0191,3162984,20478866.0,2005074315.66,2005074315.66
2013-10-28,'600814,杭州解百,6.67,6.7,6.58,6.64,6.68,-0.01,-0.1497,0.7194,2232741,14871176.0,2070254750.07,2070254750.07
2013-10-25,'600814,杭州解百,6.68,6.77,6.6,6.7,6.68,0.0,0.0,1.0121,3141396,21048288.0,2073358580.28,2073358580.28
2013-10-24,'600814,杭州解百,6.68,6.73,6.56,6.61,6.63,0.05,0.7541,0.9251,2871444,19138840.0,2073358580.28,2073358580.28
2013-10-23,'600814,杭州解百,6.63,6.84,6.57,6.82,6.83,-0.2,-2.9283,2.0412,6335689,42405871.0,2057839429.23,2057839429.23
2013-10-22,'600814,杭州解百,6.83,6.89,6.76,6.8,6.9,-0.07,-1.0145,2.7779,8622187,58784226.0,2119916033.43,2119916033.43
2013-10-21,'600814,杭州解百,6.9,7.1,6.65,7.0,7.39,-0.49,-6.6306,5.9005,18314292,124615500.0,2141642844.9,2141642844.9
2013-10-18,'600814,杭州解百,7.39,7.45,7.33,7.37,7.37,0.02,0.2714,0.4811,1493325,11034716.0,2293730525.19,2293730525.19
2013-10-17,'600814,杭州解百,7.37,7.52,7.33,7.41,7.34,0.03,0.4087,0.8252,2561428,19001058.0,2287522864.77,2287522864.77
2013-10-16,'600814,杭州解百,7.34,7.72,7.3,7.65,7.69,-0.35,-4.5514,1.2556,3897315,29107913.0,2278211374.14,2278211374.14
2013-10-15,'600814,杭州解百,7.69,7.9,7.58,7.89,7.89,-0.2,-2.5349,1.5517,4816112,37199905.0,2386845431.49,2386845431.49
2013-10-14,'600814,杭州解百,7.89,7.93,7.63,7.7,7.66,0.23,3.0026,2.8389,8811388,68649682.0,2448922035.69,2448922035.69
2013-10-11,'600814,杭州解百,7.66,7.75,7.55,7.56,7.55,0.11,1.457,1.7225,5346430,40943412.0,2377533940.86,2377533940.86
2013-10-10,'600814,杭州解百,7.55,7.63,7.41,7.49,7.48,0.07,0.9358,1.4936,4635883,34968892.0,2343391808.55,2343391808.55
2013-10-09,'600814,杭州解百,7.48,7.51,7.37,7.48,7.52,-0.04,-0.5319,1.1759,3649941,27123104.0,2321664997.08,2321664997.08
2013-10-08,'600814,杭州解百,7.52,7.73,7.42,7.73,7.73,-0.21,-2.7167,1.9498,6051934,45682829.0,2334080317.92,2334080317.92
2013-09-30,'600814,杭州解百,7.73,7.85,7.45,7.55,7.41,0.32,4.3185,1.8925,5874062,45233237.0,2399260752.33,2399260752.33
2013-09-27,'600814,杭州解百,7.41,7.65,7.34,7.51,7.28,0.13,1.7857,1.5211,4721096,35207997.0,2299938185.61,2299938185.61
2013-09-26,'600814,杭州解百,7.28,7.66,7.26,7.51,7.54,-0.26,-3.4483,1.6971,5267528,39358081.0,2259588392.88,2259588392.88
2013-09-25,'600814,杭州解百,7.54,7.92,7.5,7.57,7.59,-0.05,-0.6588,3.1261,9702972,74894132.0,2340287978.34,2340287978.34
2013-09-24,'600814,杭州解百,7.59,7.7,7.28,7.34,7.4,0.19,2.5676,2.6304,8164176,61784155.0,2355807129.39,2355807129.39
2013-09-23,'600814,杭州解百,7.4,7.44,7.18,7.35,7.4,0.0,0.0,1.746,5419180,39610197.0,2296834355.4,2296834355.4
2013-09-18,'600814,杭州解百,7.4,7.5,7.23,7.47,7.54,-0.14,-1.8568,2.1648,6719245,49395085.0,2296834355.4,2296834355.4
2013-09-17,'600814,杭州解百,7.54,7.77,7.31,7.35,7.41,0.13,1.7544,4.9496,15362684,116871953.0,2340287978.34,2340287978.34
2013-09-16,'600814,杭州解百,7.41,7.58,7.2,7.58,7.66,-0.25,-3.2637,5.4074,16783583,123361894.0,2299938185.61,2299938185.61
2013-09-13,'600814,杭州解百,7.66,7.66,7.06,7.06,6.96,0.7,10.0575,6.07,18840273,141180465.0,2377533940.86,2377533940.86
2013-09-12,'600814,杭州解百,6.96,7.04,6.87,6.98,6.99,-0.03,-0.4292,0.8005,2484746,17281120.0,2160265826.16,2160265826.16
2013-09-11,'600814,杭州解百,6.99,7.13,6.83,6.93,6.92,0.07,1.0116,1.2709,3944619,27499305.0,2169577316.79,2169577316.79
2013-09-10,'600814,杭州解百,6.92,6.94,6.87,6.88,6.93,-0.01,-0.1443,0.4579,1421180,9803333.0,2147850505.32,2147850505.32
2013-09-09,'600814,杭州解百,6.93,6.93,6.78,6.85,6.85,0.08,1.1679,0.7548,2342730,16133595.0,2150954335.53,2150954335.53
2013-09-06,'600814,杭州解百,6.85,6.85,6.77,6.8,6.81,0.04,0.5874,0.4736,1469913,10011984.0,2126123693.85,2126123693.85
2013-09-05,'600814,杭州解百,6.81,6.87,6.72,6.77,6.77,0.04,0.5908,0.4896,1519780,10299146.0,2113708373.01,2113708373.01
2013-09-04,'600814,杭州解百,6.77,6.92,6.76,6.92,6.89,-0.12,-1.7417,0.3592,1114747,7588778.0,2101293052.17,2101293052.17
2013-09-03,'600814,杭州解百,6.89,6.93,6.77,6.77,6.77,0.12,1.7725,0.5933,1841611,12681613.0,2138539014.69,2138539014.69
2013-09-02,'600814,杭州解百,6.77,6.83,6.72,6.73,6.77,0.0,0.0,0.398,1235400,8392205.0,2101293052.17,2101293052.17
2013-08-30,'600814,杭州解百,6.77,7.0,6.75,6.97,6.95,-0.18,-2.5899,0.8694,2698404,18432286.0,2101293052.17,2101293052.17
2013-08-29,'600814,杭州解百,6.95,7.0,6.88,7.0,6.95,0.0,0.0,0.4595,1426334,9874055.0,2157161995.95,2157161995.95
2013-08-28,'600814,杭州解百,6.95,7.07,6.89,6.9,6.93,0.02,0.2886,1.3078,4059223,28364010.0,2157161995.95,2157161995.95
2013-08-27,'600814,杭州解百,6.93,7.0,6.85,6.85,6.91,0.02,0.2894,0.7158,2221709,15414027.0,2150954335.53,2150954335.53
2013-08-26,'600814,杭州解百,6.91,7.03,6.89,6.9,6.86,0.05,0.7289,1.6755,5200314,36178606.0,2144746675.11,2144746675.11
2013-08-23,'600814,杭州解百,6.86,6.87,6.59,6.63,6.6,0.26,3.9394,1.1992,3722054,25086519.0,2129227524.06,2129227524.06
2013-08-22,'600814,杭州解百,6.6,6.63,6.55,6.57,6.61,-0.01,-0.1513,0.4006,1243298,8213763.0,2048527938.6,2048527938.6
2013-08-21,'600814,杭州解百,6.61,6.62,6.54,6.55,6.57,0.04,0.6088,0.2045,634598,4176808.0,2051631768.81,2051631768.81
2013-08-20,'600814,杭州解百,6.57,6.65,6.56,6.59,6.59,-0.02,-0.3035,0.4773,1481485,9790664.0,2039216447.97,2039216447.97
2013-08-19,'600814,杭州解百,6.59,6.62,6.48,6.5,6.53,0.06,0.9188,0.3095,960538,6319397.0,2045424108.39,2045424108.39
2013-08-16,'600814,杭州解百,6.53,6.65,6.49,6.56,6.59,-0.06,-0.9105,0.6567,2038148,13354052.0,2026801127.13,2026801127.13
2013-08-15,'600814,杭州解百,6.59,6.66,6.56,6.6,6.64,-0.05,-0.753,0.3963,1230066,8127442.0,2045424108.39,2045424108.39
2013-08-14,'600814,杭州解百,6.64,6.76,6.58,6.71,6.71,-0.07,-1.0432,0.7596,2357598,15752298.0,2060943259.44,2060943259.44
2013-08-13,'600814,杭州解百,6.71,6.83,6.67,6.67,6.67,0.04,0.5997,1.434,4450750,30091646.0,2082670070.91,2082670070.91
2013-08-12,'600814,杭州解百,6.67,6.68,6.57,6.63,6.59,0.08,1.214,0.9595,2978055,19725170.0,2070254750.07,2070254750.07
2013-08-09,'600814,杭州解百,6.59,6.67,6.55,6.62,6.62,-0.03,-0.4532,0.545,1691469,11147781.0,2045424108.39,2045424108.39
2013-08-08,'600814,杭州解百,6.62,6.62,6.54,6.61,6.61,0.01,0.1513,0.3587,1113239,7316073.0,2054735599.02,2054735599.02
2013-08-07,'600814,杭州解百,6.61,6.67,6.58,6.62,6.62,-0.01,-0.1511,0.4674,1450828,9605799.0,2051631768.81,2051631768.81
2013-08-06,'600814,杭州解百,6.62,6.63,6.51,6.63,6.62,0.0,0.0,0.5399,1675773,11024298.0,2054735599.02,2054735599.02
2013-08-05,'600814,杭州解百,6.62,6.63,6.54,6.6,6.61,0.01,0.1513,0.385,1194859,7874139.0,2054735599.02,2054735599.02
2013-08-02,'600814,杭州解百,6.61,6.65,6.53,6.63,6.63,-0.02,-0.3017,0.4668,1448873,9561530.0,2051631768.81,2051631768.81
2013-08-01,'600814,杭州解百,6.63,6.65,6.5,6.58,6.53,0.1,1.5314,0.5972,1853475,12226858.0,2057839429.23,2057839429.23
2013-07-31,'600814,杭州解百,6.53,6.69,6.41,6.6,6.52,0.01,0.1534,0.7122,2210485,14438273.0,2026801127.13,2026801127.13
2013-07-30,'600814,杭州解百,6.52,6.72,6.48,6.72,6.65,-0.13,-1.9549,0.9959,3091225,20212386.0,2023697296.92,2023697296.92
2013-07-29,'600814,杭州解百,6.65,6.97,6.62,6.82,6.84,-0.19,-2.7778,0.8364,2596060,17639024.0,2064047089.65,2064047089.65
2013-07-26,'600814,杭州解百,6.84,7.0,6.67,6.68,6.75,0.09,1.3333,1.1386,3534111,24410850.0,2123019863.64,2123019863.64
2013-07-25,'600814,杭州解百,6.75,7.03,6.64,6.78,6.83,-0.08,-1.1713,1.8423,5718161,39111407.0,2095085391.75,2095085391.75
2013-07-24,'600814,杭州解百,6.83,7.04,6.43,6.43,6.4,0.43,6.7188,3.4243,10628391,73200868.0,2119916033.43,2119916033.43
2013-07-23,'600814,杭州解百,6.4,6.4,6.19,6.2,6.21,0.19,3.0596,0.6077,1886211,11934400.0,1986451334.4,1986451334.4
2013-07-22,'600814,杭州解百,6.21,6.23,6.0,6.05,6.12,0.09,1.4706,0.3745,1162466,7166935.0,1927478560.41,1927478560.41
2013-07-19,'600814,杭州解百,6.12,6.3,6.1,6.24,6.25,-0.13,-2.08,0.4982,1546200,9538202.0,1899544088.52,1899544088.52
2013-07-18,'600814,杭州解百,6.25,6.35,6.2,6.32,6.38,-0.13,-2.0376,0.3765,1168684,7329384.0,1939893881.25,1939893881.25
2013-07-17,'600814,杭州解百,6.38,6.47,6.29,6.36,6.36,0.02,0.3145,0.6421,1992950,12741026.0,1980243673.98,1980243673.98
2013-07-16,'600814,杭州解百,6.36,6.37,6.27,6.33,6.33,0.03,0.4739,0.2813,873180,5518601.0,1974036013.56,1974036013.56
2013-07-15,'600814,杭州解百,6.33,6.36,6.27,6.33,6.3,0.03,0.4762,0.343,1064585,6732875.0,1964724522.93,1964724522.93
2013-07-12,'600814,杭州解百,6.3,6.48,6.27,6.36,6.34,-0.04,-0.6309,0.5361,1664083,10595069.0,1955413032.3,1955413032.3
2013-07-11,'600814,杭州解百,6.34,6.44,6.16,6.16,6.24,0.1,1.6026,0.7204,2235927,14142424.0,1967828353.14,1967828353.14
2013-07-10,'600814,杭州解百,6.24,6.25,6.09,6.1,6.11,0.13,2.1277,0.5654,1754961,10839974.0,1936790051.04,1936790051.04
2013-07-09,'600814,杭州解百,6.11,6.15,6.0,6.01,6.01,0.1,1.6639,0.307,952871,5800649.0,1896440258.31,1896440258.31
2013-07-08,'600814,杭州解百,6.01,6.14,5.95,6.09,6.15,-0.14,-2.2764,0.5556,1724632,10387088.0,1865401956.21,1865401956.21
2013-07-05,'600814,杭州解百,6.15,6.21,6.09,6.1,6.08,0.07,1.1513,0.4434,1376392,8468826.0,1908855579.15,1908855579.15
2013-07-04,'600814,杭州解百,6.08,6.1,5.88,6.01,6.05,0.03,0.4959,0.3462,1074538,6461936.0,1887128767.68,1887128767.68
2013-07-03,'600814,杭州解百,6.05,6.15,5.97,6.01,6.06,-0.01,-0.165,0.4794,1487845,8967340.0,1877817277.05,1877817277.05
2013-07-02,'600814,杭州解百,6.06,6.09,5.97,6.0,6.03,0.03,0.4975,0.229,710916,4291730.0,1880921107.26,1880921107.26
2013-07-01,'600814,杭州解百,6.03,6.04,5.86,5.9,5.9,0.13,2.2034,0.2724,845490,5031542.0,1871609616.63,1871609616.63
2013-06-28,'600814,杭州解百,5.9,5.99,5.75,5.91,5.93,-0.03,-0.5059,0.2191,680055,3981217.0,1831259823.9,1831259823.9
2013-06-27,'600814,杭州解百,5.93,6.12,5.9,5.95,6.0,-0.07,-1.1667,0.3316,1029158,6158712.0,1840571314.53,1840571314.53
2013-06-26,'600814,杭州解百,6.0,6.14,5.9,6.06,6.07,-0.07,-1.1532,0.709,2200577,13196655.0,1862298126.0,1862298126.0
2013-06-25,'600814,杭州解百,6.07,6.15,5.67,5.98,6.0,0.07,1.1667,0.6706,2081392,12346171.0,1884024937.47,1884024937.47
2013-06-24,'600814,杭州解百,6.0,6.23,5.88,6.18,6.19,-0.19,-3.0695,0.7077,2196521,13121299.0,1862298126.0,1862298126.0
2013-06-21,'600814,杭州解百,6.19,6.25,6.08,6.22,6.26,-0.07,-1.1182,0.3854,1196125,7367250.0,1921270899.99,1921270899.99
2013-06-20,'600814,杭州解百,6.26,6.37,6.25,6.33,6.38,-0.12,-1.8809,0.3562,1105499,6982122.0,1942997711.46,1942997711.46
2013-06-19,'600814,杭州解百,6.38,6.45,6.3,6.45,6.45,-0.07,-1.0853,0.4078,1265799,8060779.0,1980243673.98,1980243673.98
2013-06-18,'600814,杭州解百,6.45,6.51,6.35,6.44,6.47,-0.02,-0.3091,0.3862,1198633,7699467.0,2001970485.45,2001970485.45
2013-06-17,'600814,杭州解百,6.47,6.57,6.33,6.45,6.49,-0.02,-0.3082,0.4211,1306915,8455958.0,2008178145.87,2008178145.87
2013-06-14,'600814,杭州解百,6.49,6.51,6.27,6.37,6.39,0.1,1.5649,0.684,2122929,13598203.0,2014385806.29,2014385806.29
2013-06-13,'600814,杭州解百,6.39,6.55,6.08,6.22,6.24,0.15,2.4038,0.7764,2409817,15147540.0,1983347504.19,1983347504.19
2013-06-07,'600814,杭州解百,6.24,6.56,6.2,6.53,6.49,-0.25,-3.8521,0.7975,2475329,15731565.0,1936790051.04,1936790051.04
2013-06-06,'600814,杭州解百,6.49,6.64,6.48,6.62,6.66,-0.17,-2.5526,0.3892,1207880,7911291.0,2014385806.29,2014385806.29
2013-06-05,'600814,杭州解百,6.66,6.69,6.6,6.61,6.63,0.03,0.4525,0.2731,847799,5626518.0,2067150919.86,2067150919.86
2013-06-04,'600814,杭州解百,6.63,6.78,6.56,6.78,6.74,-0.11,-1.632,0.6339,1967664,13069522.0,2057839429.23,2057839429.23
2013-06-03,'600814,杭州解百,6.74,6.87,6.71,6.78,6.79,-0.05,-0.7364,0.5405,1677729,11409342.0,2091981561.54,2091981561.54
2013-05-31,'600814,杭州解百,6.79,6.94,6.76,6.94,6.82,-0.03,-0.4399,0.5219,1620016,11066988.0,2107500712.59,2107500712.59
2013-05-30,'600814,杭州解百,6.82,6.94,6.79,6.86,6.9,-0.08,-1.1594,0.9217,2860729,19606979.0,2116812203.22,2116812203.22
2013-05-29,'600814,杭州解百,6.9,6.94,6.79,6.84,6.79,0.11,1.62,0.7494,2326137,16026636.0,2141642844.9,2141642844.9
2013-05-28,'600814,杭州解百,6.79,6.82,6.72,6.72,6.75,0.04,0.5926,0.6434,1996882,13525781.0,2107500712.59,2107500712.59
2013-05-27,'600814,杭州解百,6.75,6.97,6.71,6.96,6.97,-0.22,-3.1564,1.3139,4078259,27820190.0,2095085391.75,2095085391.75
2013-05-24,'600814,杭州解百,6.97,7.08,6.81,6.9,6.91,0.06,0.8683,1.0063,3123499,21819784.0,2163369656.37,2163369656.37
2013-05-23,'600814,杭州解百,6.91,7.03,6.82,6.95,6.94,-0.03,-0.4323,0.8597,2668300,18460672.0,2144746675.11,2144746675.11
2013-05-22,'600814,杭州解百,6.94,7.05,6.9,6.9,6.95,-0.01,-0.1439,0.8524,2645837,18442530.0,2154058165.74,2154058165.74
2013-05-21,'600814,杭州解百,6.95,7.0,6.85,6.98,6.95,0.0,0.0,0.9937,3084290,21390376.0,2157161995.95,2157161995.95
2013-05-20,'600814,杭州解百,6.95,7.01,6.76,6.76,6.73,0.22,3.2689,1.4675,4554963,31541534.0,2157161995.95,2157161995.95
2013-05-17,'600814,XD杭州解,6.73,6.85,6.68,6.69,6.69,0.04,0.5979,0.611,1896569,12793707.0,2088877731.33,2088877731.33
2013-05-16,'600814,杭州解百,6.76,6.93,6.71,6.92,6.83,-0.07,-1.0249,1.2847,3987343,27155508.0,2098189221.96,2098189221.96
2013-05-15,'600814,杭州解百,6.83,6.89,6.64,6.72,6.66,0.17,2.5526,1.0882,3377706,22941738.0,2119916033.43,2119916033.43
2013-05-14,'600814,杭州解百,6.66,6.73,6.58,6.67,6.68,-0.02,-0.2994,0.8512,2642075,17575909.0,2067150919.86,2067150919.86
2013-05-13,'600814,杭州解百,6.68,6.75,6.61,6.68,6.71,-0.03,-0.4471,0.7527,2336220,15626996.0,2073358580.28,2073358580.28
2013-05-10,'600814,杭州解百,6.71,6.76,6.55,6.58,6.62,0.09,1.3595,1.1301,3507593,23436442.0,2082670070.91,2082670070.91
2013-05-09,'600814,杭州解百,6.62,6.65,6.49,6.5,6.53,0.09,1.3783,0.7986,2478830,16274402.0,2054735599.02,2054735599.02
2013-05-08,'600814,杭州解百,6.53,6.64,6.5,6.64,6.58,-0.05,-0.7599,0.6703,2080429,13629825.0,2026801127.13,2026801127.13
2013-05-07,'600814,杭州解百,6.58,6.64,6.52,6.59,6.61,-0.03,-0.4539,0.48,1489929,9796154.0,2042320278.18,2042320278.18
2013-05-06,'600814,杭州解百,6.61,6.64,6.45,6.48,6.5,0.11,1.6923,0.8639,2681454,17671990.0,2051631768.81,2051631768.81
2013-05-03,'600814,杭州解百,6.5,6.69,6.4,6.44,6.4,0.1,1.5625,0.8918,2768037,18077927.0,2017489636.5,2017489636.5
2013-05-02,'600814,杭州解百,6.4,6.45,6.31,6.35,6.37,0.03,0.471,0.4762,1478105,9451533.0,1986451334.4,1986451334.4
2013-04-26,'600814,杭州解百,6.37,6.44,6.23,6.28,6.29,0.08,1.2719,0.6569,2038800,12958791.0,1977139843.77,1977139843.77
2013-04-25,'600814,杭州解百,6.29,6.39,6.24,6.3,6.31,-0.02,-0.317,0.6397,1985661,12562905.0,1952309202.09,1952309202.09
2013-04-24,'600814,杭州解百,6.31,6.35,6.17,6.2,6.19,0.12,1.9386,0.5207,1616081,10140016.0,1958516862.51,1958516862.51
2013-04-23,'600814,杭州解百,6.19,6.35,6.16,6.33,6.37,-0.18,-2.8257,0.4935,1531740,9553184.0,1921270899.99,1921270899.99
2013-04-22,'600814,杭州解百,6.37,6.37,6.22,6.33,6.35,0.02,0.315,0.5133,1593307,10043907.0,1977139843.77,1977139843.77
2013-04-19,'600814,杭州解百,6.35,6.35,6.23,6.24,6.22,0.13,2.09,0.6083,1887986,11907781.0,1970932183.35,1970932183.35
2013-04-18,'600814,杭州解百,6.22,6.34,6.11,6.17,6.21,0.01,0.161,0.476,1477345,9187974.0,1930582390.62,1930582390.62
2013-04-17,'600814,杭州解百,6.21,6.29,6.17,6.29,6.26,-0.05,-0.7987,0.3249,1008491,6287415.0,1927478560.41,1927478560.41
2013-04-16,'600814,杭州解百,6.26,6.28,6.1,6.16,6.2,0.06,0.9677,0.4695,1457360,9072658.0,1942997711.46,1942997711.46
2013-04-15,'600814,杭州解百,6.2,6.38,6.17,6.37,6.43,-0.23,-3.577,0.8825,2739276,17047796.0,1924374730.2,1924374730.2
2013-04-12,'600814,杭州解百,6.43,6.5,6.41,6.5,6.46,-0.03,-0.4644,0.5556,1724401,11098569.0,1995762825.03,1995762825.03
2013-04-11,'600814,杭州解百,6.46,6.7,6.43,6.67,6.64,-0.18,-2.7108,1.0347,3211555,21041721.0,2005074315.66,2005074315.66
2013-04-10,'600814,杭州解百,6.64,6.73,6.6,6.73,6.74,-0.1,-1.4837,0.6975,2165026,14431801.0,2060943259.44,2060943259.44
2013-04-09,'600814,杭州解百,6.74,6.76,6.66,6.7,6.75,-0.01,-0.1481,1.1154,3462017,23238929.0,2091981561.54,2091981561.54
2013-04-08,'600814,杭州解百,6.75,6.75,6.54,6.58,6.66,0.09,1.3514,1.7165,5327755,35613413.0,2095085391.75,2095085391.75
2013-04-03,'600814,杭州解百,6.66,6.67,6.42,6.47,6.42,0.24,3.7383,1.6368,5080444,33306289.0,2067150919.86,2067150919.86
2013-04-02,'600814,杭州解百,6.42,6.51,6.4,6.43,6.44,-0.02,-0.3106,0.5089,1579522,10188621.0,1992658994.82,1992658994.82
2013-04-01,'600814,杭州解百,6.44,6.47,6.39,6.46,6.49,-0.05,-0.7704,0.4287,1330688,8561182.0,1998866655.24,1998866655.24
2013-03-29,'600814,杭州解百,6.49,6.54,6.39,6.45,6.4,0.09,1.4063,0.5954,1847956,11922516.0,2014385806.29,2014385806.29
2013-03-28,'600814,杭州解百,6.4,6.55,6.38,6.55,6.59,-0.19,-2.8832,1.0269,3187295,20518207.0,1986451334.4,1986451334.4
2013-03-27,'600814,杭州解百,6.59,6.62,6.52,6.58,6.55,0.04,0.6107,0.8045,2496917,16416804.0,2045424108.39,2045424108.39
2013-03-26,'600814,杭州解百,6.55,6.63,6.51,6.62,6.62,-0.07,-1.0574,0.8843,2744753,17978899.0,2033008787.55,2033008787.55
2013-03-25,'600814,杭州解百,6.62,6.67,6.58,6.66,6.64,-0.02,-0.3012,0.6916,2146575,14217670.0,2054735599.02,2054735599.02
2013-03-22,'600814,杭州解百,6.64,6.7,6.62,6.68,6.71,-0.07,-1.0432,0.8475,2630434,17489105.0,2060943259.44,2060943259.44
2013-03-21,'600814,杭州解百,6.71,6.75,6.63,6.7,6.76,-0.05,-0.7396,1.7351,5385528,35986846.0,2082670070.91,2082670070.91
2013-03-20,'600814,杭州解百,6.76,7.0,6.6,6.98,6.69,0.07,1.0463,2.8114,8725955,58956608.0,2098189221.96,2098189221.96
2013-03-19,'600814,杭州解百,6.69,6.69,6.54,6.55,6.58,0.11,1.6717,0.9294,2884843,19142522.0,2076462410.49,2076462410.49
2013-03-18,'600814,杭州解百,6.58,6.66,6.49,6.64,6.68,-0.1,-1.497,0.7087,2199809,14489031.0,2042320278.18,2042320278.18
2013-03-15,'600814,杭州解百,6.68,6.69,6.48,6.63,6.62,0.06,0.9063,1.1596,3599162,23812850.0,2073358580.28,2073358580.28
2013-03-14,'600814,杭州解百,6.62,6.65,6.54,6.59,6.59,0.03,0.4552,0.5706,1771126,11710788.0,2054735599.02,2054735599.02
2013-03-13,'600814,杭州解百,6.59,6.61,6.5,6.51,6.52,0.07,1.0736,0.8293,2574083,16850506.0,2045424108.39,2045424108.39
2013-03-12,'600814,杭州解百,6.52,6.69,6.45,6.65,6.65,-0.13,-1.9549,1.5842,4917014,32149789.0,2023697296.92,2023697296.92
2013-03-11,'600814,杭州解百,6.65,6.72,6.64,6.69,6.67,-0.02,-0.2999,0.9461,2936666,19595760.0,2064047089.65,2064047089.65
2013-03-08,'600814,杭州解百,6.67,6.74,6.64,6.67,6.68,-0.01,-0.1497,1.0653,3306420,22083144.0,2070254750.07,2070254750.07
2013-03-07,'600814,杭州解百,6.68,6.78,6.67,6.71,6.73,-0.05,-0.7429,1.934,6002762,40365913.0,2073358580.28,2073358580.28
2013-03-06,'600814,杭州解百,6.73,6.74,6.64,6.68,6.7,0.03,0.4478,1.9816,6150603,41207186.0,2088877731.33,2088877731.33
2013-03-05,'600814,杭州解百,6.7,6.73,6.6,6.65,6.68,0.02,0.2994,1.9887,6172510,41167029.0,2079566240.7,2079566240.7
2013-03-04,'600814,杭州解百,6.68,6.76,6.6,6.75,6.92,-0.24,-3.4682,2.603,8079301,54076693.0,2073358580.28,2073358580.28
2013-03-01,'600814,杭州解百,6.92,7.01,6.73,6.81,7.3,-0.38,-5.2055,5.9351,18421396,126222794.0,2147850505.32,2147850505.32
2013-02-28,'600814,杭州解百,7.3,7.37,7.13,7.13,7.14,0.16,2.2409,1.4375,4461797,32252393.0,2265796053.3,2265796053.3
2013-02-27,'600814,杭州解百,7.14,7.18,7.07,7.16,7.12,0.02,0.2809,0.6796,2109223,15010589.0,2216134769.94,2216134769.94
2013-02-26,'600814,杭州解百,7.12,7.25,7.1,7.17,7.17,-0.05,-0.6974,0.8742,2713348,19440092.0,2209927109.52,2209927109.52
2013-02-25,'600814,杭州解百,7.17,7.3,7.1,7.3,7.26,-0.09,-1.2397,1.1064,3434032,24592450.0,2225446260.57,2225446260.57
2013-02-22,'600814,杭州解百,7.26,7.43,7.22,7.24,7.25,0.01,0.1379,1.4938,4636381,33976054.0,2253380732.46,2253380732.46
2013-02-21,'600814,杭州解百,7.25,7.36,7.17,7.19,7.25,0.0,0.0,1.6422,5097151,37033018.0,2250276902.25,2250276902.25
2013-02-20,'600814,杭州解百,7.25,7.27,7.15,7.15,7.18,0.07,0.9749,1.0888,3379409,24397317.0,2250276902.25,2250276902.25
2013-02-19,'600814,杭州解百,7.18,7.44,7.12,7.44,7.4,-0.22,-2.973,2.2445,6966434,50410313.0,2228550090.78,2228550090.78
2013-02-18,'600814,杭州解百,7.4,7.59,7.36,7.59,7.53,-0.13,-1.7264,1.6902,5246156,38889343.0,2296834355.4,2296834355.4
2013-02-08,'600814,杭州解百,7.53,7.57,7.4,7.48,7.48,0.05,0.6684,1.5494,4809152,36029439.0,2337184148.13,2337184148.13
2013-02-07,'600814,杭州解百,7.48,7.65,7.44,7.51,7.52,-0.04,-0.5319,1.8906,5868003,44243175.0,2321664997.08,2321664997.08
2013-02-06,'600814,杭州解百,7.52,7.63,7.45,7.55,7.59,-0.07,-0.9223,1.5459,4798164,36069494.0,2334080317.92,2334080317.92
2013-02-05,'600814,杭州解百,7.59,7.73,7.44,7.56,7.66,-0.07,-0.9138,2.5617,7951160,60095033.0,2355807129.39,2355807129.39
2013-02-04,'600814,杭州解百,7.66,7.96,7.55,7.81,8.0,-0.34,-4.25,4.3381,13464859,104014604.0,2377533940.86,2377533940.86
2013-02-01,'600814,杭州解百,8.0,8.1,7.75,8.1,7.43,0.57,7.6716,11.4808,35634440,283029211.0,2483064168.0,2483064168.0
2013-01-31,'600814,杭州解百,7.43,7.43,7.43,7.43,6.75,0.68,10.0741,0.6422,1993303,14810241.0,2306145846.03,2306145846.03
2013-01-30,'600814,杭州解百,6.75,6.75,6.75,6.75,6.14,0.61,9.9349,0.0673,208941,1410352.0,2095085391.75,2095085391.75
2013-01-29,'600814,杭州解百,0.0,0.0,0.0,0.0,6.14,None,None,0.0,0,0.0,1905751748.94,1905751748.94
2013-01-28,'600814,杭州解百,0.0,0.0,0.0,0.0,6.14,None,None,0.0,0,0.0,1905751748.94,1905751748.94
2013-01-25,'600814,杭州解百,0.0,0.0,0.0,0.0,6.14,None,None,0.0,0,0.0,1905751748.94,1905751748.94
2013-01-24,'600814,杭州解百,0.0,0.0,0.0,0.0,6.14,None,None,0.0,0,0.0,1905751748.94,1905751748.94
2013-01-23,'600814,杭州解百,0.0,0.0,0.0,0.0,6.14,None,None,0.0,0,0.0,1905751748.94,1905751748.94
2013-01-22,'600814,杭州解百,0.0,0.0,0.0,0.0,6.14,None,None,0.0,0,0.0,1905751748.94,1905751748.94
2013-01-21,'600814,杭州解百,0.0,0.0,0.0,0.0,6.14,None,None,0.0,0,0.0,1905751748.94,1905751748.94
2013-01-18,'600814,杭州解百,0.0,0.0,0.0,0.0,6.14,None,None,0.0,0,0.0,1905751748.94,1905751748.94
2013-01-17,'600814,杭州解百,0.0,0.0,0.0,0.0,6.14,None,None,0.0,0,0.0,1905751748.94,1905751748.94
2013-01-16,'600814,杭州解百,0.0,0.0,0.0,0.0,6.14,None,None,0.0,0,0.0,1905751748.94,1905751748.94
2013-01-15,'600814,杭州解百,0.0,0.0,0.0,0.0,6.14,None,None,0.0,0,0.0,1905751748.94,1905751748.94
2013-01-14,'600814,杭州解百,0.0,0.0,0.0,0.0,6.14,None,None,0.0,0,0.0,1905751748.94,1905751748.94
2013-01-11,'600814,杭州解百,0.0,0.0,0.0,0.0,6.14,None,None,0.0,0,0.0,1905751748.94,1905751748.94
2013-01-10,'600814,杭州解百,0.0,0.0,0.0,0.0,6.14,None,None,0.0,0,0.0,1905751748.94,1905751748.94
2013-01-09,'600814,杭州解百,0.0,0.0,0.0,0.0,6.14,None,None,0.0,0,0.0,1905751748.94,1905751748.94
2013-01-08,'600814,杭州解百,0.0,0.0,0.0,0.0,6.14,None,None,0.0,0,0.0,1905751748.94,1905751748.94
2013-01-07,'600814,杭州解百,0.0,0.0,0.0,0.0,6.14,None,None,0.0,0,0.0,1905751748.94,1905751748.94
2013-01-04,'600814,杭州解百,0.0,0.0,0.0,0.0,6.14,None,None,0.0,0,0.0,1905751748.94,1905751748.94
2012-12-31,'600814,杭州解百,0.0,0.0,0.0,0.0,6.14,None,None,0.0,0,0.0,1905751748.94,1905751748.94
2012-12-28,'600814,杭州解百,0.0,0.0,0.0,0.0,6.14,None,None,0.0,0,0.0,1905751748.94,1905751748.94
2012-12-27,'600814,杭州解百,0.0,0.0,0.0,0.0,6.14,None,None,0.0,0,0.0,1905751748.94,1905751748.94
2012-12-26,'600814,杭州解百,0.0,0.0,0.0,0.0,6.14,None,None,0.0,0,0.0,1905751748.94,1905751748.94
2012-12-25,'600814,杭州解百,0.0,0.0,0.0,0.0,6.14,None,None,0.0,0,0.0,1905751748.94,1905751748.94
2012-12-24,'600814,杭州解百,0.0,0.0,0.0,0.0,6.14,None,None,0.0,0,0.0,1905751748.94,1905751748.94
2012-12-21,'600814,杭州解百,0.0,0.0,0.0,0.0,6.14,None,None,0.0,0,0.0,1905751748.94,1905751748.94
2012-12-20,'600814,杭州解百,0.0,0.0,0.0,0.0,6.14,None,None,0.0,0,0.0,1905751748.94,1905751748.94
2012-12-19,'600814,杭州解百,0.0,0.0,0.0,0.0,6.14,None,None,0.0,0,0.0,1905751748.94,1905751748.94
2012-12-18,'600814,杭州解百,0.0,0.0,0.0,0.0,6.14,None,None,0.0,0,0.0,1905751748.94,1905751748.94
2012-12-17,'600814,杭州解百,0.0,0.0,0.0,0.0,6.14,None,None,0.0,0,0.0,1905751748.94,1905751748.94
2012-12-14,'600814,杭州解百,0.0,0.0,0.0,0.0,6.14,None,None,0.0,0,0.0,1905751748.94,1905751748.94
2012-12-13,'600814,杭州解百,0.0,0.0,0.0,0.0,6.14,None,None,0.0,0,0.0,1905751748.94,1905751748.94
2012-12-12,'600814,杭州解百,0.0,0.0,0.0,0.0,6.14,None,None,0.0,0,0.0,1905751748.94,1905751748.94
2012-12-11,'600814,杭州解百,0.0,0.0,0.0,0.0,6.14,None,None,0.0,0,0.0,1905751748.94,1905751748.94
2012-12-10,'600814,杭州解百,0.0,0.0,0.0,0.0,6.14,None,None,0.0,0,0.0,1905751748.94,1905751748.94
2012-12-07,'600814,杭州解百,0.0,0.0,0.0,0.0,6.14,None,None,0.0,0,0.0,1905751748.94,1905751748.94
2012-12-06,'600814,杭州解百,0.0,0.0,0.0,0.0,6.14,None,None,0.0,0,0.0,1905751748.94,1905751748.94
2012-12-05,'600814,杭州解百,0.0,0.0,0.0,0.0,6.14,None,None,0.0,0,0.0,1905751748.94,1905751748.94
2012-12-04,'600814,杭州解百,0.0,0.0,0.0,0.0,6.14,None,None,0.0,0,0.0,1905751748.94,1905751748.94
2012-12-03,'600814,杭州解百,0.0,0.0,0.0,0.0,6.14,None,None,0.0,0,0.0,1905751748.94,1905751748.94
2012-11-30,'600814,杭州解百,0.0,0.0,0.0,0.0,6.14,None,None,0.0,0,0.0,1905751748.94,1905751748.94
2012-11-29,'600814,杭州解百,0.0,0.0,0.0,0.0,6.14,None,None,0.0,0,0.0,1905751748.94,1905751748.94
2012-11-28,'600814,杭州解百,0.0,0.0,0.0,0.0,6.14,None,None,0.0,0,0.0,1905751748.94,1905751748.94
2012-11-27,'600814,杭州解百,0.0,0.0,0.0,0.0,6.14,None,None,0.0,0,0.0,1905751748.94,1905751748.94
2012-11-26,'600814,杭州解百,0.0,0.0,0.0,0.0,6.14,None,None,0.0,0,0.0,1905751748.94,1905751748.94
2012-11-23,'600814,杭州解百,0.0,0.0,0.0,0.0,6.14,None,None,0.0,0,0.0,1905751748.94,1905751748.94
2012-11-22,'600814,杭州解百,0.0,0.0,0.0,0.0,6.14,None,None,0.0,0,0.0,1905751748.94,1905751748.94
2012-11-21,'600814,杭州解百,0.0,0.0,0.0,0.0,6.14,None,None,0.0,0,0.0,1905751748.94,1905751748.94
2012-11-20,'600814,杭州解百,0.0,0.0,0.0,0.0,6.14,None,None,0.0,0,0.0,1905751748.94,1905751748.94
2012-11-19,'600814,杭州解百,0.0,0.0,0.0,0.0,6.14,None,None,0.0,0,0.0,1905751748.94,1905751748.94
2012-11-16,'600814,杭州解百,0.0,0.0,0.0,0.0,6.14,None,None,0.0,0,0.0,1905751748.94,1905751748.94
2012-11-15,'600814,杭州解百,0.0,0.0,0.0,0.0,6.14,None,None,0.0,0,0.0,1905751748.94,1905751748.94
2012-11-14,'600814,杭州解百,0.0,0.0,0.0,0.0,6.14,None,None,0.0,0,0.0,1905751748.94,1905751748.94
2012-11-13,'600814,杭州解百,0.0,0.0,0.0,0.0,6.14,None,None,0.0,0,0.0,1905751748.94,1905751748.94
2012-11-12,'600814,杭州解百,0.0,0.0,0.0,0.0,6.14,None,None,0.0,0,0.0,1905751748.94,1905751748.94
2012-11-09,'600814,杭州解百,0.0,0.0,0.0,0.0,6.14,None,None,0.0,0,0.0,1905751748.94,1905751748.94
2012-11-08,'600814,杭州解百,0.0,0.0,0.0,0.0,6.14,None,None,0.0,0,0.0,1905751748.94,1905751748.94
2012-11-07,'600814,杭州解百,0.0,0.0,0.0,0.0,6.14,None,None,0.0,0,0.0,1905751748.94,1905751748.94
2012-11-06,'600814,杭州解百,0.0,0.0,0.0,0.0,6.14,None,None,0.0,0,0.0,1905751748.94,1905751748.94
2012-11-05,'600814,杭州解百,0.0,0.0,0.0,0.0,6.14,None,None,0.0,0,0.0,1905751748.94,1905751748.94
2012-11-02,'600814,杭州解百,0.0,0.0,0.0,0.0,6.14,None,None,0.0,0,0.0,1905751748.94,1905751748.94
2012-11-01,'600814,杭州解百,0.0,0.0,0.0,0.0,6.14,None,None,0.0,0,0.0,1905751748.94,1905751748.94
2012-10-31,'600814,杭州解百,0.0,0.0,0.0,0.0,6.14,None,None,0.0,0,0.0,1905751748.94,1905751748.94
2012-10-30,'600814,杭州解百,0.0,0.0,0.0,0.0,6.14,None,None,0.0,0,0.0,1905751748.94,1905751748.94
2012-10-29,'600814,杭州解百,0.0,0.0,0.0,0.0,6.14,None,None,0.0,0,0.0,1905751748.94,1905751748.94
2012-10-26,'600814,杭州解百,0.0,0.0,0.0,0.0,6.14,None,None,0.0,0,0.0,1905751748.94,1905751748.94
2012-10-25,'600814,杭州解百,0.0,0.0,0.0,0.0,6.14,None,None,0.0,0,0.0,1905751748.94,1905751748.94
2012-10-24,'600814,杭州解百,0.0,0.0,0.0,0.0,6.14,None,None,0.0,0,0.0,1905751748.94,1905751748.94
2012-10-23,'600814,杭州解百,0.0,0.0,0.0,0.0,6.14,None,None,0.0,0,0.0,1905751748.94,1905751748.94
2012-10-22,'600814,杭州解百,0.0,0.0,0.0,0.0,6.14,None,None,0.0,0,0.0,1905751748.94,1905751748.94
2012-10-19,'600814,杭州解百,0.0,0.0,0.0,0.0,6.14,None,None,0.0,0,0.0,1905751748.94,1905751748.94
2012-10-18,'600814,杭州解百,0.0,0.0,0.0,0.0,6.14,None,None,0.0,0,0.0,1905751748.94,1905751748.94
2012-10-17,'600814,杭州解百,0.0,0.0,0.0,0.0,6.14,None,None,0.0,0,0.0,1905751748.94,1905751748.94
2012-10-16,'600814,杭州解百,0.0,0.0,0.0,0.0,6.14,None,None,0.0,0,0.0,1905751748.94,1905751748.94
2012-10-15,'600814,杭州解百,0.0,0.0,0.0,0.0,6.14,None,None,0.0,0,0.0,1905751748.94,1905751748.94
2012-10-12,'600814,杭州解百,0.0,0.0,0.0,0.0,6.14,None,None,0.0,0,0.0,1905751748.94,1905751748.94
2012-10-11,'600814,杭州解百,0.0,0.0,0.0,0.0,6.14,None,None,0.0,0,0.0,1905751748.94,1905751748.94
2012-10-10,'600814,杭州解百,0.0,0.0,0.0,0.0,6.14,None,None,0.0,0,0.0,1905751748.94,1905751748.94
2012-10-09,'600814,杭州解百,0.0,0.0,0.0,0.0,6.14,None,None,0.0,0,0.0,1905751748.94,1905751748.94
2012-10-08,'600814,杭州解百,0.0,0.0,0.0,0.0,6.14,None,None,0.0,0,0.0,1905751748.94,1905751748.94
2012-09-28,'600814,杭州解百,0.0,0.0,0.0,0.0,6.14,None,None,0.0,0,0.0,1905751748.94,1905751748.94
2012-09-27,'600814,杭州解百,0.0,0.0,0.0,0.0,6.14,None,None,0.0,0,0.0,1905751748.94,1905751748.94
2012-09-26,'600814,杭州解百,0.0,0.0,0.0,0.0,6.14,None,None,0.0,0,0.0,1905751748.94,1905751748.94
2012-09-25,'600814,杭州解百,0.0,0.0,0.0,0.0,6.14,None,None,0.0,0,0.0,1905751748.94,1905751748.94
2012-09-24,'600814,杭州解百,0.0,0.0,0.0,0.0,6.14,None,None,0.0,0,0.0,1905751748.94,1905751748.94
2012-09-21,'600814,杭州解百,0.0,0.0,0.0,0.0,6.14,None,None,0.0,0,0.0,1905751748.94,1905751748.94
2012-09-20,'600814,杭州解百,0.0,0.0,0.0,0.0,6.14,None,None,0.0,0,0.0,1905751748.94,1905751748.94
2012-09-19,'600814,杭州解百,0.0,0.0,0.0,0.0,6.14,None,None,0.0,0,0.0,1905751748.94,1905751748.94
2012-09-18,'600814,杭州解百,0.0,0.0,0.0,0.0,6.14,None,None,0.0,0,0.0,1905751748.94,1905751748.94
2012-09-17,'600814,杭州解百,0.0,0.0,0.0,0.0,6.14,None,None,0.0,0,0.0,1905751748.94,1905751748.94
2012-09-14,'600814,杭州解百,0.0,0.0,0.0,0.0,6.14,None,None,0.0,0,0.0,1905751748.94,1905751748.94
2012-09-13,'600814,杭州解百,0.0,0.0,0.0,0.0,6.14,None,None,0.0,0,0.0,1905751748.94,1905751748.94
2012-09-12,'600814,杭州解百,0.0,0.0,0.0,0.0,6.14,None,None,0.0,0,0.0,1905751748.94,1905751748.94
2012-09-11,'600814,杭州解百,0.0,0.0,0.0,0.0,6.14,None,None,0.0,0,0.0,1905751748.94,1905751748.94
2012-09-10,'600814,杭州解百,0.0,0.0,0.0,0.0,6.14,None,None,0.0,0,0.0,1905751748.94,1905751748.94
2012-09-07,'600814,杭州解百,0.0,0.0,0.0,0.0,6.14,None,None,0.0,0,0.0,1905751748.94,1905751748.94
2012-09-06,'600814,杭州解百,0.0,0.0,0.0,0.0,6.14,None,None,0.0,0,0.0,1905751748.94,1905751748.94
2012-09-05,'600814,杭州解百,0.0,0.0,0.0,0.0,6.14,None,None,0.0,0,0.0,1905751748.94,1905751748.94
2012-09-04,'600814,杭州解百,0.0,0.0,0.0,0.0,6.14,None,None,0.0,0,0.0,1905751748.94,1905751748.94
2012-09-03,'600814,杭州解百,0.0,0.0,0.0,0.0,6.14,None,None,0.0,0,0.0,1905751748.94,1905751748.94
2012-08-31,'600814,杭州解百,0.0,0.0,0.0,0.0,6.14,None,None,0.0,0,0.0,1905751748.94,1905751748.94
2012-08-30,'600814,杭州解百,0.0,0.0,0.0,0.0,6.14,None,None,0.0,0,0.0,1905751748.94,1905751748.94
2012-08-29,'600814,杭州解百,0.0,0.0,0.0,0.0,6.14,None,None,0.0,0,0.0,1905751748.94,1905751748.94
2012-08-28,'600814,杭州解百,0.0,0.0,0.0,0.0,6.14,None,None,0.0,0,0.0,1905751748.94,1905751748.94
2012-08-27,'600814,杭州解百,0.0,0.0,0.0,0.0,6.14,None,None,0.0,0,0.0,1905751748.94,1905751748.94
2012-08-24,'600814,杭州解百,0.0,0.0,0.0,0.0,6.14,None,None,0.0,0,0.0,1905751748.94,1905751748.94
2012-08-23,'600814,杭州解百,0.0,0.0,0.0,0.0,6.14,None,None,0.0,0,0.0,1905751748.94,1905751748.94
2012-08-22,'600814,杭州解百,0.0,0.0,0.0,0.0,6.14,None,None,0.0,0,0.0,1905751748.94,1905751748.94
2012-08-21,'600814,杭州解百,0.0,0.0,0.0,0.0,6.14,None,None,0.0,0,0.0,1905751748.94,1905751748.94
2012-08-20,'600814,杭州解百,0.0,0.0,0.0,0.0,6.14,None,None,0.0,0,0.0,1905751748.94,1905751748.94
2012-08-17,'600814,杭州解百,0.0,0.0,0.0,0.0,6.14,None,None,0.0,0,0.0,1905751748.94,1905751748.94
2012-08-16,'600814,杭州解百,0.0,0.0,0.0,0.0,6.14,None,None,0.0,0,0.0,1905751748.94,1905751748.94
2012-08-15,'600814,杭州解百,0.0,0.0,0.0,0.0,6.14,None,None,0.0,0,0.0,1905751748.94,1905751748.94
2012-08-14,'600814,杭州解百,0.0,0.0,0.0,0.0,6.14,None,None,0.0,0,0.0,1905751748.94,1905751748.94
2012-08-13,'600814,杭州解百,0.0,0.0,0.0,0.0,6.14,None,None,0.0,0,0.0,1905751748.94,1905751748.94
2012-08-10,'600814,杭州解百,0.0,0.0,0.0,0.0,6.14,None,None,0.0,0,0.0,1905751748.94,1905751748.94
2012-08-09,'600814,杭州解百,0.0,0.0,0.0,0.0,6.14,None,None,0.0,0,0.0,1905751748.94,1905751748.94
2012-08-08,'600814,杭州解百,0.0,0.0,0.0,0.0,6.14,None,None,0.0,0,0.0,1905751748.94,1905751748.94
2012-08-07,'600814,杭州解百,0.0,0.0,0.0,0.0,6.14,None,None,0.0,0,0.0,1905751748.94,1905751748.94
2012-08-06,'600814,杭州解百,0.0,0.0,0.0,0.0,6.14,None,None,0.0,0,0.0,1905751748.94,1905751748.94
2012-08-03,'600814,杭州解百,0.0,0.0,0.0,0.0,6.14,None,None,0.0,0,0.0,1905751748.94,1905751748.94
2012-08-02,'600814,杭州解百,0.0,0.0,0.0,0.0,6.14,None,None,0.0,0,0.0,1905751748.94,1905751748.94
2012-08-01,'600814,杭州解百,0.0,0.0,0.0,0.0,6.14,None,None,0.0,0,0.0,1905751748.94,1905751748.94
2012-07-31,'600814,杭州解百,6.14,6.17,5.82,5.9,5.91,0.23,3.8917,1.7705,5495307,33108845.0,1905751748.94,1905751748.94
2012-07-30,'600814,杭州解百,5.91,6.0,5.84,5.92,5.89,0.02,0.3396,1.2934,4014452,23789019.0,1834363654.11,1834363654.11
2012-07-27,'600814,杭州解百,5.89,5.94,5.69,5.7,5.67,0.22,3.8801,1.3251,4112910,24099575.0,1828155993.69,1828155993.69
2012-07-26,'600814,杭州解百,5.67,5.79,5.66,5.74,5.75,-0.08,-1.3913,0.2818,874799,5000190.0,1759871729.07,1759871729.07
2012-07-25,'600814,杭州解百,5.75,5.77,5.69,5.74,5.77,-0.02,-0.3466,0.2068,641754,3678802.0,1784702370.75,1784702370.75
2012-07-24,'600814,杭州解百,5.77,5.81,5.67,5.67,5.73,0.04,0.6981,0.2918,905765,5204290.0,1790910031.17,1790910031.17
2012-07-23,'600814,杭州解百,5.73,5.77,5.63,5.73,5.77,-0.04,-0.6932,0.2124,659268,3763685.0,1778494710.33,1778494710.33
2012-07-20,'600814,杭州解百,5.77,5.83,5.72,5.75,5.76,0.01,0.1736,0.3001,931310,5382952.0,1790910031.17,1790910031.17
2012-07-19,'600814,杭州解百,5.76,5.8,5.63,5.67,5.67,0.09,1.5873,0.4553,1413321,8123617.0,1787806200.96,1787806200.96
2012-07-18,'600814,杭州解百,5.67,5.68,5.56,5.67,5.69,-0.02,-0.3515,0.4718,1464265,8214935.0,1759871729.07,1759871729.07
2012-07-17,'600814,杭州解百,5.69,5.71,5.59,5.68,5.68,0.01,0.1761,0.2967,920904,5192946.0,1766079389.49,1766079389.49
2012-07-16,'600814,杭州解百,5.68,5.87,5.67,5.87,5.86,-0.18,-3.0717,0.4377,1358694,7795151.0,1762975559.28,1762975559.28
2012-07-13,'600814,杭州解百,5.86,5.88,5.84,5.86,5.87,-0.01,-0.1704,0.2271,704921,4133975.0,1818844503.06,1818844503.06
2012-07-12,'600814,杭州解百,5.87,5.89,5.77,5.83,5.83,0.04,0.6861,0.2995,929586,5435892.0,1821948333.27,1821948333.27
2012-07-11,'600814,杭州解百,5.83,5.84,5.74,5.75,5.75,0.08,1.3913,0.2494,774121,4486089.0,1809533012.43,1809533012.43
2012-07-10,'600814,杭州解百,5.75,5.8,5.7,5.77,5.76,-0.01,-0.1736,0.1961,608530,3490305.0,1784702370.75,1784702370.75
2012-07-09,'600814,XD杭州解,5.76,5.92,5.75,5.89,5.92,-0.16,-2.7027,0.2889,896677,5222747.0,1787806200.96,1787806200.96
2012-07-06,'600814,杭州解百,5.99,6.0,5.85,5.94,5.88,0.11,1.8707,0.3521,1092892,6477108.0,1859194295.79,1859194295.79
2012-07-05,'600814,杭州解百,5.88,5.98,5.88,5.98,5.98,-0.1,-1.6722,0.3676,1140943,6749794.0,1825052163.48,1825052163.48
2012-07-04,'600814,杭州解百,5.98,6.05,5.97,6.02,6.03,-0.05,-0.8292,0.2545,789800,4741034.0,1856090465.58,1856090465.58
2012-07-03,'600814,杭州解百,6.03,6.08,5.99,6.01,6.02,0.01,0.1661,0.5572,1729372,10433120.0,1871609616.63,1871609616.63
2012-07-02,'600814,杭州解百,6.02,6.03,5.96,6.01,5.97,0.05,0.8375,0.3645,1131228,6785653.0,1868505786.42,1868505786.42
2012-06-29,'600814,杭州解百,5.97,6.0,5.88,5.92,5.92,0.05,0.8446,0.2987,927200,5527276.0,1852986635.37,1852986635.37
2012-06-28,'600814,杭州解百,5.92,5.99,5.89,5.95,5.93,-0.01,-0.1686,0.3184,988393,5861591.0,1837467484.32,1837467484.32
2012-06-27,'600814,杭州解百,5.93,6.06,5.92,6.06,6.05,-0.12,-1.9835,0.3397,1054500,6320743.0,1840571314.53,1840571314.53
2012-06-26,'600814,杭州解百,6.05,6.09,5.93,5.98,5.97,0.08,1.34,0.3632,1127246,6753008.0,1877817277.05,1877817277.05
2012-06-25,'600814,杭州解百,5.97,6.07,5.97,6.07,6.08,-0.11,-1.8092,0.4314,1339041,8053588.0,1852986635.37,1852986635.37
2012-06-21,'600814,杭州解百,6.08,6.2,6.06,6.2,6.18,-0.1,-1.6181,0.4128,1281318,7812214.0,1887128767.68,1887128767.68
2012-06-20,'600814,杭州解百,6.18,6.29,6.18,6.24,6.22,-0.04,-0.6431,0.472,1465000,9147831.0,1918167069.78,1918167069.78
2012-06-19,'600814,杭州解百,6.22,6.24,6.17,6.18,6.21,0.01,0.161,0.2767,858818,5322235.0,1930582390.62,1930582390.62
2012-06-18,'600814,杭州解百,6.21,6.23,6.17,6.2,6.17,0.04,0.6483,0.4915,1525385,9459960.0,1927478560.41,1927478560.41
2012-06-15,'600814,杭州解百,6.17,6.2,6.14,6.18,6.15,0.02,0.3252,0.5611,1741660,10754314.0,1915063239.57,1915063239.57
2012-06-14,'600814,杭州解百,6.15,6.23,6.13,6.16,6.16,-0.01,-0.1623,0.6521,2024000,12519014.0,1908855579.15,1908855579.15
2012-06-13,'600814,杭州解百,6.16,6.17,6.09,6.1,6.08,0.08,1.3158,0.3831,1188942,7297651.0,1911959409.36,1911959409.36
2012-06-12,'600814,杭州解百,6.08,6.1,6.04,6.06,6.12,-0.04,-0.6536,0.2469,766368,4655230.0,1887128767.68,1887128767.68
2012-06-11,'600814,杭州解百,6.12,6.12,6.02,6.03,6.02,0.1,1.6611,0.3118,967914,5883584.0,1899544088.52,1899544088.52
2012-06-08,'600814,杭州解百,6.02,6.09,6.0,6.07,6.02,0.0,0.0,0.4044,1255044,7585462.0,1868505786.42,1868505786.42
2012-06-07,'600814,杭州解百,6.02,6.11,6.0,6.08,6.03,-0.01,-0.1658,0.3498,1085616,6573166.0,1868505786.42,1868505786.42
2012-06-06,'600814,杭州解百,6.03,6.12,6.0,6.1,6.09,-0.06,-0.9852,0.4671,1449797,8776562.0,1871609616.63,1871609616.63
2012-06-05,'600814,杭州解百,6.09,6.15,6.05,6.13,6.1,-0.01,-0.1639,0.4099,1272300,7769006.0,1890232597.89,1890232597.89
2012-06-04,'600814,杭州解百,6.1,6.26,6.09,6.24,6.32,-0.22,-3.481,0.7732,2400020,14821119.0,1893336428.1,1893336428.1
2012-06-01,'600814,杭州解百,6.32,6.38,6.27,6.32,6.31,0.01,0.1585,1.5534,4821463,30539495.0,1961620692.72,1961620692.72
2012-05-31,'600814,杭州解百,6.31,6.32,6.22,6.24,6.27,0.04,0.638,0.6863,2130194,13362521.0,1958516862.51,1958516862.51
2012-05-30,'600814,杭州解百,6.27,6.3,6.24,6.28,6.26,0.01,0.1597,1.0315,3201487,20062192.0,1946101541.67,1946101541.67
2012-05-29,'600814,杭州解百,6.26,6.31,6.17,6.19,6.18,0.08,1.2945,1.222,3792921,23685164.0,1942997711.46,1942997711.46
2012-05-28,'600814,杭州解百,6.18,6.18,6.05,6.06,6.08,0.1,1.6447,0.7321,2272247,13949242.0,1918167069.78,1918167069.78
2012-05-25,'600814,杭州解百,6.08,6.23,6.06,6.21,6.21,-0.13,-2.0934,0.8878,2755708,16902351.0,1887128767.68,1887128767.68
2012-05-24,'600814,杭州解百,6.21,6.3,6.19,6.28,6.28,-0.07,-1.1146,0.5464,1695903,10590430.0,1927478560.41,1927478560.41
2012-05-23,'600814,杭州解百,6.28,6.32,6.2,6.31,6.32,-0.04,-0.6329,0.5924,1838797,11502341.0,1949205371.88,1949205371.88
2012-05-22,'600814,杭州解百,6.32,6.35,6.25,6.28,6.24,0.08,1.2821,0.7792,2418426,15217384.0,1961620692.72,1961620692.72
2012-05-21,'600814,杭州解百,6.24,6.3,6.19,6.19,6.21,0.03,0.4831,0.6422,1993311,12436367.0,1936790051.04,1936790051.04
2012-05-18,'600814,杭州解百,6.21,6.36,6.19,6.3,6.36,-0.15,-2.3585,0.9506,2950404,18469686.0,1927478560.41,1927478560.41
2012-05-17,'600814,杭州解百,6.36,6.44,6.22,6.27,6.33,0.03,0.4739,1.4704,4563752,28959530.0,1974036013.56,1974036013.56
2012-05-16,'600814,杭州解百,0.0,0.0,0.0,0.0,6.33,None,None,0.0,0,0.0,1964724522.93,1964724522.93
2012-05-15,'600814,杭州解百,6.33,6.36,6.25,6.3,6.33,0.0,0.0,0.8549,2653428,16715549.0,1964724522.93,1964724522.93
2012-05-14,'600814,杭州解百,6.33,6.46,6.33,6.43,6.36,-0.03,-0.4717,0.5733,1779345,11382712.0,1964724522.93,1964724522.93
2012-05-11,'600814,杭州解百,6.36,6.53,6.35,6.45,6.47,-0.11,-1.7002,0.6549,2032800,13086478.0,1974036013.56,1974036013.56
2012-05-10,'600814,杭州解百,6.47,6.49,6.41,6.41,6.43,0.04,0.6221,0.5465,1696200,10950361.0,2008178145.87,2008178145.87
2012-05-09,'600814,杭州解百,6.43,6.6,6.42,6.6,6.64,-0.21,-3.1627,1.3746,4266577,27679012.0,1995762825.03,1995762825.03
2012-05-08,'600814,杭州解百,6.64,6.66,6.55,6.62,6.68,-0.04,-0.5988,0.7881,2446183,16168394.0,2060943259.44,2060943259.44
2012-05-07,'600814,杭州解百,6.68,6.68,6.5,6.6,6.68,0.0,0.0,1.3859,4301571,28325663.0,2073358580.28,2073358580.28
2012-05-04,'600814,杭州解百,6.68,6.73,6.6,6.72,6.76,-0.08,-1.1834,1.1772,3653755,24348421.0,2073358580.28,2073358580.28
2012-05-03,'600814,杭州解百,6.76,6.77,6.6,6.65,6.66,0.1,1.5015,1.4077,4369399,29327680.0,2098189221.96,2098189221.96
2012-05-02,'600814,杭州解百,6.66,6.71,6.56,6.68,6.59,0.07,1.0622,1.441,4472528,29704555.0,2067150919.86,2067150919.86
2012-04-27,'600814,杭州解百,6.59,6.8,6.52,6.76,6.71,-0.12,-1.7884,1.4615,4536303,30029047.0,2045424108.39,2045424108.39
2012-04-26,'600814,杭州解百,6.71,6.89,6.68,6.85,6.89,-0.18,-2.6125,2.3735,7366903,49845584.0,2082670070.91,2082670070.91
2012-04-25,'600814,杭州解百,6.89,7.12,6.58,6.59,6.64,0.25,3.7651,6.4902,20144583,138476637.0,2138539014.69,2138539014.69
2012-04-24,'600814,杭州解百,6.64,6.65,6.3,6.44,6.5,0.14,2.1538,2.5777,8000600,52159871.0,2060943259.44,2060943259.44
2012-04-23,'600814,杭州解百,6.5,6.66,6.43,6.48,6.5,0.0,0.0,2.092,6493138,42550521.0,2017489636.5,2017489636.5
2012-04-20,'600814,杭州解百,6.5,6.53,6.32,6.4,6.41,0.09,1.4041,1.8483,5736932,36938045.0,2017489636.5,2017489636.5
2012-04-19,'600814,杭州解百,6.41,6.59,6.38,6.4,6.41,0.0,0.0,1.5159,4705219,30457878.0,1989555164.61,1989555164.61
2012-04-18,'600814,杭州解百,6.41,6.45,6.26,6.29,6.27,0.14,2.2329,1.5213,4721883,30071417.0,1989555164.61,1989555164.61
2012-04-17,'600814,杭州解百,6.27,6.48,6.21,6.42,6.45,-0.18,-2.7907,2.1618,6709775,42236218.0,1946101541.67,1946101541.67
2012-04-16,'600814,杭州解百,6.45,6.6,6.36,6.43,6.48,-0.03,-0.463,1.8317,5685297,36917993.0,2001970485.45,2001970485.45
2012-04-13,'600814,杭州解百,6.48,6.54,6.39,6.45,6.42,0.06,0.9346,2.9252,9079369,58640899.0,2011281976.08,2011281976.08
2012-04-12,'600814,杭州解百,6.42,6.48,6.29,6.41,6.43,-0.01,-0.1555,3.1501,9777463,62734624.0,1992658994.82,1992658994.82
2012-04-11,'600814,杭州解百,6.43,6.52,6.33,6.42,6.55,-0.12,-1.8321,5.0414,15647554,100393322.0,1995762825.03,1995762825.03
2012-04-10,'600814,杭州解百,6.55,6.6,5.94,5.96,6.0,0.55,9.1667,5.6214,17447742,108970033.0,2033008787.55,2033008787.55
2012-04-09,'600814,杭州解百,6.0,6.01,5.91,6.0,6.01,-0.01,-0.1664,0.6142,1906349,11345632.0,1862298126.0,1862298126.0
2012-04-06,'600814,杭州解百,6.01,6.02,5.94,5.95,5.98,0.03,0.5017,0.692,2147816,12868584.0,1865401956.21,1865401956.21
2012-04-05,'600814,杭州解百,5.98,5.98,5.82,5.86,5.82,0.16,2.7491,0.5637,1749493,10369096.0,1856090465.58,1856090465.58
2012-03-30,'600814,杭州解百,0.0,0.0,0.0,0.0,5.82,None,None,0.0,0,0.0,1806429182.22,1806429182.22
2012-03-29,'600814,杭州解百,5.82,5.95,5.8,5.92,5.91,-0.09,-1.5228,0.5377,1668938,9812539.0,1806429182.22,1806429182.22
2012-03-28,'600814,杭州解百,5.91,6.22,5.9,6.2,6.25,-0.34,-5.44,0.8035,2493910,15069549.0,1834363654.11,1834363654.11
2012-03-27,'600814,杭州解百,6.25,6.34,6.19,6.34,6.3,-0.05,-0.7937,0.5722,1776092,11122979.0,1939893881.25,1939893881.25
2012-03-26,'600814,杭州解百,6.3,6.37,6.22,6.28,6.23,0.07,1.1236,0.4512,1400573,8790017.0,1955413032.3,1955413032.3
2012-03-23,'600814,杭州解百,6.23,6.41,6.21,6.39,6.42,-0.19,-2.9595,0.7574,2350854,14828851.0,1933686220.83,1933686220.83
2012-03-22,'600814,杭州解百,6.42,6.47,6.39,6.4,6.44,-0.02,-0.3106,0.5917,1836600,11809806.0,1992658994.82,1992658994.82
2012-03-21,'600814,杭州解百,6.44,6.49,6.35,6.48,6.42,0.02,0.3115,0.9634,2990209,19176818.0,1998866655.24,1998866655.24
2012-03-20,'600814,杭州解百,6.42,6.68,6.4,6.64,6.71,-0.29,-4.3219,1.0687,3317095,21662613.0,1992658994.82,1992658994.82
2012-03-19,'600814,杭州解百,6.71,6.83,6.62,6.75,6.7,0.01,0.1493,1.4551,4516473,30306585.0,2082670070.91,2082670070.91
2012-03-16,'600814,杭州解百,6.7,6.71,6.43,6.46,6.47,0.23,3.5549,2.1696,6734188,44349861.0,2079566240.7,2079566240.7
2012-03-15,'600814,杭州解百,6.47,6.56,6.32,6.42,6.42,0.05,0.7788,1.3498,4189409,26929069.0,2008178145.87,2008178145.87
2012-03-14,'600814,杭州解百,6.42,6.83,6.4,6.77,6.79,-0.37,-5.4492,2.2013,6832612,45398674.0,1992658994.82,1992658994.82
2012-03-13,'600814,杭州解百,6.79,6.9,6.73,6.79,6.83,-0.04,-0.5857,3.9895,12382795,84394686.0,2107500712.59,2107500712.59
2012-03-12,'600814,杭州解百,6.83,6.9,6.62,6.7,6.7,0.13,1.9403,4.355,13517329,91797105.0,2119916033.43,2119916033.43
2012-03-09,'600814,杭州解百,6.7,6.82,6.56,6.62,6.62,0.08,1.2085,3.2656,10135962,67951389.0,2079566240.7,2079566240.7
2012-03-08,'600814,杭州解百,6.62,6.64,6.49,6.49,6.5,0.12,1.8462,2.1086,6544581,42989574.0,2054735599.02,2054735599.02
2012-03-07,'600814,杭州解百,6.5,6.6,6.4,6.43,6.53,-0.03,-0.4594,1.4397,4468571,29019083.0,2017489636.5,2017489636.5
2012-03-06,'600814,杭州解百,6.53,6.68,6.47,6.6,6.62,-0.09,-1.3595,3.8792,12040248,79506918.0,2026801127.13,2026801127.13
2012-03-05,'600814,杭州解百,6.62,6.66,6.42,6.45,6.45,0.17,2.6357,2.9049,9016265,59075077.0,2054735599.02,2054735599.02
2012-03-02,'600814,杭州解百,6.45,6.48,6.3,6.33,6.3,0.15,2.381,1.7155,5324622,34102771.0,2001970485.45,2001970485.45
2012-03-01,'600814,杭州解百,6.3,6.37,6.25,6.26,6.27,0.03,0.4785,0.829,2572945,16237474.0,1955413032.3,1955413032.3
2012-02-29,'600814,杭州解百,6.27,6.34,6.25,6.32,6.32,-0.05,-0.7911,0.695,2157268,13583670.0,1946101541.67,1946101541.67
2012-02-28,'600814,杭州解百,6.32,6.36,6.23,6.32,6.35,-0.03,-0.4724,1.1032,3424217,21563208.0,1961620692.72,1961620692.72
2012-02-27,'600814,杭州解百,6.35,6.41,6.32,6.34,6.34,0.01,0.1577,1.8939,5878391,37458360.0,1970932183.35,1970932183.35
2012-02-24,'600814,杭州解百,6.34,6.36,6.23,6.24,6.26,0.08,1.278,1.6473,5112828,32207650.0,1967828353.14,1967828353.14
2012-02-23,'600814,杭州解百,6.26,6.28,6.2,6.23,6.24,0.02,0.3205,1.33,4128198,25797835.0,1942997711.46,1942997711.46
2012-02-22,'600814,杭州解百,6.24,6.25,6.13,6.15,6.16,0.08,1.2987,1.3262,4116276,25554550.0,1936790051.04,1936790051.04
2012-02-21,'600814,杭州解百,6.16,6.18,6.07,6.15,6.15,0.01,0.1626,0.7448,2311709,14162140.0,1911959409.36,1911959409.36
2012-02-20,'600814,杭州解百,6.15,6.26,6.14,6.25,6.18,-0.03,-0.4854,1.0411,3231490,19986359.0,1908855579.15,1908855579.15
2012-02-17,'600814,杭州解百,6.18,6.3,6.16,6.17,6.15,0.03,0.4878,1.6301,5059699,31497780.0,1918167069.78,1918167069.78
2012-02-16,'600814,杭州解百,6.15,6.25,6.08,6.19,6.21,-0.06,-0.9662,1.5301,4749321,29278241.0,1908855579.15,1908855579.15
2012-02-15,'600814,杭州解百,6.21,6.21,6.08,6.11,6.12,0.09,1.4706,1.4404,4470686,27554844.0,1927478560.41,1927478560.41
2012-02-14,'600814,杭州解百,6.12,6.17,6.07,6.11,6.13,-0.01,-0.1631,0.8115,2518823,15404917.0,1899544088.52,1899544088.52
2012-02-13,'600814,杭州解百,6.13,6.17,6.02,6.07,6.1,0.03,0.4918,1.1456,3555706,21736420.0,1902647918.73,1902647918.73
2012-02-10,'600814,杭州解百,6.1,6.15,6.07,6.08,6.1,0.0,0.0,0.6864,2130473,13029697.0,1893336428.1,1893336428.1
2012-02-09,'600814,杭州解百,6.1,6.14,6.06,6.09,6.1,0.0,0.0,1.1074,3437117,21007475.0,1893336428.1,1893336428.1
2012-02-08,'600814,杭州解百,6.1,6.11,5.95,6.02,6.03,0.07,1.1609,0.8958,2780364,16884068.0,1893336428.1,1893336428.1
2012-02-07,'600814,杭州解百,6.03,6.11,5.95,6.11,6.13,-0.1,-1.6313,0.4944,1534441,9220190.0,1871609616.63,1871609616.63
2012-02-06,'600814,杭州解百,6.13,6.2,6.0,6.03,6.03,0.1,1.6584,1.3481,4184159,25594262.0,1902647918.73,1902647918.73
2012-02-03,'600814,杭州解百,6.03,6.06,5.96,5.96,5.98,0.05,0.8361,0.5488,1703335,10268571.0,1871609616.63,1871609616.63
2012-02-02,'600814,杭州解百,5.98,6.01,5.87,5.92,5.89,0.09,1.528,0.4146,1286819,7644536.0,1856090465.58,1856090465.58
2012-02-01,'600814,杭州解百,5.89,6.0,5.87,5.88,5.93,-0.04,-0.6745,0.2475,768091,4551360.0,1828155993.69,1828155993.69
2012-01-31,'600814,杭州解百,5.93,5.99,5.86,5.9,5.93,0.0,0.0,0.3097,961233,5682290.0,1840571314.53,1840571314.53
2012-01-30,'600814,杭州解百,5.93,6.06,5.93,6.06,6.05,-0.12,-1.9835,0.6071,1884345,11277870.0,1840571314.53,1840571314.53
2012-01-20,'600814,杭州解百,6.05,6.12,6.02,6.04,6.04,0.01,0.1656,1.027,3187780,19319318.0,1877817277.05,1877817277.05
2012-01-19,'600814,杭州解百,6.04,6.1,5.9,5.96,6.04,0.0,0.0,1.4119,4382322,26477463.0,1874713446.84,1874713446.84
2012-01-18,'600814,杭州解百,6.04,6.18,5.95,5.99,6.04,0.0,0.0,2.7164,8431357,51192985.0,1874713446.84,1874713446.84
2012-01-17,'600814,杭州解百,6.04,6.08,5.76,5.76,5.81,0.23,3.9587,1.0717,3326223,19886487.0,1874713446.84,1874713446.84
2012-01-16,'600814,杭州解百,5.81,5.88,5.75,5.8,5.85,-0.04,-0.6838,0.2904,901342,5242388.0,1803325352.01,1803325352.01
2012-01-13,'600814,杭州解百,5.85,5.99,5.76,5.99,5.99,-0.14,-2.3372,0.678,2104512,12327694.0,1815740672.85,1815740672.85
2012-01-12,'600814,杭州解百,5.99,6.04,5.9,5.92,5.99,0.0,0.0,0.5812,1803916,10774063.0,1859194295.79,1859194295.79
2012-01-11,'600814,杭州解百,5.99,6.03,5.95,5.96,6.03,-0.04,-0.6633,0.6967,2162573,12950486.0,1859194295.79,1859194295.79
2012-01-10,'600814,杭州解百,6.03,6.05,5.79,5.79,5.85,0.18,3.0769,1.2336,3828901,22802946.0,1871609616.63,1871609616.63
2012-01-09,'600814,杭州解百,5.85,5.88,5.61,5.7,5.64,0.21,3.7234,1.9442,6034430,34869664.0,1815740672.85,1815740672.85
2012-01-06,'600814,杭州解百,5.64,5.65,5.5,5.53,5.53,0.11,1.9892,0.8371,2598117,14466686.0,1750560238.44,1750560238.44
2012-01-05,'600814,杭州解百,5.53,5.81,5.51,5.81,5.83,-0.3,-5.1458,0.5521,1713502,9756667.0,1716418106.13,1716418106.13
2012-01-04,'600814,杭州解百,5.83,5.98,5.8,5.94,5.9,-0.07,-1.1864,0.6628,2057249,12054369.0,1809533012.43,1809533012.43
2011-12-30,'600814,杭州解百,5.9,5.9,5.69,5.71,5.71,0.19,3.3275,1.4173,4398905,25678838.0,1831259823.9,1831259823.9
2011-12-29,'600814,杭州解百,5.71,5.74,5.57,5.6,5.6,0.11,1.9643,0.7708,2392466,13600244.0,1772287049.91,1772287049.91
2011-12-28,'600814,杭州解百,5.6,5.65,5.5,5.59,5.6,0.0,0.0,0.4142,1285559,7149057.0,1738144917.6,1738144917.6
2011-12-27,'600814,杭州解百,5.6,5.73,5.58,5.65,5.71,-0.11,-1.9264,0.4526,1404787,7922273.0,1738144917.6,1738144917.6
2011-12-26,'600814,杭州解百,5.71,5.84,5.7,5.77,5.78,-0.07,-1.2111,0.5765,1789372,10308865.0,1772287049.91,1772287049.91
2011-12-23,'600814,杭州解百,5.78,5.88,5.7,5.75,5.77,0.01,0.1733,0.6489,2014152,11673897.0,1794013861.38,1794013861.38
2011-12-22,'600814,杭州解百,5.77,5.9,5.56,5.88,5.95,-0.18,-3.0252,1.243,3857926,22158305.0,1790910031.17,1790910031.17
2011-12-21,'600814,杭州解百,5.95,6.32,5.91,6.18,6.17,-0.22,-3.5656,2.6488,8221559,50835131.0,1846778974.95,1846778974.95
2011-12-20,'600814,杭州解百,6.17,6.55,6.15,6.3,6.44,-0.27,-4.1925,4.8093,14927164,93729975.0,1915063239.57,1915063239.57
2011-12-19,'600814,杭州解百,6.44,6.59,5.9,5.97,6.13,0.31,5.0571,2.3523,7301249,45041799.0,1998866655.24,1998866655.24
2011-12-16,'600814,杭州解百,6.13,6.19,5.68,5.96,5.93,0.2,3.3727,2.5104,7791789,45650885.0,1902647918.73,1902647918.73
2011-12-15,'600814,杭州解百,5.93,6.08,5.85,5.98,6.02,-0.09,-1.495,0.6682,2074093,12366678.0,1840571314.53,1840571314.53
2011-12-14,'600814,杭州解百,6.02,6.16,5.99,6.15,6.16,-0.14,-2.2727,0.8876,2754825,16676160.0,1868505786.42,1868505786.42
2011-12-13,'600814,杭州解百,6.16,6.42,6.14,6.36,6.42,-0.26,-4.0498,0.398,1235389,7709041.0,1911959409.36,1911959409.36
2011-12-12,'600814,杭州解百,6.42,6.52,6.4,6.46,6.46,-0.04,-0.6192,0.1566,485920,3136906.0,1992658994.82,1992658994.82
2011-12-09,'600814,杭州解百,6.46,6.59,6.45,6.58,6.58,-0.12,-1.8237,0.3397,1054420,6879656.0,2005074315.66,2005074315.66
2011-12-08,'600814,杭州解百,6.58,6.64,6.5,6.64,6.61,-0.03,-0.4539,0.3009,934028,6141211.0,2042320278.18,2042320278.18
2011-12-07,'600814,杭州解百,6.61,6.64,6.52,6.59,6.59,0.02,0.3035,0.329,1021040,6725707.0,2051631768.81,2051631768.81
2011-12-06,'600814,杭州解百,6.59,6.68,6.48,6.68,6.62,-0.03,-0.4532,0.6657,2066237,13530284.0,2045424108.39,2045424108.39
2011-12-05,'600814,杭州解百,6.62,6.99,6.61,6.8,6.87,-0.25,-3.639,1.5966,4955440,33387013.0,2054735599.02,2054735599.02
2011-12-02,'600814,杭州解百,6.87,6.98,6.56,6.9,6.97,-0.1,-1.4347,2.314,7182252,48429517.0,2132331354.27,2132331354.27
2011-12-01,'600814,杭州解百,6.97,7.27,6.97,7.1,6.96,0.01,0.1437,3.4557,10725902,76283339.0,2163369656.37,2163369656.37
2011-11-30,'600814,杭州解百,6.96,7.17,6.91,7.05,7.08,-0.12,-1.6949,1.9204,5960448,41917029.0,2160265826.16,2160265826.16
2011-11-29,'600814,杭州解百,7.08,7.09,6.89,6.95,6.9,0.18,2.6087,0.8632,2679073,18739983.0,2197511788.68,2197511788.68
2011-11-28,'600814,杭州解百,6.9,6.94,6.85,6.9,6.9,0.0,0.0,0.3009,933836,6432262.0,2141642844.9,2141642844.9
2011-11-25,'600814,杭州解百,6.9,6.99,6.86,6.99,6.94,-0.04,-0.5764,0.2818,874600,6056684.0,2141642844.9,2141642844.9
2011-11-24,'600814,杭州解百,6.94,6.96,6.81,6.82,6.94,0.0,0.0,0.4633,1438151,9927890.0,2154058165.74,2154058165.74
2011-11-23,'600814,杭州解百,6.94,6.99,6.9,6.98,6.95,-0.01,-0.1439,0.4394,1363835,9483444.0,2154058165.74,2154058165.74
2011-11-22,'600814,杭州解百,6.95,6.95,6.76,6.87,6.91,0.04,0.5789,0.4509,1399446,9606703.0,2157161995.95,2157161995.95
2011-11-21,'600814,杭州解百,6.91,6.94,6.82,6.85,6.88,0.03,0.436,0.4522,1403643,9666543.0,2144746675.11,2144746675.11
2011-11-18,'600814,杭州解百,6.88,7.12,6.85,7.09,7.09,-0.21,-2.9619,1.0723,3328131,23239740.0,2135435184.48,2135435184.48
2011-11-17,'600814,杭州解百,7.09,7.2,6.98,6.99,6.99,0.1,1.4306,1.5766,4893476,34852502.0,2200615618.89,2200615618.89
2011-11-16,'600814,杭州解百,6.99,7.1,6.97,7.05,7.06,-0.07,-0.9915,1.4667,4552499,32107192.0,2169577316.79,2169577316.79
2011-11-15,'600814,杭州解百,7.06,7.07,6.95,6.99,6.99,0.07,1.0014,0.8485,2633609,18482426.0,2191304128.26,2191304128.26
2011-11-14,'600814,杭州解百,6.99,7.0,6.87,6.9,6.84,0.15,2.193,0.8699,2700148,18783517.0,2169577316.79,2169577316.79
2011-11-11,'600814,杭州解百,6.84,6.91,6.83,6.86,6.84,0.0,0.0,0.3497,1085294,7455567.0,2123019863.64,2123019863.64
2011-11-10,'600814,杭州解百,6.84,6.95,6.8,6.86,6.94,-0.1,-1.4409,0.6744,2093196,14372233.0,2123019863.64,2123019863.64
2011-11-09,'600814,杭州解百,6.94,6.95,6.83,6.9,6.88,0.06,0.8721,0.7503,2328679,16039953.0,2154058165.74,2154058165.74
2011-11-08,'600814,杭州解百,6.88,6.99,6.86,6.99,6.99,-0.11,-1.5737,1.2627,3919190,27106314.0,2135435184.48,2135435184.48
2011-11-07,'600814,杭州解百,6.99,7.13,6.95,7.05,7.1,-0.11,-1.5493,0.913,2833643,19937769.0,2169577316.79,2169577316.79
2011-11-04,'600814,杭州解百,7.1,7.11,7.0,7.08,7.04,0.06,0.8523,0.9952,3089082,21782705.0,2203719449.1,2203719449.1
2011-11-03,'600814,杭州解百,7.04,7.14,7.02,7.05,7.04,0.0,0.0,0.8293,2574034,18215003.0,2185096467.84,2185096467.84
2011-11-02,'600814,杭州解百,7.04,7.08,6.83,6.91,6.99,0.05,0.7153,0.7917,2457422,17066548.0,2185096467.84,2185096467.84
2011-11-01,'600814,杭州解百,6.99,7.04,6.88,6.95,7.0,-0.01,-0.1429,0.5913,1835216,12782732.0,2169577316.79,2169577316.79
2011-10-31,'600814,杭州解百,7.0,7.02,6.95,6.96,7.0,0.0,0.0,0.2994,929180,6489575.0,2172681147.0,2172681147.0
2011-10-28,'600814,杭州解百,7.0,7.04,6.91,6.91,6.9,0.1,1.4493,0.4659,1446033,10093347.0,2172681147.0,2172681147.0
2011-10-27,'600814,杭州解百,6.9,7.08,6.85,6.93,6.88,0.02,0.2907,0.4171,1294684,8971309.0,2141642844.9,2141642844.9
2011-10-26,'600814,杭州解百,6.88,6.95,6.8,6.83,6.84,0.04,0.5848,0.5547,1721596,11848685.0,2135435184.48,2135435184.48
2011-10-25,'600814,杭州解百,6.84,6.87,6.68,6.7,6.75,0.09,1.3333,0.544,1688534,11458157.0,2123019863.64,2123019863.64
2011-10-24,'600814,杭州解百,6.75,6.75,6.52,6.61,6.66,0.09,1.3514,0.3107,964354,6421974.0,2095085391.75,2095085391.75
2011-10-21,'600814,杭州解百,6.66,6.72,6.62,6.72,6.66,0.0,0.0,0.1368,424610,2826560.0,2067150919.86,2067150919.86
2011-10-20,'600814,杭州解百,6.66,6.89,6.58,6.82,6.86,-0.2,-2.9155,0.3127,970610,6533651.0,2067150919.86,2067150919.86
2011-10-19,'600814,杭州解百,6.86,6.97,6.81,6.88,6.83,0.03,0.4392,0.2175,674975,4637846.0,2129227524.06,2129227524.06
2011-10-18,'600814,杭州解百,6.83,7.05,6.83,7.0,7.07,-0.24,-3.3946,0.4104,1273850,8812290.0,2119916033.43,2119916033.43
2011-10-17,'600814,杭州解百,7.07,7.11,7.03,7.06,7.06,0.01,0.1416,0.2491,773227,5465521.0,2194407958.47,2194407958.47
2011-10-14,'600814,杭州解百,7.06,7.12,7.01,7.09,7.13,-0.07,-0.9818,0.3131,971656,6857414.0,2191304128.26,2191304128.26
2011-10-13,'600814,杭州解百,7.13,7.15,6.99,7.07,7.05,0.08,1.1348,0.7554,2344777,16610230.0,2213030939.73,2213030939.73
2011-10-12,'600814,杭州解百,7.05,7.07,6.72,6.75,6.84,0.21,3.0702,0.5169,1604352,11195218.0,2188200298.05,2188200298.05
2011-10-11,'600814,杭州解百,6.84,7.01,6.78,6.99,6.89,-0.05,-0.7257,0.4379,1359013,9403693.0,2123019863.64,2123019863.64
2011-10-10,'600814,杭州解百,6.89,6.97,6.79,6.88,6.86,0.03,0.4373,0.2295,712260,4890739.0,2138539014.69,2138539014.69
2011-09-30,'600814,杭州解百,6.86,6.95,6.76,6.89,6.85,0.01,0.146,0.4028,1250068,8537132.0,2129227524.06,2129227524.06
2011-09-29,'600814,杭州解百,6.85,7.17,6.85,7.17,7.18,-0.33,-4.5961,0.6801,2110978,14731436.0,2126123693.85,2126123693.85
2011-09-28,'600814,杭州解百,7.18,7.33,7.18,7.3,7.26,-0.08,-1.1019,0.3732,1158280,8432158.0,2228550090.78,2228550090.78
2011-09-27,'600814,杭州解百,7.26,7.33,7.23,7.26,7.19,0.07,0.9736,0.414,1284832,9349201.0,2253380732.46,2253380732.46
2011-09-26,'600814,杭州解百,7.19,7.35,7.16,7.32,7.31,-0.12,-1.6416,0.3513,1090239,7907137.0,2231653920.99,2231653920.99
2011-09-23,'600814,杭州解百,7.31,7.41,7.21,7.34,7.44,-0.13,-1.7473,0.7597,2357927,17249878.0,2268899883.51,2268899883.51
2011-09-22,'600814,杭州解百,7.44,7.62,7.42,7.52,7.6,-0.16,-2.1053,0.7873,2443756,18363354.0,2309249676.24,2309249676.24
2011-09-21,'600814,杭州解百,7.6,7.62,7.44,7.51,7.47,0.13,1.7403,0.794,2464336,18629179.0,2358910959.6,2358910959.6
2011-09-20,'600814,杭州解百,7.47,7.54,7.32,7.36,7.39,0.08,1.0825,0.5304,1646420,12284788.0,2318561166.87,2318561166.87
2011-09-19,'600814,杭州解百,7.39,7.51,7.32,7.45,7.51,-0.12,-1.5979,0.7136,2214785,16401044.0,2293730525.19,2293730525.19
2011-09-16,'600814,杭州解百,7.51,7.57,7.5,7.57,7.52,-0.01,-0.133,0.4646,1442149,10845895.0,2330976487.71,2330976487.71
2011-09-15,'600814,杭州解百,7.52,7.58,7.46,7.54,7.5,0.02,0.2667,0.4357,1352371,10193243.0,2334080317.92,2334080317.92
2011-09-14,'600814,杭州解百,7.5,7.58,7.36,7.43,7.47,0.03,0.4016,0.4096,1271302,9484288.0,2327872657.5,2327872657.5
2011-09-13,'600814,杭州解百,7.47,7.49,7.35,7.42,7.5,-0.03,-0.4,0.4651,1443567,10688245.0,2318561166.87,2318561166.87
2011-09-09,'600814,杭州解百,7.5,7.58,7.45,7.52,7.5,0.0,0.0,0.3655,1134484,8521562.0,2327872657.5,2327872657.5
2011-09-08,'600814,杭州解百,7.5,7.63,7.5,7.63,7.59,-0.09,-1.1858,0.6413,1990350,15008250.0,2327872657.5,2327872657.5
2011-09-07,'600814,杭州解百,7.59,7.61,7.4,7.49,7.42,0.17,2.2911,0.5579,1731478,13014595.0,2355807129.39,2355807129.39
2011-09-06,'600814,杭州解百,7.42,7.51,7.32,7.34,7.38,0.04,0.542,0.3498,1085821,8053139.0,2303042015.82,2303042015.82
2011-09-05,'600814,杭州解百,7.38,7.54,7.36,7.46,7.6,-0.22,-2.8947,0.4821,1496502,11116054.0,2290626694.98,2290626694.98
2011-09-02,'600814,杭州解百,7.6,7.66,7.47,7.62,7.63,-0.03,-0.3932,0.5604,1739399,13144036.0,2358910959.6,2358910959.6
2011-09-01,'600814,杭州解百,7.63,7.73,7.58,7.62,7.56,0.07,0.9259,0.7678,2383147,18194748.0,2368222450.23,2368222450.23
2011-08-31,'600814,杭州解百,7.56,7.62,7.48,7.56,7.58,-0.02,-0.2639,1.0181,3160071,23846862.0,2346495638.76,2346495638.76
2011-08-30,'600814,杭州解百,7.58,7.77,7.41,7.7,7.67,-0.09,-1.1734,1.5298,4748390,36074236.0,2352703299.18,2352703299.18
2011-08-29,'600814,杭州解百,7.67,7.68,7.59,7.64,7.66,0.01,0.1305,0.6886,2137332,16325738.0,2380637771.07,2380637771.07
2011-08-26,'600814,杭州解百,7.66,7.69,7.59,7.65,7.65,0.01,0.1307,0.5737,1780701,13596765.0,2377533940.86,2377533940.86
2011-08-25,'600814,杭州解百,7.65,7.68,7.46,7.49,7.44,0.21,2.8226,1.1334,3517970,26743445.0,2374430110.65,2374430110.65
2011-08-24,'600814,杭州解百,7.44,7.49,7.41,7.48,7.43,0.01,0.1346,0.5272,1636450,12182232.0,2309249676.24,2309249676.24
2011-08-23,'600814,杭州解百,7.43,7.43,7.3,7.37,7.3,0.13,1.7808,0.4768,1479824,10893684.0,2306145846.03,2306145846.03
2011-08-22,'600814,杭州解百,7.3,7.45,7.27,7.32,7.35,-0.05,-0.6803,0.3618,1122900,8262160.0,2265796053.3,2265796053.3
2011-08-19,'600814,杭州解百,7.35,7.38,7.13,7.33,7.45,-0.1,-1.3423,0.6564,2037423,14867057.0,2281315204.35,2281315204.35
2011-08-18,'600814,杭州解百,7.45,7.65,7.43,7.58,7.58,-0.13,-1.715,0.4893,1518775,11448683.0,2312353506.45,2312353506.45
2011-08-17,'600814,杭州解百,7.58,7.65,7.56,7.59,7.62,-0.04,-0.5249,0.3759,1166640,8877257.0,2352703299.18,2352703299.18
2011-08-16,'600814,杭州解百,7.62,7.73,7.58,7.71,7.73,-0.11,-1.423,0.6695,2077908,15890418.0,2365118620.02,2365118620.02
2011-08-15,'600814,杭州解百,7.73,7.74,7.6,7.68,7.63,0.1,1.3106,0.7704,2391268,18388855.0,2399260752.33,2399260752.33
2011-08-12,'600814,杭州解百,7.63,7.67,7.56,7.59,7.56,0.07,0.9259,0.9667,3000595,22857091.0,2368222450.23,2368222450.23
2011-08-11,'600814,杭州解百,7.56,7.58,7.25,7.29,7.42,0.14,1.8868,0.8991,2790649,20824951.0,2346495638.76,2346495638.76
2011-08-10,'600814,杭州解百,7.42,7.56,7.39,7.55,7.45,-0.03,-0.4027,1.0425,3235747,24248315.0,2303042015.82,2303042015.82
2011-08-09,'600814,杭州解百,7.45,7.51,7.11,7.19,7.33,0.12,1.6371,1.1077,3438120,25245088.0,2312353506.45,2312353506.45
2011-08-08,'600814,杭州解百,7.33,7.5,7.12,7.42,7.53,-0.2,-2.656,1.0054,3120509,22765413.0,2275107543.93,2275107543.93
2011-08-05,'600814,杭州解百,7.53,7.58,7.43,7.47,7.74,-0.21,-2.7132,0.8217,2550295,19165097.0,2337184148.13,2337184148.13
2011-08-04,'600814,杭州解百,7.74,7.76,7.66,7.7,7.69,0.05,0.6502,0.564,1750600,13505844.0,2402364582.54,2402364582.54
2011-08-03,'600814,杭州解百,7.69,7.71,7.55,7.59,7.67,0.02,0.2608,0.5415,1680597,12872241.0,2386845431.49,2386845431.49
2011-08-02,'600814,杭州解百,7.67,7.81,7.57,7.81,7.81,-0.14,-1.7926,0.9859,3060204,23379805.0,2380637771.07,2380637771.07
2011-08-01,'600814,杭州解百,7.81,7.87,7.75,7.78,7.8,0.01,0.1282,0.6833,2120778,16569418.0,2424091394.01,2424091394.01
2011-07-29,'600814,杭州解百,7.8,7.95,7.76,7.93,7.89,-0.09,-1.1407,1.1186,3471889,27228468.0,2420987563.8,2420987563.8
2011-07-28,'600814,杭州解百,7.89,8.12,7.79,8.12,8.15,-0.26,-3.1902,1.609,4994111,39441588.0,2448922035.69,2448922035.69
2011-07-27,'600814,杭州解百,8.15,8.22,8.01,8.18,8.19,-0.04,-0.4884,1.7036,5287762,43046770.0,2529621621.15,2529621621.15
2011-07-26,'600814,杭州解百,8.19,8.26,8.07,8.22,8.09,0.1,1.2361,2.0853,6472421,52886634.0,2542036941.99,2542036941.99
2011-07-25,'600814,杭州解百,8.09,8.3,7.98,8.24,8.24,-0.15,-1.8204,1.9413,6025381,48979190.0,2510998639.89,2510998639.89
2011-07-22,'600814,杭州解百,8.24,8.35,8.05,8.13,8.12,0.12,1.4778,3.0466,9456101,78113526.0,2557556093.04,2557556093.04
2011-07-21,'600814,杭州解百,8.12,8.35,8.1,8.28,8.34,-0.22,-2.6379,1.4621,4538261,37184169.0,2520310130.52,2520310130.52
2011-07-20,'600814,杭州解百,8.34,8.58,8.2,8.31,8.38,-0.04,-0.4773,6.0523,18785407,157527664.0,2588594395.14,2588594395.14
2011-07-19,'600814,杭州解百,8.38,8.66,7.85,7.88,7.95,0.43,5.4088,5.2575,16318437,134966441.0,2601009715.98,2601009715.98
2011-07-18,'600814,杭州解百,7.95,7.96,7.81,7.81,7.84,0.11,1.4031,1.4934,4635349,36526571.0,2467545016.95,2467545016.95
2011-07-15,'600814,杭州解百,7.84,7.85,7.71,7.74,7.76,0.08,1.0309,1.3338,4139811,32206105.0,2433402884.64,2433402884.64
2011-07-14,'600814,杭州解百,7.76,7.77,7.65,7.67,7.67,0.09,1.1734,1.3124,4073355,31445659.0,2408572242.96,2408572242.96
2011-07-13,'600814,杭州解百,7.67,7.69,7.53,7.54,7.53,0.14,1.8592,0.7761,2408951,18362722.0,2380637771.07,2380637771.07
2011-07-12,'600814,杭州解百,7.53,7.67,7.46,7.63,7.7,-0.17,-2.2078,0.8191,2542454,19295202.0,2337184148.13,2337184148.13
2011-07-11,'600814,杭州解百,7.7,7.71,7.56,7.63,7.63,0.07,0.9174,0.6678,2072828,15856065.0,2389949261.7,2389949261.7
2011-07-08,'600814,杭州解百,7.63,7.68,7.57,7.67,7.64,-0.01,-0.1309,0.5307,1647284,12553318.0,2368222450.23,2368222450.23
2011-07-07,'600814,杭州解百,7.64,7.71,7.59,7.61,7.61,0.03,0.3942,1.1569,3590872,27487371.0,2371326280.44,2371326280.44
2011-07-06,'600814,杭州解百,7.61,7.62,7.51,7.59,7.61,0.0,0.0,0.6617,2053957,15540664.0,2362014789.81,2362014789.81
2011-07-05,'600814,杭州解百,7.61,7.67,7.57,7.61,7.61,0.0,0.0,0.6015,1866873,14214230.0,2362014789.81,2362014789.81
2011-07-04,'600814,杭州解百,7.61,7.63,7.49,7.5,7.48,0.13,1.738,0.8883,2757186,20891191.0,2362014789.81,2362014789.81
2011-07-01,'600814,杭州解百,7.48,7.58,7.43,7.46,7.42,0.06,0.8086,0.6002,1862984,13945245.0,2321664997.08,2321664997.08
2011-06-30,'600814,杭州解百,7.42,7.47,7.32,7.33,7.32,0.1,1.3661,0.473,1468200,10903068.0,2303042015.82,2303042015.82
2011-06-29,'600814,杭州解百,7.32,7.49,7.31,7.46,7.45,-0.13,-1.745,0.487,1511548,11212567.0,2272003713.72,2272003713.72
2011-06-28,'600814,杭州解百,7.45,7.5,7.41,7.49,7.5,-0.05,-0.6667,0.4973,1543524,11497536.0,2312353506.45,2312353506.45
2011-06-27,'600814,杭州解百,7.5,7.51,7.43,7.46,7.4,0.1,1.3514,0.6936,2152843,16093989.0,2327872657.5,2327872657.5
2011-06-24,'600814,杭州解百,7.4,7.46,7.24,7.25,7.27,0.13,1.7882,0.8825,2739173,20198421.0,2296834355.4,2296834355.4
2011-06-23,'600814,杭州解百,7.27,7.29,7.11,7.18,7.2,0.07,0.9722,0.5049,1567217,11313277.0,2256484562.67,2256484562.67
2011-06-22,'600814,杭州解百,7.2,7.27,7.15,7.27,7.25,-0.05,-0.6897,0.4555,1413881,10184180.0,2234757751.2,2234757751.2
2011-06-21,'600814,杭州解百,7.25,7.27,7.15,7.23,7.22,0.03,0.4155,0.5359,1663250,11987838.0,2250276902.25,2250276902.25
2011-06-20,'600814,杭州解百,7.22,7.56,7.15,7.43,7.46,-0.24,-3.2172,1.202,3730850,27209058.0,2240965411.62,2240965411.62
2011-06-17,'600814,杭州解百,7.46,7.7,7.45,7.48,7.54,-0.08,-1.061,1.4284,4433597,33688193.0,2315457336.66,2315457336.66
2011-06-16,'600814,杭州解百,7.54,7.57,7.37,7.5,7.54,0.0,0.0,1.1237,3487805,26072913.0,2340287978.34,2340287978.34
2011-06-15,'600814,杭州解百,7.54,7.65,7.53,7.59,7.61,-0.07,-0.9198,0.4635,1438575,10911194.0,2340287978.34,2340287978.34
2011-06-14,'600814,杭州解百,7.61,7.63,7.51,7.54,7.54,0.07,0.9284,0.492,1527090,11602271.0,2362014789.81,2362014789.81
2011-06-13,'600814,杭州解百,7.54,7.61,7.43,7.6,7.66,-0.12,-1.5666,0.5797,1799245,13490798.0,2340287978.34,2340287978.34
2011-06-10,'600814,杭州解百,7.66,7.74,7.54,7.55,7.61,0.05,0.657,1.136,3526021,26846292.0,2377533940.86,2377533940.86
2011-06-09,'600814,杭州解百,7.61,7.75,7.57,7.6,7.65,-0.04,-0.5229,1.2084,3750792,28800692.0,2362014789.81,2362014789.81
2011-06-08,'600814,杭州解百,7.65,7.65,7.5,7.61,7.65,0.0,0.0,0.5874,1823305,13823191.0,2374430110.65,2374430110.65
2011-06-07,'600814,杭州解百,7.65,7.66,7.57,7.6,7.62,0.03,0.3937,0.4241,1316414,10035019.0,2374430110.65,2374430110.65
2011-06-03,'600814,杭州解百,7.62,7.64,7.48,7.56,7.48,0.14,1.8717,0.6409,1989276,15084046.0,2365118620.02,2365118620.02
2011-06-02,'600814,杭州解百,7.48,7.63,7.43,7.6,7.69,-0.21,-2.7308,0.5771,1791096,13484952.0,2321664997.08,2321664997.08
2011-06-01,'600814,杭州解百,7.69,7.7,7.56,7.6,7.63,0.06,0.7864,0.4691,1456088,11118032.0,2386845431.49,2386845431.49
2011-05-31,'600814,杭州解百,7.63,7.64,7.46,7.5,7.5,0.13,1.7333,0.5503,1708130,12875376.0,2368222450.23,2368222450.23
2011-05-30,'600814,杭州解百,7.5,7.69,7.46,7.62,7.62,-0.12,-1.5748,0.6469,2007759,15228922.0,2327872657.5,2327872657.5
2011-05-27,'600814,杭州解百,7.62,7.85,7.62,7.85,7.89,-0.27,-3.4221,0.7569,2349199,18113815.0,2365118620.02,2365118620.02
2011-05-26,'600814,杭州解百,0.0,0.0,0.0,0.0,7.89,None,None,0.0,0,0.0,2448922035.69,2448922035.69
2011-05-25,'600814,杭州解百,7.89,8.06,7.88,8.05,8.05,-0.16,-1.9876,0.5886,1826910,14514917.0,2448922035.69,2448922035.69
2011-05-24,'600814,杭州解百,8.05,8.1,7.89,8.01,8.09,-0.04,-0.4944,0.7467,2317605,18526046.0,2498583319.05,2498583319.05
2011-05-23,'600814,杭州解百,8.09,8.45,8.07,8.4,8.47,-0.38,-4.4864,1.044,3240404,26473398.0,2510998639.89,2510998639.89
2011-05-20,'600814,杭州解百,8.47,8.52,8.35,8.48,8.48,-0.01,-0.1179,0.5633,1748359,14711312.0,2628944187.87,2628944187.87
2011-05-19,'600814,杭州解百,8.48,8.59,8.42,8.48,8.48,0.0,0.0,1.1139,3457420,29416620.0,2632048018.08,2632048018.08
2011-05-18,'600814,杭州解百,8.48,8.51,8.38,8.46,8.46,0.02,0.2364,0.7371,2287866,19328509.0,2632048018.08,2632048018.08
2011-05-17,'600814,杭州解百,8.46,8.55,8.26,8.26,8.26,0.2,2.4213,2.5236,7832674,66087240.0,2625840357.66,2625840357.66
2011-05-16,'600814,杭州解百,8.26,8.33,8.23,8.28,8.3,-0.04,-0.4819,0.4482,1391219,11529344.0,2563763753.46,2563763753.46
2011-05-13,'600814,杭州解百,8.3,8.3,8.15,8.18,8.16,0.14,1.7157,0.659,2045497,16820185.0,2576179074.3,2576179074.3
2011-05-12,'600814,杭州解百,8.16,8.37,8.13,8.29,8.32,-0.16,-1.9231,0.8951,2778322,22937881.0,2532725451.36,2532725451.36
2011-05-11,'600814,杭州解百,8.32,8.37,8.23,8.32,8.32,0.0,0.0,1.0083,3129562,26025402.0,2582386734.72,2582386734.72
2011-05-10,'600814,杭州解百,8.32,8.35,8.25,8.35,8.35,-0.03,-0.3593,0.6134,1903967,15787273.0,2582386734.72,2582386734.72
2011-05-09,'600814,杭州解百,8.35,8.41,8.22,8.23,8.23,0.12,1.4581,1.2946,4018286,33459466.0,2591698225.35,2591698225.35
2011-05-06,'600814,杭州解百,8.23,8.32,8.1,8.14,8.16,0.07,0.8578,0.8151,2529799,20838624.0,2554452262.83,2554452262.83
2011-05-05,'600814,杭州解百,8.16,8.21,8.08,8.09,8.1,0.06,0.7407,0.3669,1138689,9279536.0,2532725451.36,2532725451.36
2011-05-04,'600814,杭州解百,8.1,8.3,8.07,8.25,8.31,-0.21,-2.5271,0.6992,2170093,17713416.0,2514102470.1,2514102470.1
2011-05-03,'600814,杭州解百,8.31,8.33,8.13,8.19,8.2,0.11,1.3415,0.9662,2998995,24752892.0,2579282904.51,2579282904.51
2011-04-29,'600814,杭州解百,8.2,8.22,8.08,8.13,8.12,0.08,0.9852,0.7407,2299112,18756536.0,2545140772.2,2545140772.2
2011-04-28,'600814,杭州解百,8.12,8.41,8.12,8.3,8.32,-0.2,-2.4038,1.069,3318068,27478328.0,2520310130.52,2520310130.52
2011-04-27,'600814,杭州解百,8.32,8.36,8.16,8.27,8.22,0.1,1.2165,1.0765,3341204,27598164.0,2582386734.72,2582386734.72
2011-04-26,'600814,杭州解百,8.22,8.72,8.18,8.67,8.73,-0.51,-5.8419,2.4286,7538078,63215337.0,2551348432.62,2551348432.62
2011-04-25,'600814,杭州解百,8.73,8.8,8.56,8.61,8.62,0.11,1.2761,2.4567,7625203,66445401.0,2709643773.33,2709643773.33
2011-04-22,'600814,杭州解百,8.62,8.73,8.6,8.7,8.69,-0.07,-0.8055,1.1065,3434323,29679218.0,2675501641.02,2675501641.02
2011-04-21,'600814,杭州解百,8.69,8.76,8.6,8.63,8.62,0.07,0.8121,2.019,6266547,54527882.0,2697228452.49,2697228452.49
2011-04-20,'600814,杭州解百,8.62,8.68,8.5,8.5,8.5,0.12,1.4118,1.3614,4225666,36283892.0,2675501641.02,2675501641.02
2011-04-19,'600814,杭州解百,8.5,8.58,8.49,8.58,8.61,-0.11,-1.2776,1.1068,3435189,29304931.0,2638255678.5,2638255678.5
2011-04-18,'600814,杭州解百,8.61,8.62,8.52,8.53,8.57,0.04,0.4667,0.9769,3032112,26019306.0,2672397810.81,2672397810.81
2011-04-15,'600814,杭州解百,8.57,8.63,8.5,8.57,8.6,-0.03,-0.3488,1.0488,3255248,27825674.0,2659982489.97,2659982489.97
2011-04-14,'600814,杭州解百,8.6,8.74,8.56,8.74,8.7,-0.1,-1.1494,1.1056,3431572,29536394.0,2669293980.6,2669293980.6
2011-04-13,'600814,杭州解百,8.7,8.7,8.51,8.58,8.62,0.08,0.9281,1.2948,4018905,34579240.0,2700332282.7,2700332282.7
2011-04-12,'600814,杭州解百,8.62,8.63,8.52,8.55,8.55,0.07,0.8187,1.0687,3317201,28458861.0,2675501641.02,2675501641.02
2011-04-11,'600814,杭州解百,8.55,8.73,8.54,8.7,8.71,-0.16,-1.837,1.6344,5072822,43632668.0,2653774829.55,2653774829.55
2011-04-08,'600814,杭州解百,8.71,8.79,8.67,8.78,8.79,-0.08,-0.9101,1.5369,4770224,41577356.0,2703436112.91,2703436112.91
2011-04-07,'600814,杭州解百,8.79,8.82,8.63,8.72,8.7,0.09,1.0345,1.9535,6063346,53058071.0,2728266754.59,2728266754.59
2011-04-06,'600814,杭州解百,8.7,8.79,8.62,8.69,8.69,0.01,0.1151,1.8032,5596911,48612799.0,2700332282.7,2700332282.7
2011-04-01,'600814,杭州解百,8.69,8.77,8.54,8.56,8.6,0.09,1.0465,2.934,9106636,79076546.0,2697228452.49,2697228452.49
2011-03-31,'600814,杭州解百,8.6,8.69,8.4,8.48,8.46,0.14,1.6548,3.1558,9795001,84028219.0,2669293980.6,2669293980.6
2011-03-30,'600814,杭州解百,8.46,8.53,8.39,8.43,8.46,0.0,0.0,0.9654,2996538,25339925.0,2625840357.66,2625840357.66
2011-03-29,'600814,杭州解百,8.46,8.6,8.44,8.6,8.58,-0.12,-1.3986,1.3384,4154031,35323533.0,2625840357.66,2625840357.66
2011-03-28,'600814,杭州解百,8.58,8.64,8.5,8.63,8.56,0.02,0.2336,1.6729,5192278,44495797.0,2663086320.18,2663086320.18
2011-03-25,'600814,杭州解百,8.56,8.62,8.47,8.51,8.53,0.03,0.3517,1.6974,5268348,45106803.0,2656878659.76,2656878659.76
2011-03-24,'600814,杭州解百,8.53,8.63,8.42,8.43,8.45,0.08,0.9467,2.2956,7125303,60771674.0,2647567169.13,2647567169.13
2011-03-23,'600814,杭州解百,8.45,8.46,8.35,8.41,8.44,0.01,0.1185,1.533,4758222,40038648.0,2622736527.45,2622736527.45
2011-03-22,'600814,杭州解百,8.44,8.51,8.33,8.45,8.46,-0.02,-0.2364,0.9377,2910546,24545022.0,2619632697.24,2619632697.24
2011-03-21,'600814,杭州解百,8.46,8.5,8.36,8.42,8.43,0.03,0.3559,1.1471,3560391,29987122.0,2625840357.66,2625840357.66
2011-03-18,'600814,杭州解百,8.43,8.55,8.42,8.46,8.43,0.0,0.0,1.0331,3206700,27193734.0,2616528867.03,2616528867.03
2011-03-17,'600814,杭州解百,8.43,8.6,8.37,8.44,8.49,-0.06,-0.7067,2.3849,7402288,62942750.0,2616528867.03,2616528867.03
2011-03-16,'600814,杭州解百,8.49,8.52,8.3,8.35,8.36,0.13,1.555,1.673,5192779,43827505.0,2635151848.29,2635151848.29
2011-03-15,'600814,杭州解百,8.36,8.41,8.16,8.36,8.39,-0.03,-0.3576,1.8757,5821776,48285069.0,2594802055.56,2594802055.56
2011-03-14,'600814,杭州解百,8.39,8.45,8.31,8.36,8.39,0.0,0.0,1.1694,3629701,30386057.0,2604113546.19,2604113546.19
2011-03-11,'600814,杭州解百,8.39,8.52,8.33,8.39,8.4,-0.01,-0.119,1.54,4779755,40186864.0,2604113546.19,2604113546.19
2011-03-10,'600814,杭州解百,8.4,8.61,8.39,8.61,8.62,-0.22,-2.5522,1.8482,5736503,48684920.0,2607217376.4,2607217376.4
2011-03-09,'600814,杭州解百,8.62,8.69,8.45,8.48,8.47,0.15,1.771,3.0616,9502825,81647350.0,2675501641.02,2675501641.02
2011-03-08,'600814,杭州解百,8.47,8.47,8.39,8.44,8.44,0.03,0.3555,0.9875,3065036,25854456.0,2628944187.87,2628944187.87
2011-03-07,'600814,杭州解百,8.44,8.53,8.35,8.38,8.37,0.07,0.8363,2.1374,6634007,55917071.0,2619632697.24,2619632697.24
2011-03-04,'600814,杭州解百,8.37,8.38,8.27,8.28,8.28,0.09,1.087,0.938,2911379,24240998.0,2597905885.77,2597905885.77
2011-03-03,'600814,杭州解百,8.28,8.45,8.27,8.42,8.4,-0.12,-1.4286,1.3479,4183568,34944295.0,2569971413.88,2569971413.88
2011-03-02,'600814,杭州解百,8.4,8.42,8.28,8.34,8.38,0.02,0.2387,1.4731,4572394,38292689.0,2607217376.4,2607217376.4
2011-03-01,'600814,杭州解百,8.38,8.55,8.31,8.32,8.3,0.08,0.9639,2.4842,7710655,64913193.0,2601009715.98,2601009715.98
2011-02-28,'600814,杭州解百,8.3,8.31,8.18,8.25,8.24,0.06,0.7282,1.505,4671323,38644932.0,2576179074.3,2576179074.3
2011-02-25,'600814,杭州解百,8.24,8.25,8.11,8.18,8.2,0.04,0.4878,1.7344,5383202,43987208.0,2557556093.04,2557556093.04
2011-02-24,'600814,杭州解百,8.2,8.25,8.05,8.1,8.12,0.08,0.9852,1.0918,3388640,27662411.0,2545140772.2,2545140772.2
2011-02-23,'600814,杭州解百,8.12,8.13,8.06,8.09,8.1,0.02,0.2469,0.6844,2124285,17204026.0,2520310130.52,2520310130.52
2011-02-22,'600814,杭州解百,8.1,8.33,8.05,8.3,8.28,-0.18,-2.1739,1.0598,3289325,26864312.0,2514102470.1,2514102470.1
2011-02-21,'600814,杭州解百,8.28,8.29,8.12,8.13,8.18,0.1,1.2225,0.8228,2553973,21054211.0,2569971413.88,2569971413.88
2011-02-18,'600814,杭州解百,8.18,8.37,8.15,8.37,8.35,-0.17,-2.0359,1.1998,3723994,30726261.0,2538933111.78,2538933111.78
2011-02-17,'600814,杭州解百,8.35,8.4,8.28,8.4,8.36,-0.01,-0.1196,1.1611,3603990,30032192.0,2591698225.35,2591698225.35
2011-02-16,'600814,杭州解百,8.36,8.52,8.3,8.34,8.34,0.02,0.2398,1.1099,3444821,28776130.0,2594802055.56,2594802055.56
2011-02-15,'600814,杭州解百,8.34,8.44,8.27,8.31,8.3,0.04,0.4819,1.1796,3661150,30539621.0,2588594395.14,2588594395.14
2011-02-14,'600814,杭州解百,8.3,8.34,8.19,8.26,8.19,0.11,1.3431,1.246,3867391,31995768.0,2576179074.3,2576179074.3
2011-02-11,'600814,杭州解百,8.19,8.25,8.15,8.21,8.21,-0.02,-0.2436,0.8483,2632974,21576018.0,2542036941.99,2542036941.99
2011-02-10,'600814,杭州解百,8.21,8.39,7.92,7.92,7.95,0.26,3.2704,1.2813,3977061,32376381.0,2548244602.41,2548244602.41
2011-02-09,'600814,杭州解百,7.95,8.12,7.93,8.01,8.08,-0.13,-1.6089,0.5763,1788787,14351674.0,2467545016.95,2467545016.95
2011-02-01,'600814,杭州解百,8.08,8.15,8.0,8.09,8.09,-0.01,-0.1236,0.6452,2002641,16130754.0,2507894809.68,2507894809.68
2011-01-31,'600814,杭州解百,8.09,8.11,7.99,8.06,8.06,0.03,0.3722,0.5613,1742305,14038287.0,2510998639.89,2510998639.89
2011-01-28,'600814,杭州解百,8.06,8.08,7.95,8.0,8.0,0.06,0.75,0.5109,1585619,12713205.0,2501687149.26,2501687149.26
2011-01-27,'600814,杭州解百,8.0,8.15,7.79,7.84,7.88,0.12,1.5228,0.6433,1996694,15887382.0,2483064168.0,2483064168.0
2011-01-26,'600814,杭州解百,7.88,7.93,7.7,7.78,7.79,0.09,1.1553,0.3887,1206343,9481755.0,2445818205.48,2445818205.48
2011-01-25,'600814,杭州解百,7.79,7.98,7.65,7.92,7.93,-0.14,-1.7654,0.7942,2464949,19188108.0,2417883733.59,2417883733.59
2011-01-24,'600814,杭州解百,7.93,8.05,7.92,7.93,7.97,-0.04,-0.5019,0.7662,2378043,18997103.0,2461337356.53,2461337356.53
2011-01-21,'600814,杭州解百,7.97,8.01,7.78,7.96,7.95,0.02,0.2516,1.5346,4762996,37633822.0,2473752677.37,2473752677.37
2011-01-20,'600814,杭州解百,7.95,8.24,7.93,8.23,8.24,-0.29,-3.5194,1.2398,3848063,31159838.0,2467545016.95,2467545016.95
2011-01-19,'600814,杭州解百,8.24,8.26,8.07,8.16,8.18,0.06,0.7335,1.6071,4988121,40758431.0,2557556093.04,2557556093.04
2011-01-18,'600814,杭州解百,8.18,8.33,8.03,8.13,8.1,0.08,0.9877,1.1656,3617848,29592550.0,2538933111.78,2538933111.78
2011-01-17,'600814,杭州解百,8.1,8.53,8.0,8.51,8.51,-0.41,-4.8179,2.0062,6226954,50990295.0,2514102470.1,2514102470.1
2011-01-14,'600814,杭州解百,8.51,9.0,8.39,8.85,8.8,-0.29,-3.2955,3.756,11657890,100124000.0,2641359508.71,2641359508.71
2011-01-13,'600814,杭州解百,8.8,8.93,8.57,8.72,8.83,-0.03,-0.3398,4.7267,14670824,128072554.0,2731370584.8,2731370584.8
2011-01-12,'600814,杭州解百,8.83,8.91,8.43,8.45,8.59,0.24,2.7939,6.5071,20196973,175431818.0,2740682075.43,2740682075.43
2011-01-11,'600814,杭州解百,8.59,8.67,8.08,8.08,8.11,0.48,5.9186,5.5745,17302223,142251567.0,2666190150.39,2666190150.39
2011-01-10,'600814,杭州解百,8.11,8.32,8.08,8.25,8.33,-0.22,-2.6411,0.7691,2387276,19572293.0,2517206300.31,2517206300.31
2011-01-07,'600814,杭州解百,8.33,8.43,8.28,8.38,8.37,-0.04,-0.4779,0.7812,2424809,20256246.0,2585490564.93,2585490564.93
2011-01-06,'600814,杭州解百,8.37,8.42,8.32,8.38,8.38,-0.01,-0.1193,0.6457,2004221,16756472.0,2597905885.77,2597905885.77
2011-01-05,'600814,杭州解百,8.38,8.48,8.34,8.48,8.52,-0.14,-1.6432,0.7893,2449873,20595755.0,2601009715.98,2601009715.98
2011-01-04,'600814,杭州解百,8.52,8.55,8.4,8.49,8.46,0.06,0.7092,1.0683,3315752,28097185.0,2644463338.92,2644463338.92
2010-12-31,'600814,杭州解百,8.46,8.48,8.28,8.28,8.28,0.18,2.1739,1.1916,3698447,31072996.0,2625840357.66,2625840357.66
2010-12-30,'600814,杭州解百,8.28,8.33,8.19,8.24,8.26,0.02,0.2421,0.6662,2067881,17116513.0,2569971413.88,2569971413.88
2010-12-29,'600814,杭州解百,8.26,8.29,8.08,8.12,8.12,0.14,1.7241,0.524,1626252,13262205.0,2563763753.46,2563763753.46
2010-12-28,'600814,杭州解百,8.12,8.28,7.92,8.25,8.3,-0.18,-2.1687,1.3088,4062323,32951446.0,2520310130.52,2520310130.52
2010-12-27,'600814,杭州解百,8.3,8.54,8.26,8.45,8.48,-0.18,-2.1226,1.2886,3999548,33746237.0,2576179074.3,2576179074.3
2010-12-24,'600814,杭州解百,8.48,8.5,8.32,8.38,8.42,0.06,0.7126,1.7873,5547609,46745942.0,2632048018.08,2632048018.08
2010-12-23,'600814,杭州解百,8.42,8.5,8.35,8.38,8.39,0.03,0.3576,1.3722,4259193,35922433.0,2613425036.82,2613425036.82
2010-12-22,'600814,杭州解百,8.39,8.5,8.39,8.5,8.53,-0.14,-1.6413,0.8345,2590057,21843261.0,2604113546.19,2604113546.19
2010-12-21,'600814,杭州解百,8.53,8.54,8.32,8.47,8.52,0.01,0.1174,1.154,3581932,30320967.0,2647567169.13,2647567169.13
2010-12-20,'600814,杭州解百,8.52,8.6,8.28,8.6,8.59,-0.07,-0.8149,1.5616,4846862,40914367.0,2644463338.92,2644463338.92
2010-12-17,'600814,杭州解百,8.59,8.6,8.38,8.38,8.46,0.13,1.5366,2.1084,6544198,55543224.0,2666190150.39,2666190150.39
2010-12-16,'600814,杭州解百,8.46,8.49,8.35,8.4,8.46,0.0,0.0,1.2332,3827588,32177195.0,2625840357.66,2625840357.66
2010-12-15,'600814,杭州解百,8.46,8.48,8.24,8.28,8.29,0.17,2.0507,2.6569,8246543,69035792.0,2625840357.66,2625840357.66
2010-12-14,'600814,杭州解百,8.29,8.32,8.23,8.3,8.29,0.0,0.0,1.5965,4955298,40982395.0,2573075244.09,2573075244.09
2010-12-13,'600814,杭州解百,8.29,8.29,8.17,8.18,8.13,0.16,1.968,1.5595,4840555,39940006.0,2573075244.09,2573075244.09
2010-12-10,'600814,杭州解百,8.13,8.15,8.04,8.05,8.07,0.06,0.7435,0.6224,1931723,15645404.0,2523413960.73,2523413960.73
2010-12-09,'600814,杭州解百,8.07,8.23,8.04,8.2,8.18,-0.11,-1.3447,0.8184,2540250,20671274.0,2504790979.47,2504790979.47
2010-12-08,'600814,杭州解百,8.18,8.33,8.17,8.26,8.27,-0.09,-1.0883,1.0276,3189619,26338111.0,2538933111.78,2538933111.78
2010-12-07,'600814,杭州解百,8.27,8.29,8.11,8.2,8.24,0.03,0.3641,1.0253,3182365,26123322.0,2566867583.67,2566867583.67
2010-12-06,'600814,杭州解百,8.24,8.4,8.16,8.3,8.35,-0.11,-1.3174,2.1886,6793154,56032358.0,2557556093.04,2557556093.04
2010-12-03,'600814,杭州解百,8.35,8.76,8.3,8.52,8.51,-0.16,-1.8801,6.0798,18870581,160550683.0,2591698225.35,2591698225.35
2010-12-02,'600814,杭州解百,8.51,8.7,8.5,8.6,8.52,-0.01,-0.1174,1.4041,4358106,37606384.0,2641359508.71,2641359508.71
2010-12-01,'600814,杭州解百,8.52,8.6,8.37,8.45,8.47,0.05,0.5903,0.6297,1954431,16583959.0,2644463338.92,2644463338.92
2010-11-30,'600814,杭州解百,8.47,8.78,8.31,8.75,8.77,-0.3,-3.4208,1.6605,5153792,43881506.0,2628944187.87,2628944187.87
2010-11-29,'600814,杭州解百,8.77,8.81,8.61,8.7,8.75,0.02,0.2286,1.1674,3623557,31644537.0,2722059094.17,2722059094.17
2010-11-26,'600814,杭州解百,8.75,8.85,8.66,8.7,8.75,0.0,0.0,1.6816,5219423,45706181.0,2715851433.75,2715851433.75
2010-11-25,'600814,杭州解百,8.75,8.78,8.62,8.64,8.63,0.12,1.3905,1.7467,5421498,47270995.0,2715851433.75,2715851433.75
2010-11-24,'600814,杭州解百,8.63,8.65,8.47,8.48,8.54,0.09,1.0539,1.1271,3498301,30006311.0,2678605471.23,2678605471.23
2010-11-23,'600814,杭州解百,8.54,8.68,8.41,8.63,8.69,-0.15,-1.7261,1.2649,3926132,33495665.0,2650670999.34,2650670999.34
2010-11-22,'600814,杭州解百,8.69,8.83,8.28,8.28,8.38,0.31,3.6993,3.2519,10093362,87120491.0,2697228452.49,2697228452.49
2010-11-19,'600814,杭州解百,8.38,8.38,8.2,8.32,8.29,0.09,1.0856,1.4661,4550589,37705959.0,2601009715.98,2601009715.98
2010-11-18,'600814,杭州解百,8.29,8.35,8.18,8.27,8.23,0.06,0.729,0.963,2989007,24676881.0,2573075244.09,2573075244.09
2010-11-17,'600814,杭州解百,8.23,8.44,8.2,8.32,8.36,-0.13,-1.555,1.4495,4499148,37482301.0,2554452262.83,2554452262.83
2010-11-16,'600814,杭州解百,8.36,8.79,8.31,8.61,8.61,-0.25,-2.9036,2.2595,7013186,59815641.0,2594802055.56,2594802055.56
2010-11-15,'600814,杭州解百,8.61,8.65,8.46,8.5,8.44,0.17,2.0142,1.5101,4686948,40070785.0,2672397810.81,2672397810.81
2010-11-12,'600814,杭州解百,8.44,9.14,8.42,9.05,9.09,-0.65,-7.1507,3.9685,12317447,108395244.0,2619632697.24,2619632697.24
2010-11-11,'600814,杭州解百,9.09,9.3,9.08,9.2,9.21,-0.12,-1.3029,4.5485,14117779,129833719.0,2821381660.89,2821381660.89
2010-11-10,'600814,杭州解百,9.21,9.25,8.93,8.99,9.0,0.21,2.3333,4.821,14963555,136660016.0,2858627623.41,2858627623.41
2010-11-09,'600814,杭州解百,9.0,9.14,8.96,9.14,9.13,-0.13,-1.4239,3.053,9476024,85463086.0,2793447189.0,2793447189.0
2010-11-08,'600814,杭州解百,9.13,9.17,9.0,9.02,9.03,0.1,1.1074,4.4638,13854842,126003930.0,2833796981.73,2833796981.73
2010-11-05,'600814,杭州解百,9.03,9.06,8.9,9.05,8.98,0.05,0.5568,4.5607,14155695,127381915.0,2802758679.63,2802758679.63
2010-11-04,'600814,杭州解百,8.98,9.05,8.85,8.85,8.85,0.13,1.4689,3.2059,9950544,89136098.0,2787239528.58,2787239528.58
2010-11-03,'600814,杭州解百,8.85,8.95,8.81,8.85,8.85,0.0,0.0,2.8942,8983019,79806886.0,2746889735.85,2746889735.85
2010-11-02,'600814,杭州解百,8.85,9.08,8.71,8.77,8.81,0.04,0.454,4.6589,14460353,128560675.0,2746889735.85,2746889735.85
2010-11-01,'600814,杭州解百,8.81,8.85,8.52,8.54,8.55,0.26,3.0409,3.7382,11602849,100746965.0,2734474415.01,2734474415.01
2010-10-29,'600814,杭州解百,8.55,8.64,8.42,8.51,8.55,0.0,0.0,2.1968,6818591,57986449.0,2653774829.55,2653774829.55
2010-10-28,'600814,杭州解百,8.55,8.67,8.45,8.62,8.64,-0.09,-1.0417,2.0833,6466086,55243966.0,2653774829.55,2653774829.55
2010-10-27,'600814,杭州解百,8.64,8.82,8.61,8.75,8.78,-0.14,-1.5945,1.8428,5719721,49968198.0,2681709301.44,2681709301.44
2010-10-26,'600814,杭州解百,8.78,8.91,8.68,8.88,8.92,-0.14,-1.5695,3.1816,9875084,86381575.0,2725162924.38,2725162924.38
2010-10-25,'600814,杭州解百,8.92,9.0,8.83,8.87,8.83,0.09,1.0193,2.5411,7887182,70160255.0,2768616547.32,2768616547.32
2010-10-22,'600814,杭州解百,8.83,9.19,8.82,8.89,8.91,-0.08,-0.8979,2.6937,8360845,74546579.0,2740682075.43,2740682075.43
2010-10-21,'600814,杭州解百,8.91,8.97,8.5,8.77,8.68,0.23,2.6498,2.854,8858327,77557088.0,2765512717.11,2765512717.11
2010-10-20,'600814,杭州解百,8.68,8.85,8.53,8.58,8.73,-0.05,-0.5727,1.7194,5336618,46439928.0,2694124622.28,2694124622.28
2010-10-19,'600814,杭州解百,8.73,8.8,8.49,8.5,8.51,0.22,2.5852,2.5651,7961597,69015556.0,2709643773.33,2709643773.33
2010-10-18,'600814,杭州解百,8.51,8.53,8.22,8.46,8.46,0.05,0.591,1.8948,5881120,49196099.0,2641359508.71,2641359508.71
2010-10-15,'600814,杭州解百,8.46,8.74,8.41,8.6,8.64,-0.18,-2.0833,2.481,7700747,65836105.0,2625840357.66,2625840357.66
2010-10-14,'600814,杭州解百,8.64,9.11,8.62,9.11,9.1,-0.46,-5.0549,2.6051,8085900,71498478.0,2681709301.44,2681709301.44
2010-10-13,'600814,杭州解百,9.1,9.35,8.98,9.08,9.07,0.03,0.3308,3.1889,9897718,90090764.0,2824485491.1,2824485491.1
2010-10-12,'600814,杭州解百,9.07,9.08,8.83,8.89,8.91,0.16,1.7957,2.9164,9051915,81108798.0,2815174000.47,2815174000.47
2010-10-11,'600814,杭州解百,8.91,9.02,8.83,8.92,8.91,0.0,0.0,2.6597,8255131,73629957.0,2765512717.11,2765512717.11
2010-10-08,'600814,杭州解百,8.91,8.97,8.79,8.86,8.77,0.14,1.5964,2.2506,6985581,62202286.0,2765512717.11,2765512717.11
2010-09-30,'600814,杭州解百,8.77,8.79,8.62,8.66,8.68,0.09,1.0369,1.5551,4826828,42164022.0,2722059094.17,2722059094.17
2010-09-29,'600814,杭州解百,8.68,8.93,8.63,8.83,8.86,-0.18,-2.0316,1.8983,5892043,51701469.0,2694124622.28,2694124622.28
2010-09-28,'600814,杭州解百,8.86,9.01,8.82,8.99,9.0,-0.14,-1.5556,1.978,6139469,54670788.0,2749993566.06,2749993566.06
2010-09-27,'600814,杭州解百,9.0,9.02,8.8,8.9,8.85,0.15,1.6949,1.6885,5240820,46828019.0,2793447189.0,2793447189.0
2010-09-21,'600814,杭州解百,8.85,9.04,8.81,9.02,8.99,-0.14,-1.5573,1.7622,5469458,48624876.0,2746889735.85,2746889735.85
2010-09-20,'600814,杭州解百,8.99,9.54,8.95,9.51,9.61,-0.62,-6.4516,4.5537,14133945,130141047.0,2790343358.79,2790343358.79
2010-09-17,'600814,杭州解百,9.61,9.77,9.3,9.51,9.55,0.06,0.6283,6.6976,20788213,199186932.0,2982780831.81,2982780831.81
2010-09-16,'600814,杭州解百,9.55,9.58,9.17,9.58,9.56,-0.01,-0.1046,3.0024,9318799,87716519.0,2964157850.55,2964157850.55
2010-09-15,'600814,杭州解百,9.56,9.6,9.32,9.5,9.52,0.04,0.4202,2.6228,8140771,76990105.0,2967261680.76,2967261680.76
2010-09-14,'600814,杭州解百,9.52,9.64,9.44,9.61,9.6,-0.08,-0.8333,2.7207,8444646,80360224.0,2954846359.92,2954846359.92
2010-09-13,'600814,杭州解百,9.6,9.63,9.49,9.55,9.55,0.05,0.5236,2.7207,8444695,80895201.0,2979677001.6,2979677001.6
2010-09-10,'600814,杭州解百,9.55,9.59,9.36,9.39,9.43,0.12,1.2725,2.6549,8240442,78135204.0,2964157850.55,2964157850.55
2010-09-09,'600814,杭州解百,9.43,9.72,9.38,9.67,9.73,-0.3,-3.0832,3.8134,11835995,112924065.0,2926911888.03,2926911888.03
2010-09-08,'600814,杭州解百,9.73,9.76,9.42,9.43,9.38,0.35,3.7313,7.4214,23034880,222450243.0,3020026794.33,3020026794.33
2010-09-07,'600814,杭州解百,9.38,9.42,9.14,9.26,9.28,0.1,1.0776,3.7696,11700075,108574078.0,2911392736.98,2911392736.98
2010-09-06,'600814,杭州解百,9.28,9.37,9.18,9.3,9.29,-0.01,-0.1076,2.794,8672065,80539259.0,2880354434.88,2880354434.88
2010-09-03,'600814,杭州解百,9.29,9.42,9.12,9.24,9.29,0.0,0.0,2.9567,9177018,85280990.0,2883458265.09,2883458265.09
2010-09-02,'600814,杭州解百,9.29,9.38,9.13,9.25,9.19,0.1,1.0881,2.9349,9109285,84601491.0,2883458265.09,2883458265.09
2010-09-01,'600814,杭州解百,9.19,9.56,9.03,9.54,9.58,-0.39,-4.071,4.8412,15026305,139465629.0,2852419962.99,2852419962.99
2010-08-31,'600814,杭州解百,9.58,9.73,9.3,9.58,9.63,-0.05,-0.5192,6.5584,20356006,193333256.0,2973469341.18,2973469341.18
2010-08-30,'600814,杭州解百,9.63,9.72,9.4,9.52,9.47,0.16,1.6895,5.4197,16821872,161017521.0,2988988492.23,2988988492.23
2010-08-27,'600814,杭州解百,9.47,9.54,9.12,9.17,9.15,0.32,3.4973,4.2263,13117566,122844351.0,2939327208.87,2939327208.87
2010-08-26,'600814,杭州解百,9.15,9.34,9.11,9.14,9.12,0.03,0.3289,1.9584,6078513,56041991.0,2840004642.15,2840004642.15
2010-08-25,'600814,杭州解百,9.12,9.33,9.01,9.18,9.21,-0.09,-0.9772,2.5994,8067960,73998594.0,2830693151.52,2830693151.52
2010-08-24,'600814,杭州解百,9.21,9.39,9.13,9.32,9.3,-0.09,-0.9677,2.2624,7022169,64995667.0,2858627623.41,2858627623.41
2010-08-23,'600814,杭州解百,9.3,9.35,9.09,9.19,9.11,0.19,2.0856,3.0999,9621589,88939668.0,2886562095.3,2886562095.3
2010-08-20,'600814,杭州解百,9.11,9.33,8.92,9.32,9.4,-0.29,-3.0851,3.2263,10013889,91711870.0,2827589321.31,2827589321.31
2010-08-19,'600814,杭州解百,9.4,9.45,9.06,9.2,9.18,0.22,2.3965,4.8676,15108068,139940835.0,2917600397.4,2917600397.4
2010-08-18,'600814,杭州解百,9.18,9.28,8.85,9.0,9.01,0.17,1.8868,4.9629,15403934,139773750.0,2849316132.78,2849316132.78
2010-08-17,'600814,杭州解百,9.01,9.09,8.64,8.64,8.66,0.35,4.0416,4.7787,14832294,132585171.0,2796551019.21,2796551019.21
2010-08-16,'600814,杭州解百,8.66,8.73,8.4,8.5,8.52,0.14,1.6432,2.8825,8946794,77160326.0,2687916961.86,2687916961.86
2010-08-13,'600814,杭州解百,8.52,8.53,8.25,8.34,8.35,0.17,2.0359,1.8094,5616217,47218100.0,2644463338.92,2644463338.92
2010-08-12,'600814,杭州解百,8.35,8.6,8.32,8.44,8.55,-0.2,-2.3392,2.1536,6684409,56515315.0,2591698225.35,2591698225.35
2010-08-11,'600814,杭州解百,8.55,8.59,8.37,8.4,8.43,0.12,1.4235,1.9061,5916350,50308131.0,2653774829.55,2653774829.55
2010-08-10,'600814,杭州解百,8.43,8.79,8.42,8.79,8.7,-0.27,-3.1034,2.709,8408426,71998100.0,2616528867.03,2616528867.03
2010-08-09,'600814,杭州解百,8.7,8.82,8.53,8.63,8.64,0.06,0.6944,3.7915,11768112,102180140.0,2700332282.7,2700332282.7
2010-08-06,'600814,杭州解百,8.64,8.65,8.42,8.5,8.56,0.08,0.9346,4.6879,14550322,124737714.0,2681709301.44,2681709301.44
2010-08-05,'600814,杭州解百,8.56,8.58,8.16,8.21,8.2,0.36,4.3902,6.8017,21111459,177486399.0,2656878659.76,2656878659.76
2010-08-04,'600814,杭州解百,8.2,8.21,8.03,8.13,8.16,0.04,0.4902,1.5475,4803172,38988904.0,2545140772.2,2545140772.2
2010-08-03,'600814,杭州解百,8.16,8.45,8.15,8.45,8.35,-0.19,-2.2754,2.6522,8231839,68191216.0,2532725451.36,2532725451.36
2010-08-02,'600814,杭州解百,8.35,8.45,8.11,8.18,8.14,0.21,2.5799,2.6457,8211681,68157867.0,2591698225.35,2591698225.35
2010-07-30,'600814,杭州解百,8.14,8.16,8.01,8.11,8.11,0.03,0.3699,1.3069,4056524,32857968.0,2526517790.94,2526517790.94
2010-07-29,'600814,杭州解百,8.11,8.17,8.0,8.15,8.15,-0.04,-0.4908,1.6913,5249368,42483654.0,2517206300.31,2517206300.31
2010-07-28,'600814,杭州解百,8.15,8.2,7.95,7.95,7.99,0.16,2.0025,2.4293,7540244,61055169.0,2529621621.15,2529621621.15
2010-07-27,'600814,杭州解百,7.99,8.09,7.94,8.02,8.07,-0.08,-0.9913,1.7883,5550712,44453170.0,2479960337.79,2479960337.79
2010-07-26,'600814,杭州解百,8.07,8.08,7.93,8.06,7.98,0.09,1.1278,1.4168,4397545,35212722.0,2504790979.47,2504790979.47
2010-07-23,'600814,杭州解百,7.98,8.1,7.91,8.05,8.06,-0.08,-0.9926,1.443,4478698,35897393.0,2476856507.58,2476856507.58
2010-07-22,'600814,杭州解百,8.06,8.1,7.92,7.93,7.96,0.1,1.2563,1.4863,4613339,37075341.0,2501687149.26,2501687149.26
2010-07-21,'600814,杭州解百,7.96,8.16,7.95,8.06,8.07,-0.11,-1.3631,0.9425,2925498,23498070.0,2470648847.16,2470648847.16
2010-07-20,'600814,杭州解百,8.07,8.14,7.86,7.86,7.91,0.16,2.0228,1.1193,3474041,27825848.0,2504790979.47,2504790979.47
2010-07-19,'600814,杭州解百,7.91,7.92,7.7,7.7,7.81,0.1,1.2804,0.8773,2723098,21414146.0,2455129696.11,2455129696.11
2010-07-16,'600814,杭州解百,7.81,7.82,7.41,7.75,7.76,0.05,0.6443,0.4606,1429574,10986347.0,2424091394.01,2424091394.01
2010-07-15,'600814,杭州解百,7.76,7.85,7.67,7.73,7.81,-0.05,-0.6402,0.7894,2450010,19088121.0,2408572242.96,2408572242.96
2010-07-14,'600814,杭州解百,7.81,7.87,7.71,7.74,7.75,0.06,0.7742,0.7003,2173668,16978588.0,2424091394.01,2424091394.01
2010-07-13,'600814,杭州解百,7.75,7.95,7.65,7.81,7.87,-0.12,-1.5248,0.5803,1801284,13975317.0,2405468412.75,2405468412.75
2010-07-12,'600814,杭州解百,7.87,7.96,7.72,7.81,7.78,0.09,1.1568,1.4815,4598378,36266824.0,2442714375.27,2442714375.27
2010-07-09,'600814,杭州解百,7.78,7.98,7.58,7.72,7.66,0.12,1.5666,1.3162,4085233,31863232.0,2414779903.38,2414779903.38
2010-07-08,'600814,杭州解百,7.66,7.77,7.56,7.66,7.63,0.03,0.3932,0.5659,1756400,13470551.0,2377533940.86,2377533940.86
2010-07-07,'600814,杭州解百,7.63,7.64,7.46,7.58,7.56,0.07,0.9259,0.5749,1784495,13516949.0,2368222450.23,2368222450.23
2010-07-06,'600814,杭州解百,7.56,7.63,7.3,7.35,7.35,0.21,2.8571,0.5522,1713798,12845830.0,2346495638.76,2346495638.76
2010-07-05,'600814,杭州解百,7.35,7.44,7.2,7.3,7.39,-0.04,-0.5413,0.2831,878710,6419773.0,2281315204.35,2281315204.35
2010-07-02,'600814,杭州解百,7.39,7.47,7.1,7.43,7.43,-0.04,-0.5384,0.6692,2076932,15136653.0,2293730525.19,2293730525.19
2010-07-01,'600814,杭州解百,7.43,7.63,7.43,7.51,7.6,-0.17,-2.2368,0.2555,793097,5951755.0,2306145846.03,2306145846.03
2010-06-30,'600814,杭州解百,7.6,7.7,7.4,7.7,7.71,-0.11,-1.4267,0.7202,2235292,16920706.0,2358910959.6,2358910959.6
2010-06-29,'600814,杭州解百,7.71,8.16,7.7,8.07,8.07,-0.36,-4.461,0.5288,1641334,12901753.0,2393053091.91,2393053091.91
2010-06-28,'600814,杭州解百,8.07,8.2,8.06,8.17,8.15,-0.08,-0.9816,0.2819,875100,7098789.0,2504790979.47,2504790979.47
2010-06-25,'600814,杭州解百,8.15,8.24,8.04,8.16,8.17,-0.02,-0.2448,0.4928,1529453,12387112.0,2529621621.15,2529621621.15
2010-06-24,'600814,杭州解百,8.17,8.26,8.1,8.16,8.16,0.01,0.1225,0.9146,2838763,23108957.0,2535829281.57,2535829281.57
2010-06-23,'600814,杭州解百,8.16,8.26,8.07,8.22,8.23,-0.07,-0.8505,0.596,1849907,15079090.0,2532725451.36,2532725451.36
2010-06-22,'600814,杭州解百,8.23,8.27,8.17,8.2,8.2,0.03,0.3659,0.5752,1785221,14681435.0,2554452262.83,2554452262.83
2010-06-21,'600814,杭州解百,8.2,8.23,8.0,8.02,8.02,0.18,2.2444,0.7628,2367493,19306190.0,2545140772.2,2545140772.2
2010-06-18,'600814,杭州解百,8.02,8.32,7.95,8.31,8.33,-0.31,-3.7215,0.7746,2404189,19498591.0,2489271828.42,2489271828.42
2010-06-17,'600814,杭州解百,8.33,8.59,8.28,8.55,8.52,-0.19,-2.23,0.7128,2212341,18633962.0,2585490564.93,2585490564.93
2010-06-11,'600814,杭州解百,8.52,8.56,8.38,8.53,8.53,-0.01,-0.1172,0.9658,2997832,25388678.0,2644463338.92,2644463338.92
2010-06-10,'600814,杭州解百,8.53,8.6,8.43,8.51,8.52,0.01,0.1174,1.2625,3918505,33414680.0,2647567169.13,2647567169.13
2010-06-09,'600814,杭州解百,8.52,8.57,8.3,8.3,8.28,0.24,2.8986,1.6781,5208564,44028976.0,2644463338.92,2644463338.92
2010-06-08,'600814,杭州解百,8.28,8.31,8.15,8.2,8.18,0.1,1.2225,1.2122,3762583,31000617.0,2569971413.88,2569971413.88
2010-06-07,'600814,杭州解百,8.18,8.27,7.92,8.0,8.16,0.02,0.2451,0.7173,2226423,18129286.0,2538933111.78,2538933111.78
2010-06-04,'600814,杭州解百,8.16,8.23,8.1,8.16,8.17,-0.01,-0.1224,0.4675,1450961,11856691.0,2532725451.36,2532725451.36
2010-06-03,'600814,杭州解百,8.17,8.36,8.08,8.22,8.21,-0.04,-0.4872,1.2144,3769290,30982800.0,2535829281.57,2535829281.57
2010-06-02,'600814,杭州解百,8.21,8.24,7.91,8.1,8.25,-0.04,-0.4848,0.77,2390058,19393622.0,2548244602.41,2548244602.41
2010-06-01,'600814,杭州解百,8.25,8.36,7.7,8.32,8.36,-0.11,-1.3158,1.9096,5927127,47752689.0,2560659923.25,2560659923.25
2010-05-31,'600814,杭州解百,8.36,8.67,8.33,8.57,8.62,-0.26,-3.0162,1.264,3923290,33481583.0,2594802055.56,2594802055.56
2010-05-28,'600814,杭州解百,8.62,8.63,8.47,8.5,8.46,0.16,1.8913,1.5382,4774311,40844108.0,2675501641.02,2675501641.02
2010-05-27,'600814,杭州解百,8.46,8.52,8.18,8.44,8.4,0.06,0.7143,1.5629,4850969,40494125.0,2625840357.66,2625840357.66
2010-05-26,'600814,杭州解百,0.0,0.0,0.0,0.0,8.4,None,None,0.0,0,0.0,2607217376.4,2607217376.4
2010-05-25,'600814,杭州解百,8.4,8.72,8.31,8.72,8.72,-0.32,-3.6697,1.4435,4480371,38041118.0,2607217376.4,2607217376.4
2010-05-24,'600814,杭州解百,8.72,8.8,8.4,8.49,8.48,0.24,2.8302,1.7719,5499667,47744768.0,2706539943.12,2706539943.12
2010-05-21,'600814,杭州解百,8.48,8.5,8.12,8.2,8.44,0.04,0.4739,1.6205,5029841,41933927.0,2632048018.08,2632048018.08
2010-05-20,'600814,杭州解百,8.44,8.57,8.24,8.44,8.51,-0.07,-0.8226,1.0484,3254128,27389411.0,2619632697.24,2619632697.24
2010-05-19,'600814,杭州解百,8.51,8.64,8.35,8.42,8.46,0.05,0.591,1.1136,3456572,29489159.0,2641359508.71,2641359508.71
2010-05-18,'600814,杭州解百,8.46,8.6,8.19,8.2,8.32,0.14,1.6827,1.1935,3704414,31048400.0,2625840357.66,2625840357.66
2010-05-17,'600814,杭州解百,8.32,9.04,8.15,8.9,9.03,-0.71,-7.8627,1.4551,4516499,39172128.0,2582386734.72,2582386734.72
2010-05-14,'600814,杭州解百,9.03,9.1,8.72,8.8,8.82,0.21,2.381,2.3459,7281253,65259263.0,2802758679.63,2802758679.63
2010-05-13,'600814,杭州解百,8.82,8.85,8.42,8.63,8.6,0.22,2.5581,2.2396,6951491,60433933.0,2737578245.22,2737578245.22
2010-05-12,'600814,杭州解百,8.6,9.0,8.38,8.83,8.99,-0.39,-4.3382,2.0037,6219216,53869549.0,2669293980.6,2669293980.6
2010-05-11,'600814,杭州解百,8.99,9.35,8.91,9.25,9.18,-0.19,-2.0697,2.0045,6221576,56459384.0,2790343358.79,2790343358.79
2010-05-10,'600814,杭州解百,9.18,9.43,8.93,9.38,9.36,-0.18,-1.9231,1.5132,4696831,43099712.0,2849316132.78,2849316132.78
2010-05-07,'600814,杭州解百,9.36,9.55,8.89,9.05,9.26,0.1,1.0799,2.3914,7422456,68987641.0,2905185076.56,2905185076.56
2010-05-06,'600814,杭州解百,9.26,9.57,9.21,9.43,9.49,-0.23,-2.4236,1.855,5757674,53986485.0,2874146774.46,2874146774.46
2010-05-05,'600814,杭州解百,9.49,9.53,9.2,9.24,9.3,0.19,2.043,1.9107,5930556,55551775.0,2945534869.29,2945534869.29
2010-05-04,'600814,杭州解百,9.3,9.41,9.14,9.2,9.33,-0.03,-0.3215,0.9657,2997321,27934240.0,2886562095.3,2886562095.3
2010-04-30,'600814,杭州解百,9.33,9.57,9.05,9.47,9.55,-0.22,-2.3037,2.3787,7383150,68478914.0,2895873585.93,2895873585.93
2010-04-29,'600814,杭州解百,9.55,9.88,9.48,9.48,9.46,0.09,0.9514,4.2922,13322412,129246731.0,2964157850.55,2964157850.55
2010-04-28,'600814,杭州解百,9.46,9.52,9.27,9.38,9.47,-0.01,-0.1056,1.4278,4431774,41781097.0,2936223378.66,2936223378.66
2010-04-27,'600814,杭州解百,9.47,9.52,9.16,9.51,9.51,-0.04,-0.4206,2.0429,6340685,59221388.0,2939327208.87,2939327208.87
2010-04-26,'600814,杭州解百,9.51,9.65,9.45,9.54,9.45,0.06,0.6349,2.0025,6215519,59377901.0,2951742529.71,2951742529.71
2010-04-23,'600814,杭州解百,9.45,9.61,9.37,9.4,9.48,-0.03,-0.3165,1.6735,5194265,49316869.0,2933119548.45,2933119548.45
2010-04-22,'600814,杭州解百,9.48,9.61,9.3,9.48,9.5,-0.02,-0.2105,1.9323,5997573,56725469.0,2942431039.08,2942431039.08
2010-04-21,'600814,杭州解百,9.5,9.55,9.26,9.26,9.31,0.19,2.0408,1.7005,5278205,49900487.0,2948638699.5,2948638699.5
2010-04-20,'600814,杭州解百,9.31,9.35,9.1,9.23,9.29,0.02,0.2153,1.5508,4813462,44341288.0,2889665925.51,2889665925.51
2010-04-19,'600814,杭州解百,9.29,9.68,9.1,9.65,9.72,-0.43,-4.4239,2.9098,9031618,85537732.0,2883458265.09,2883458265.09
2010-04-16,'600814,杭州解百,9.72,10.01,9.7,10.01,10.04,-0.32,-3.1873,1.56,4842088,47672908.0,3016922964.12,3016922964.12
2010-04-15,'600814,杭州解百,10.04,10.14,9.78,10.03,9.98,0.06,0.6012,2.705,8395983,83604998.0,3116245530.84,3116245530.84
2010-04-14,'600814,杭州解百,9.98,10.15,9.88,9.95,10.01,-0.03,-0.2997,3.1446,9760238,97811248.0,3097622549.58,3097622549.58
2010-04-13,'600814,杭州解百,10.01,10.11,9.52,9.9,9.87,0.14,1.4184,4.5756,14201955,139816176.0,3106934040.21,3106934040.21
2010-04-12,'600814,杭州解百,9.87,9.9,9.45,9.45,9.41,0.46,4.8884,4.1091,12753915,124204658.0,3063480417.27,3063480417.27
2010-04-09,'600814,杭州解百,9.41,9.51,9.37,9.46,9.38,0.03,0.3198,1.258,3904707,36840754.0,2920704227.61,2920704227.61
2010-04-08,'600814,杭州解百,9.38,9.6,9.33,9.53,9.58,-0.2,-2.0877,1.6102,4997780,47194152.0,2911392736.98,2911392736.98
2010-04-07,'600814,杭州解百,9.58,9.76,9.51,9.61,9.67,-0.09,-0.9307,2.0825,6463698,62295402.0,2973469341.18,2973469341.18
2010-04-06,'600814,杭州解百,9.67,9.76,9.45,9.56,9.54,0.13,1.3627,3.337,10357504,99657508.0,3001403813.07,3001403813.07
2010-04-02,'600814,杭州解百,9.54,9.62,9.37,9.6,9.59,-0.05,-0.5214,2.6174,8124080,77009862.0,2961054020.34,2961054020.34
2010-04-01,'600814,杭州解百,9.59,9.63,9.4,9.4,9.45,0.14,1.4815,2.7793,8626454,82387944.0,2976573171.39,2976573171.39
2010-03-31,'600814,杭州解百,9.45,9.59,9.31,9.34,9.37,0.08,0.8538,2.1016,6523153,61882190.0,2933119548.45,2933119548.45
2010-03-30,'600814,杭州解百,9.37,9.51,9.35,9.42,9.45,-0.08,-0.8466,1.5449,4795137,45163336.0,2908288906.77,2908288906.77
2010-03-29,'600814,杭州解百,9.45,9.59,9.29,9.59,9.45,0.0,0.0,2.6761,8306183,78222250.0,2933119548.45,2933119548.45
2010-03-26,'600814,杭州解百,9.45,9.63,9.1,9.21,9.27,0.18,1.9417,4.0321,12515094,118027422.0,2933119548.45,2933119548.45
2010-03-25,'600814,杭州解百,9.27,9.37,9.15,9.25,9.25,0.02,0.2162,3.1732,9849103,91326569.0,2877250604.67,2877250604.67
2010-03-24,'600814,杭州解百,9.25,9.3,9.06,9.14,9.14,0.11,1.2035,3.0629,9506769,87530727.0,2871042944.25,2871042944.25
2010-03-23,'600814,杭州解百,9.14,9.25,9.07,9.16,9.19,-0.05,-0.5441,1.9943,6190043,56819914.0,2836900811.94,2836900811.94
2010-03-22,'600814,杭州解百,9.19,9.24,9.1,9.12,9.14,0.05,0.547,2.3541,7306584,67060290.0,2852419962.99,2852419962.99
2010-03-19,'600814,杭州解百,9.14,9.15,9.0,9.02,9.05,0.09,0.9945,1.4681,4556861,41468544.0,2836900811.94,2836900811.94
2010-03-18,'600814,杭州解百,9.05,9.12,8.95,9.05,9.0,0.05,0.5556,1.4541,4513157,40874198.0,2808966340.05,2808966340.05
2010-03-17,'600814,杭州解百,9.0,9.07,8.85,8.9,8.88,0.12,1.3514,1.4065,4365539,39236232.0,2793447189.0,2793447189.0
2010-03-16,'600814,杭州解百,8.88,8.89,8.71,8.82,8.79,0.09,1.0239,0.8364,2596019,22906833.0,2756201226.48,2756201226.48
2010-03-15,'600814,杭州解百,8.79,8.83,8.68,8.68,8.68,0.11,1.2673,1.2752,3958074,34674233.0,2728266754.59,2728266754.59
2010-03-12,'600814,杭州解百,8.68,8.86,8.58,8.85,8.84,-0.16,-1.81,1.6012,4969746,43329940.0,2694124622.28,2694124622.28
2010-03-11,'600814,杭州解百,8.84,9.08,8.7,9.07,9.02,-0.18,-1.9956,2.2324,6929110,61432103.0,2743785905.64,2743785905.64
2010-03-10,'600814,杭州解百,9.02,9.24,8.94,9.14,9.19,-0.17,-1.8498,2.2406,6954294,63099711.0,2799654849.42,2799654849.42
2010-03-09,'600814,杭州解百,9.19,9.28,9.1,9.15,9.15,0.04,0.4372,3.2922,10218397,94118236.0,2852419962.99,2852419962.99
2010-03-08,'600814,杭州解百,9.15,9.16,8.88,8.96,8.94,0.21,2.349,2.0847,6470434,58652171.0,2840004642.15,2840004642.15
2010-03-05,'600814,杭州解百,8.94,9.04,8.78,8.82,8.78,0.16,1.8223,2.1152,6565281,58606821.0,2774824207.74,2774824207.74
2010-03-04,'600814,杭州解百,8.78,9.26,8.74,9.26,9.23,-0.45,-4.8754,3.0937,9602381,86415979.0,2725162924.38,2725162924.38
2010-03-03,'600814,杭州解百,9.23,9.26,9.1,9.13,9.19,0.04,0.4353,2.7004,8381609,77103188.0,2864835283.83,2864835283.83
2010-03-02,'600814,杭州解百,9.19,9.31,9.06,9.31,9.17,0.02,0.2181,2.4083,7474939,68381334.0,2852419962.99,2852419962.99
2010-03-01,'600814,杭州解百,9.17,9.21,8.91,8.94,8.93,0.24,2.6876,3.6074,11196808,102192391.0,2846212302.57,2846212302.57
2010-02-26,'600814,杭州解百,8.93,9.08,8.92,9.02,9.04,-0.11,-1.2168,1.7952,5572017,50018402.0,2771720377.53,2771720377.53
2010-02-25,'600814,杭州解百,9.04,9.15,8.92,8.98,9.0,0.04,0.4444,3.8419,11924489,108004984.0,2805862509.84,2805862509.84
2010-02-24,'600814,杭州解百,9.0,9.05,8.76,8.76,8.76,0.24,2.7397,3.5693,11078602,99239017.0,2793447189.0,2793447189.0
2010-02-23,'600814,杭州解百,8.76,8.82,8.63,8.8,8.77,-0.01,-0.114,1.7461,5419682,47436693.0,2718955263.96,2718955263.96
2010-02-22,'600814,杭州解百,8.77,8.85,8.65,8.77,8.77,0.0,0.0,1.0624,3297640,28936976.0,2722059094.17,2722059094.17
2010-02-12,'600814,杭州解百,8.77,8.89,8.71,8.85,8.67,0.1,1.1534,1.5553,4827360,42466210.0,2722059094.17,2722059094.17
2010-02-11,'600814,杭州解百,8.67,8.76,8.63,8.73,8.74,-0.07,-0.8009,0.9689,3007171,26157727.0,2691020792.07,2691020792.07
2010-02-10,'600814,杭州解百,8.74,8.79,8.63,8.65,8.62,0.12,1.3921,2.3363,7251598,63233181.0,2712747603.54,2712747603.54
2010-02-09,'600814,杭州解百,8.62,8.69,8.48,8.52,8.63,-0.01,-0.1159,0.9305,2888262,24833957.0,2675501641.02,2675501641.02
2010-02-08,'600814,杭州解百,8.63,8.74,8.51,8.61,8.52,0.11,1.2911,0.7932,2462007,21265271.0,2678605471.23,2678605471.23
2010-02-05,'600814,杭州解百,8.52,8.78,8.4,8.45,8.66,-0.14,-1.6166,1.3873,4305846,37023597.0,2644463338.92,2644463338.92
2010-02-04,'600814,杭州解百,8.66,8.8,8.42,8.58,8.55,0.11,1.2865,2.0459,6350249,54869888.0,2687916961.86,2687916961.86
2010-02-03,'600814,杭州解百,8.55,8.57,8.15,8.57,8.55,0.0,0.0,2.7282,8467930,71174654.0,2653774829.55,2653774829.55
2010-02-02,'600814,杭州解百,8.55,9.16,8.51,9.08,9.1,-0.55,-6.044,3.1337,9726570,86635364.0,2653774829.55,2653774829.55
2010-02-01,'600814,杭州解百,9.1,9.14,8.88,8.93,8.97,0.13,1.4493,3.3394,10365015,93503561.0,2824485491.1,2824485491.1
2010-01-29,'600814,杭州解百,8.97,9.14,8.82,8.89,8.88,0.09,1.0135,2.4724,7673995,69322297.0,2784135698.37,2784135698.37
2010-01-28,'600814,杭州解百,8.88,8.9,8.66,8.69,8.7,0.18,2.069,1.2651,3926562,34582416.0,2756201226.48,2756201226.48
2010-01-27,'600814,杭州解百,8.7,8.84,8.59,8.73,8.69,0.01,0.1151,1.2209,3789400,33084199.0,2700332282.7,2700332282.7
2010-01-26,'600814,杭州解百,8.69,8.95,8.56,8.88,8.89,-0.2,-2.2497,1.6703,5184398,45364856.0,2697228452.49,2697228452.49
2010-01-25,'600814,杭州解百,8.89,9.04,8.75,8.8,8.88,0.01,0.1126,1.6909,5248175,46941374.0,2759305056.69,2759305056.69
2010-01-22,'600814,杭州解百,8.88,9.0,8.57,8.79,8.9,-0.02,-0.2247,2.1529,6682167,59022816.0,2756201226.48,2756201226.48
2010-01-21,'600814,杭州解百,8.9,9.0,8.7,8.82,8.79,0.11,1.2514,1.9763,6134107,54443220.0,2762408886.9,2762408886.9
2010-01-20,'600814,杭州解百,8.79,9.17,8.75,9.07,9.13,-0.34,-3.724,2.9371,9116337,81064495.0,2728266754.59,2728266754.59
2010-01-19,'600814,杭州解百,9.13,9.35,9.1,9.28,9.31,-0.18,-1.9334,2.8203,8753585,80480948.0,2833796981.73,2833796981.73
2010-01-18,'600814,杭州解百,9.31,9.35,9.11,9.13,9.12,0.19,2.0833,3.5615,11054201,102514883.0,2889665925.51,2889665925.51
2010-01-15,'600814,杭州解百,9.12,9.27,9.06,9.15,9.16,-0.04,-0.4367,2.4899,7728243,70756630.0,2830693151.52,2830693151.52
2010-01-14,'600814,杭州解百,9.16,9.24,8.8,8.95,8.93,0.23,2.5756,4.3726,13571877,122980472.0,2843108472.36,2843108472.36
2010-01-13,'600814,杭州解百,8.93,9.02,8.75,8.78,8.96,-0.03,-0.3348,2.2126,6867656,60973892.0,2771720377.53,2771720377.53
2010-01-12,'600814,杭州解百,8.96,8.97,8.73,8.8,8.84,0.12,1.3575,2.3502,7294567,64752567.0,2781031868.16,2781031868.16
2010-01-11,'600814,杭州解百,8.84,8.85,8.6,8.7,8.7,0.14,1.6092,2.1628,6713102,58460822.0,2743785905.64,2743785905.64
2010-01-08,'600814,杭州解百,8.7,8.73,8.45,8.47,8.47,0.23,2.7155,2.2075,6851721,59124980.0,2700332282.7,2700332282.7
2010-01-07,'600814,杭州解百,8.47,8.84,8.43,8.79,8.73,-0.26,-2.9782,3.1176,9676517,83327975.0,2628944187.87,2628944187.87
2010-01-06,'600814,杭州解百,8.73,8.9,8.72,8.9,8.9,-0.17,-1.9101,2.6646,8270572,72949057.0,2709643773.33,2709643773.33
2010-01-05,'600814,杭州解百,8.9,9.03,8.78,9.0,9.02,-0.12,-1.3304,2.7679,8591226,76231953.0,2762408886.9,2762408886.9
2010-01-04,'600814,杭州解百,9.02,9.11,8.86,8.96,8.93,0.09,1.0078,2.7575,8558717,77039897.0,2799654849.42,2799654849.42
2009-12-31,'600814,杭州解百,8.93,9.02,8.78,8.93,8.94,-0.01,-0.1119,2.8064,8710623,77515108.0,2771720377.53,2771720377.53
2009-12-30,'600814,杭州解百,8.94,9.21,8.82,9.16,9.14,-0.2,-2.1882,3.1195,9682279,87041765.0,2774824207.74,2774824207.74
2009-12-29,'600814,杭州解百,9.14,9.19,9.0,9.06,9.08,0.06,0.6608,2.7176,8434967,76834519.0,2836900811.94,2836900811.94
2009-12-28,'600814,杭州解百,9.08,9.21,8.95,9.02,9.02,0.06,0.6652,2.762,8572763,77889762.0,2818277830.68,2818277830.68
2009-12-25,'600814,杭州解百,9.02,9.15,8.9,8.98,9.05,-0.03,-0.3315,2.988,9274090,83631555.0,2799654849.42,2799654849.42
2009-12-24,'600814,杭州解百,9.05,9.31,8.95,8.95,8.99,0.06,0.6674,6.6459,20627648,188092337.0,2808966340.05,2808966340.05
2009-12-23,'600814,杭州解百,8.99,9.0,8.58,8.59,8.6,0.39,4.5349,3.3342,10348791,91352398.0,2790343358.79,2790343358.79
2009-12-22,'600814,杭州解百,8.6,8.8,8.55,8.78,8.77,-0.17,-1.9384,2.1706,6737321,58458862.0,2669293980.6,2669293980.6
2009-12-21,'600814,杭州解百,8.77,8.79,8.49,8.6,8.69,0.08,0.9206,2.2023,6835416,59205705.0,2722059094.17,2722059094.17
2009-12-18,'600814,杭州解百,8.69,8.78,8.36,8.68,8.77,-0.08,-0.9122,2.9087,9028180,77792603.0,2697228452.49,2697228452.49
2009-12-17,'600814,杭州解百,8.77,9.01,8.66,8.88,8.91,-0.14,-1.5713,2.1625,6712152,59247224.0,2722059094.17,2722059094.17
2009-12-16,'600814,杭州解百,8.91,9.05,8.78,9.0,9.02,-0.11,-1.2195,2.0868,6477176,57652408.0,2765512717.11,2765512717.11
2009-12-15,'600814,杭州解百,9.02,9.19,8.85,8.88,8.94,0.08,0.8949,2.9322,9101157,82753690.0,2799654849.42,2799654849.42
2009-12-14,'600814,杭州解百,8.94,9.05,8.7,9.05,9.04,-0.1,-1.1062,2.6296,8161785,72377054.0,2774824207.74,2774824207.74
2009-12-11,'600814,杭州解百,9.04,9.17,8.84,8.92,8.9,0.14,1.573,3.9255,12184095,110527613.0,2805862509.84,2805862509.84
2009-12-10,'600814,杭州解百,8.9,8.95,8.75,8.83,8.8,0.1,1.1364,2.0491,6360206,56308256.0,2762408886.9,2762408886.9
2009-12-09,'600814,杭州解百,8.8,8.91,8.65,8.8,8.97,-0.17,-1.8952,3.0642,9510693,83391757.0,2731370584.8,2731370584.8
2009-12-08,'600814,杭州解百,8.97,9.18,8.57,8.89,8.94,0.03,0.3356,4.9293,15299836,138011312.0,2784135698.37,2784135698.37
2009-12-07,'600814,杭州解百,8.94,8.96,8.67,8.68,8.7,0.24,2.7586,3.7851,11748172,103847788.0,2774824207.74,2774824207.74
2009-12-04,'600814,杭州解百,8.7,8.9,8.32,8.7,8.78,-0.08,-0.9112,4.7045,14602061,125640062.0,2700332282.7,2700332282.7
2009-12-03,'600814,杭州解百,8.78,8.82,8.51,8.58,8.63,0.15,1.7381,3.3457,10384341,90572386.0,2725162924.38,2725162924.38
2009-12-02,'600814,杭州解百,8.63,8.69,8.5,8.63,8.61,0.02,0.2323,3.3625,10436725,89773964.0,2678605471.23,2678605471.23
2009-12-01,'600814,杭州解百,8.61,8.65,8.33,8.4,8.45,0.16,1.8935,5.3201,16512543,140582031.0,2672397810.81,2672397810.81
2009-11-30,'600814,杭州解百,8.45,8.45,8.04,8.08,8.01,0.44,5.4931,4.9424,15340486,127837432.0,2622736527.45,2622736527.45
2009-11-27,'600814,杭州解百,8.01,8.2,7.88,8.06,8.19,-0.18,-2.1978,2.9286,9089863,73010855.0,2486167998.21,2486167998.21
2009-11-26,'600814,杭州解百,8.19,8.44,8.08,8.34,8.34,-0.15,-1.7986,4.2694,13251410,109535774.0,2542036941.99,2542036941.99
2009-11-25,'600814,杭州解百,8.34,8.38,7.9,7.95,7.88,0.46,5.8376,3.9764,12342015,100676413.0,2588594395.14,2588594395.14
2009-11-24,'600814,杭州解百,7.88,8.49,7.82,8.46,8.45,-0.57,-6.7456,4.3701,13563948,110978312.0,2445818205.48,2445818205.48
2009-11-23,'600814,杭州解百,8.45,8.46,8.25,8.31,8.32,0.13,1.5625,3.1465,9766163,81514142.0,2622736527.45,2622736527.45
2009-11-20,'600814,杭州解百,8.32,8.47,8.2,8.3,8.33,-0.01,-0.12,3.1125,9660721,80787921.0,2582386734.72,2582386734.72
2009-11-19,'600814,杭州解百,8.33,8.38,8.1,8.11,8.1,0.23,2.8395,3.4696,10769036,89028689.0,2585490564.93,2585490564.93
2009-11-18,'600814,杭州解百,8.1,8.29,8.02,8.28,8.26,-0.16,-1.937,4.3412,13474317,109466065.0,2514102470.1,2514102470.1
2009-11-17,'600814,杭州解百,8.26,8.35,8.15,8.24,8.26,0.0,0.0,2.8068,8711899,71880744.0,2563763753.46,2563763753.46
2009-11-16,'600814,杭州解百,8.26,8.27,8.1,8.2,8.17,0.09,1.1016,4.7959,14885752,121722758.0,2563763753.46,2563763753.46
2009-11-13,'600814,杭州解百,8.17,8.19,7.82,7.88,7.93,0.24,3.0265,4.2172,13089523,105140576.0,2535829281.57,2535829281.57
2009-11-12,'600814,杭州解百,7.93,8.04,7.8,7.87,7.86,0.07,0.8906,3.5906,11144762,88342843.0,2461337356.53,2461337356.53
2009-11-11,'600814,杭州解百,7.86,7.94,7.74,7.85,7.89,-0.03,-0.3802,2.0047,6222201,48693240.0,2439610545.06,2439610545.06
2009-11-10,'600814,杭州解百,7.89,7.95,7.71,7.8,7.75,0.14,1.8065,3.9416,12234180,96306264.0,2448922035.69,2448922035.69
2009-11-09,'600814,杭州解百,7.75,7.89,7.62,7.85,7.83,-0.08,-1.0217,2.3654,7341829,56788396.0,2405468412.75,2405468412.75
2009-11-06,'600814,杭州解百,7.83,7.92,7.74,7.77,7.75,0.08,1.0323,3.8695,12010197,94176063.0,2430299054.43,2430299054.43
2009-11-05,'600814,杭州解百,7.75,7.78,7.6,7.77,7.73,0.02,0.2587,2.17,6735357,51870939.0,2405468412.75,2405468412.75
2009-11-04,'600814,杭州解百,7.73,7.8,7.59,7.61,7.62,0.11,1.4436,3.943,12238251,94499496.0,2399260752.33,2399260752.33
2009-11-03,'600814,杭州解百,7.62,7.68,7.5,7.56,7.56,0.06,0.7937,3.8148,11840439,89863675.0,2365118620.02,2365118620.02
2009-11-02,'600814,杭州解百,7.56,7.6,7.16,7.25,7.35,0.21,2.8571,3.8116,11830678,88548230.0,2346495638.76,2346495638.76
2009-10-30,'600814,杭州解百,7.35,7.43,7.19,7.2,7.14,0.21,2.9412,2.258,7008425,51555795.0,2281315204.35,2281315204.35
2009-10-29,'600814,杭州解百,7.14,7.31,7.12,7.31,7.39,-0.25,-3.3829,1.828,5673911,40942499.0,2216134769.94,2216134769.94
2009-10-28,'600814,杭州解百,7.39,7.47,7.25,7.35,7.37,0.02,0.2714,2.2042,6841334,50457241.0,2293730525.19,2293730525.19
2009-10-27,'600814,杭州解百,7.37,7.58,7.3,7.31,7.38,-0.01,-0.1355,3.6339,11279109,83975512.0,2287522864.77,2287522864.77
2009-10-26,'600814,杭州解百,7.38,7.57,7.35,7.52,7.5,-0.12,-1.6,2.3581,7319150,54468257.0,2290626694.98,2290626694.98
2009-10-23,'600814,杭州解百,7.5,7.54,7.35,7.35,7.38,0.12,1.626,3.7064,11504072,85693708.0,2327872657.5,2327872657.5
2009-10-22,'600814,杭州解百,7.38,7.45,7.24,7.34,7.38,0.0,0.0,2.6978,8373412,61630314.0,2290626694.98,2290626694.98
2009-10-21,'600814,杭州解百,7.38,7.45,7.28,7.35,7.36,0.02,0.2717,2.8065,8710827,64089857.0,2290626694.98,2290626694.98
2009-10-20,'600814,杭州解百,7.36,7.4,7.29,7.32,7.32,0.04,0.5464,2.849,8842665,64971876.0,2284419034.56,2284419034.56
2009-10-19,'600814,杭州解百,7.32,7.33,7.12,7.15,7.18,0.14,1.9499,2.6996,8379037,60776070.0,2272003713.72,2272003713.72
2009-10-16,'600814,杭州解百,7.18,7.29,7.09,7.15,7.22,-0.04,-0.554,2.2969,7129157,51236374.0,2228550090.78,2228550090.78
2009-10-15,'600814,杭州解百,7.22,7.24,7.02,7.09,7.07,0.15,2.1216,2.3873,7409677,52562654.0,2240965411.62,2240965411.62
2009-10-14,'600814,杭州解百,7.07,7.14,7.01,7.06,7.03,0.04,0.569,2.0397,6330978,44824825.0,2194407958.47,2194407958.47
2009-10-13,'600814,杭州解百,7.03,7.03,6.91,6.94,7.04,-0.01,-0.142,1.652,5127546,35709780.0,2181992637.63,2181992637.63
2009-10-12,'600814,杭州解百,7.04,7.1,6.97,7.02,7.05,-0.01,-0.1418,1.474,4574940,32204373.0,2185096467.84,2185096467.84
2009-10-09,'600814,杭州解百,7.05,7.05,6.81,6.86,6.75,0.3,4.4444,1.2996,4033799,28025542.0,2188200298.05,2188200298.05
2009-09-30,'600814,杭州解百,6.75,6.85,6.74,6.75,6.71,0.04,0.5961,0.9005,2794879,18968229.0,2095085391.75,2095085391.75
2009-09-29,'600814,杭州解百,6.71,6.94,6.62,6.87,6.87,-0.16,-2.329,1.0683,3315790,22363123.0,2082670070.91,2082670070.91
2009-09-28,'600814,杭州解百,6.87,7.22,6.81,7.18,7.13,-0.26,-3.6466,1.2951,4019906,28363946.0,2132331354.27,2132331354.27
2009-09-25,'600814,杭州解百,7.13,7.33,7.05,7.31,7.3,-0.17,-2.3288,1.3932,4324316,31045335.0,2213030939.73,2213030939.73
2009-09-24,'600814,杭州解百,7.3,7.51,7.02,7.14,7.14,0.16,2.2409,2.1685,6730532,48823879.0,2265796053.3,2265796053.3
2009-09-23,'600814,杭州解百,7.14,7.43,7.06,7.35,7.36,-0.22,-2.9891,1.6649,5167467,37404446.0,2216134769.94,2216134769.94
2009-09-22,'600814,杭州解百,7.36,7.75,7.35,7.56,7.57,-0.21,-2.7741,3.7252,11562511,87726599.0,2284419034.56,2284419034.56
2009-09-21,'600814,杭州解百,7.57,7.61,7.11,7.13,7.27,0.3,4.1265,2.624,8144475,60230820.0,2349599468.97,2349599468.97
2009-09-18,'600814,杭州解百,7.27,7.66,7.2,7.56,7.59,-0.32,-4.2161,2.4984,7754685,57993108.0,2256484562.67,2256484562.67
2009-09-17,'600814,杭州解百,7.59,7.63,7.51,7.51,7.57,0.02,0.2642,2.7987,8686822,65777800.0,2355807129.39,2355807129.39
2009-09-16,'600814,杭州解百,7.57,7.7,7.27,7.38,7.38,0.19,2.5745,4.4969,13957612,105112039.0,2349599468.97,2349599468.97
2009-09-15,'600814,杭州解百,7.38,7.48,7.26,7.3,7.31,0.07,0.9576,2.9348,9108970,67189154.0,2290626694.98,2290626694.98
2009-09-14,'600814,杭州解百,7.31,7.33,7.11,7.15,7.08,0.23,3.2486,2.753,8544857,62060437.0,2268899883.51,2268899883.51
2009-09-11,'600814,杭州解百,7.08,7.11,6.95,6.98,6.99,0.09,1.2876,1.3024,4042428,28544564.0,2197511788.68,2197511788.68
2009-09-10,'600814,杭州解百,6.99,7.13,6.97,7.08,7.14,-0.15,-2.1008,1.3206,4098784,28819968.0,2169577316.79,2169577316.79
2009-09-09,'600814,杭州解百,7.14,7.23,6.99,7.23,7.15,-0.01,-0.1399,1.7498,5431054,38634594.0,2216134769.94,2216134769.94
2009-09-08,'600814,杭州解百,7.15,7.24,6.9,7.0,7.03,0.12,1.707,2.3301,7232369,51514442.0,2219238600.15,2219238600.15
2009-09-07,'600814,杭州解百,7.03,7.18,6.97,7.03,7.01,0.02,0.2853,2.1765,6755430,47709557.0,2181992637.63,2181992637.63
2009-09-04,'600814,杭州解百,7.01,7.05,6.81,6.9,6.91,0.1,1.4472,1.7355,5386663,37388067.0,2175784977.21,2175784977.21
2009-09-03,'600814,杭州解百,6.91,6.92,6.63,6.66,6.66,0.25,3.7538,1.3646,4235522,28871095.0,2144746675.11,2144746675.11
2009-09-02,'600814,杭州解百,6.66,6.7,6.51,6.55,6.6,0.06,0.9091,0.7088,2200032,14575479.0,2067150919.86,2067150919.86
2009-09-01,'600814,杭州解百,6.6,6.76,6.54,6.63,6.56,0.04,0.6098,0.9283,2881421,19079273.0,2048527938.6,2048527938.6
2009-08-31,'600814,杭州解百,6.56,6.98,6.55,6.9,7.05,-0.49,-6.9504,1.4284,4433375,29940789.0,2036112617.76,2036112617.76
2009-08-28,'600814,杭州解百,7.05,7.26,7.01,7.2,7.21,-0.16,-2.2191,1.673,5192753,36817888.0,2188200298.05,2188200298.05
2009-08-27,'600814,杭州解百,7.21,7.3,7.08,7.24,7.28,-0.07,-0.9615,2.5769,7998350,57704045.0,2237861581.41,2237861581.41
2009-08-26,'600814,杭州解百,7.28,7.34,6.97,7.05,7.14,0.14,1.9608,3.2759,10167991,73106894.0,2259588392.88,2259588392.88
2009-08-25,'600814,杭州解百,7.14,7.15,6.66,6.86,6.95,0.19,2.7338,3.942,12235310,84665147.0,2216134769.94,2216134769.94
2009-08-24,'600814,杭州解百,6.95,7.0,6.77,6.88,6.91,0.04,0.5789,2.1312,6614982,45706385.0,2157161995.95,2157161995.95
2009-08-21,'600814,杭州解百,6.91,6.93,6.65,6.75,6.77,0.14,2.0679,2.5695,7975323,54326535.0,2144746675.11,2144746675.11
2009-08-20,'600814,杭州解百,6.77,6.78,6.45,6.5,6.5,0.27,4.1538,1.5748,4888047,32382714.0,2101293052.17,2101293052.17
2009-08-19,'600814,杭州解百,6.5,6.92,6.38,6.91,6.9,-0.4,-5.7971,1.706,5295073,35395478.0,2017489636.5,2017489636.5
2009-08-18,'600814,杭州解百,6.9,6.92,6.68,6.76,6.76,0.14,2.071,1.3462,4178292,28481232.0,2141642844.9,2141642844.9
2009-08-17,'600814,杭州解百,6.76,7.17,6.75,7.1,7.17,-0.41,-5.7183,1.8301,5680349,39512166.0,2098189221.96,2098189221.96
2009-08-14,'600814,杭州解百,7.17,7.74,7.15,7.72,7.72,-0.55,-7.1244,2.9124,9039628,66942907.0,2225446260.57,2225446260.57
2009-08-13,'600814,杭州解百,7.72,7.84,7.65,7.75,7.72,0.0,0.0,1.6179,5021593,38868816.0,2396156922.12,2396156922.12
2009-08-12,'600814,杭州解百,7.72,8.09,7.62,8.09,8.1,-0.38,-4.6914,3.4544,10721917,83626902.0,2396156922.12,2396156922.12
2009-08-11,'600814,杭州解百,8.1,8.25,8.0,8.14,8.21,-0.11,-1.3398,3.0234,9384105,76187599.0,2514102470.1,2514102470.1
2009-08-10,'600814,杭州解百,8.21,8.28,7.83,7.88,7.74,0.47,6.0724,6.6952,20780842,168690100.0,2548244602.41,2548244602.41
2009-08-07,'600814,杭州解百,7.74,8.08,7.7,7.74,7.75,-0.01,-0.129,4.5418,14097030,111518264.0,2402364582.54,2402364582.54
2009-08-06,'600814,杭州解百,7.75,7.93,7.6,7.84,7.88,-0.13,-1.6497,2.9215,9067940,70507165.0,2405468412.75,2405468412.75
2009-08-05,'600814,杭州解百,7.88,7.96,7.69,7.71,7.74,0.14,1.8088,4.4679,13867471,108912559.0,2445818205.48,2445818205.48
2009-08-04,'600814,杭州解百,7.74,7.78,7.58,7.78,7.82,-0.08,-1.023,3.2749,10164779,78028554.0,2402364582.54,2402364582.54
2009-08-03,'600814,杭州解百,7.82,7.95,7.66,7.88,7.87,-0.05,-0.6353,4.8651,15100549,117586134.0,2427195224.22,2427195224.22
2009-07-31,'600814,杭州解百,7.87,7.88,7.49,7.72,7.72,0.15,1.943,7.3163,22708468,175540750.0,2442714375.27,2442714375.27
2009-07-30,'600814,杭州解百,7.72,7.91,7.33,7.78,7.71,0.01,0.1297,9.7703,30325474,233146711.0,2396156922.12,2396156922.12
2009-07-29,'600814,杭州解百,7.71,7.85,6.99,7.77,7.77,-0.06,-0.7722,7.687,23859059,182746121.0,2393053091.91,2393053091.91
2009-07-28,'600814,杭州解百,7.77,7.79,7.38,7.39,7.47,0.3,4.0161,8.0377,24947600,190204165.0,2411676073.17,2411676073.17
2009-07-27,'600814,杭州解百,7.47,7.5,7.16,7.2,7.18,0.29,4.039,3.7841,11745327,86276919.0,2318561166.87,2318561166.87
2009-07-24,'600814,杭州解百,7.18,7.33,7.09,7.28,7.28,-0.1,-1.3736,1.8449,5726327,41341572.0,2228550090.78,2228550090.78
2009-07-23,'600814,杭州解百,7.28,7.29,7.18,7.25,7.25,0.03,0.4138,1.3006,4036856,29219828.0,2259588392.88,2259588392.88
2009-07-22,'600814,杭州解百,7.25,7.28,7.12,7.12,7.14,0.11,1.5406,1.96,6083650,43881736.0,2250276902.25,2250276902.25
2009-07-21,'600814,杭州解百,7.14,7.4,7.12,7.4,7.4,-0.26,-3.5135,2.8514,8850289,64079572.0,2216134769.94,2216134769.94
2009-07-20,'600814,杭州解百,7.4,7.42,7.3,7.35,7.35,0.05,0.6803,2.9363,9113774,67032660.0,2296834355.4,2296834355.4
2009-07-17,'600814,杭州解百,7.35,7.37,7.29,7.32,7.32,0.03,0.4098,1.9756,6131921,44931648.0,2281315204.35,2281315204.35
2009-07-16,'600814,杭州解百,7.32,7.46,7.3,7.44,7.41,-0.09,-1.2146,2.7513,8539701,62774755.0,2272003713.72,2272003713.72
2009-07-15,'600814,杭州解百,7.41,7.54,7.36,7.49,7.42,-0.01,-0.1348,6.3492,19706940,146768046.0,2299938185.61,2299938185.61
2009-07-14,'600814,XD杭州解,7.42,7.43,7.22,7.3,7.28,0.14,1.9231,2.8149,8736878,64073244.0,2303042015.82,2303042015.82
2009-07-13,'600814,杭州解百,7.4,7.48,7.22,7.23,7.25,0.15,2.069,4.5113,14002368,103549726.0,2296834355.4,2296834355.4
2009-07-10,'600814,杭州解百,7.25,7.35,7.2,7.25,7.31,-0.06,-0.8208,3.0198,9373043,68188038.0,2250276902.25,2250276902.25
2009-07-09,'600814,杭州解百,7.31,7.33,7.1,7.17,7.17,0.14,1.9526,3.7235,11557167,83511744.0,2268899883.51,2268899883.51
2009-07-08,'600814,杭州解百,7.17,7.18,7.03,7.05,7.08,0.09,1.2712,2.4317,7547613,53725729.0,2225446260.57,2225446260.57
2009-07-07,'600814,杭州解百,7.08,7.12,7.0,7.09,7.13,-0.05,-0.7013,2.1548,6688030,47235461.0,2197511788.68,2197511788.68
2009-07-06,'600814,杭州解百,7.13,7.36,7.08,7.26,7.17,-0.04,-0.5579,5.5224,17140505,123270455.0,2213030939.73,2213030939.73
2009-07-03,'600814,杭州解百,7.17,7.23,6.89,6.98,7.04,0.13,1.8466,3.7728,11710216,82749476.0,2225446260.57,2225446260.57
2009-07-02,'600814,杭州解百,7.04,7.18,6.98,7.15,7.16,-0.12,-1.676,2.5548,7929670,55976565.0,2185096467.84,2185096467.84
2009-07-01,'600814,杭州解百,7.16,7.19,6.97,6.99,6.98,0.18,2.5788,3.8494,11947750,85023958.0,2222342430.36,2222342430.36
2009-06-30,'600814,杭州解百,6.98,7.06,6.94,7.03,7.02,-0.04,-0.5698,1.854,5754534,40287855.0,2166473486.58,2166473486.58
2009-06-29,'600814,杭州解百,7.02,7.02,6.87,6.94,6.94,0.08,1.1527,1.5866,4924516,34248576.0,2178888807.42,2178888807.42
2009-06-26,'600814,杭州解百,6.94,6.95,6.84,6.87,6.87,0.07,1.0189,1.2887,3999945,27610298.0,2154058165.74,2154058165.74
2009-06-25,'600814,杭州解百,6.87,6.89,6.8,6.88,6.86,0.01,0.1458,1.3846,4297531,29363023.0,2132331354.27,2132331354.27
2009-06-24,'600814,杭州解百,6.86,6.9,6.77,6.81,6.81,0.05,0.7342,1.6583,5146953,35204735.0,2129227524.06,2129227524.06
2009-06-23,'600814,杭州解百,6.81,6.88,6.73,6.8,6.87,-0.06,-0.8734,1.5899,4934753,33646574.0,2113708373.01,2113708373.01
2009-06-22,'600814,杭州解百,6.87,7.01,6.86,6.95,6.92,-0.05,-0.7225,1.8819,5841203,40414327.0,2132331354.27,2132331354.27
2009-06-19,'600814,杭州解百,6.92,7.04,6.87,7.02,7.05,-0.13,-1.844,2.4322,7549201,52346719.0,2147850505.32,2147850505.32
2009-06-18,'600814,杭州解百,7.05,7.07,6.93,7.04,7.04,0.01,0.142,2.5863,8027517,56118568.0,2188200298.05,2188200298.05
2009-06-17,'600814,杭州解百,7.04,7.1,6.92,6.99,7.02,0.02,0.2849,2.2743,7058934,49542171.0,2185096467.84,2185096467.84
2009-06-16,'600814,杭州解百,7.02,7.15,6.91,7.07,7.17,-0.15,-2.0921,3.0548,9481726,66689950.0,2178888807.42,2178888807.42
2009-06-15,'600814,杭州解百,7.17,7.18,6.8,6.89,6.85,0.32,4.6715,4.5739,14196628,100215692.0,2225446260.57,2225446260.57
2009-06-12,'600814,杭州解百,6.85,7.06,6.76,6.95,7.02,-0.17,-2.4217,3.351,10400823,71606453.0,2126123693.85,2126123693.85
2009-06-11,'600814,杭州解百,7.02,7.07,6.82,6.87,6.9,0.12,1.7391,8.54,19400962,135303182.0,2178888807.42,1594780209.36
2009-06-10,'600814,杭州解百,6.9,6.99,6.75,6.8,6.88,0.02,0.2907,6.2484,14194967,97874728.0,2141642844.9,1567519009.2
2009-06-09,'600814,杭州解百,6.88,6.89,6.56,6.61,6.64,0.24,3.6145,6.5149,14800310,100049580.0,2135435184.48,1562975475.84
2009-06-08,'600814,杭州解百,6.64,6.64,6.46,6.56,6.53,0.11,1.6845,2.0424,4639958,30423761.0,2060943259.44,1508453075.52
2009-06-05,'600814,杭州解百,6.53,6.62,6.51,6.6,6.58,-0.05,-0.7599,1.82,4134713,27060579.0,2026801127.13,1483463642.04
2009-06-04,'600814,杭州解百,6.58,6.69,6.51,6.63,6.65,-0.07,-1.0526,2.2246,5053734,33300905.0,2042320278.18,1494822475.44
2009-06-03,'600814,杭州解百,6.65,6.71,6.55,6.59,6.64,0.01,0.1506,2.4029,5458734,36224538.0,2064047089.65,1510724842.2
2009-06-02,'600814,杭州解百,6.64,6.82,6.6,6.76,6.6,0.04,0.6061,5.7391,13037832,87868844.0,2060943259.44,1508453075.52
2009-06-01,'600814,杭州解百,6.6,6.61,6.47,6.49,6.46,0.14,2.1672,2.2429,5095322,33263574.0,2048527938.6,1499366008.8
2009-05-27,'600814,杭州解百,6.46,6.56,6.39,6.42,6.39,0.07,1.0955,1.5796,3588442,23183987.0,2005074315.66,1467561275.28
2009-05-26,'600814,杭州解百,0.0,0.0,0.0,0.0,6.39,None,None,0.0,0,0.0,1983347504.19,1451658908.52
2009-05-25,'600814,杭州解百,6.39,6.44,6.26,6.29,6.46,-0.07,-1.0836,2.2639,5142984,32567731.0,1983347504.19,1451658908.52
2009-05-22,'600814,杭州解百,6.46,6.55,6.41,6.45,6.43,0.03,0.4666,1.324,3007856,19475270.0,2005074315.66,1467561275.28
2009-05-21,'600814,杭州解百,6.43,6.68,6.41,6.62,6.63,-0.2,-3.0166,2.4908,5658592,36798532.0,1995762825.03,1460745975.24
2009-05-20,'600814,杭州解百,6.63,6.82,6.61,6.72,6.79,-0.16,-2.3564,2.7738,6301517,42123767.0,2057839429.23,1506181308.84
2009-05-19,'600814,杭州解百,6.79,6.98,6.76,6.81,6.73,0.06,0.8915,7.83,17787853,122275852.0,2107500712.59,1542529575.72
2009-05-18,'600814,杭州解百,6.73,6.74,6.42,6.57,6.6,0.13,1.9697,3.5928,8162032,53592643.0,2088877731.33,1528898975.64
2009-05-15,'600814,杭州解百,6.6,6.63,6.51,6.55,6.51,0.09,1.3825,2.0985,4767258,31330506.0,2048527938.6,1499366008.8
2009-05-14,'600814,杭州解百,6.51,6.55,6.46,6.48,6.55,-0.04,-0.6107,1.4784,3358566,21837193.0,2020593466.71,1478920108.68
2009-05-13,'600814,杭州解百,6.55,6.63,6.4,6.57,6.56,-0.01,-0.1524,2.8956,6578217,43020905.0,2033008787.55,1488007175.4
2009-05-12,'600814,杭州解百,6.56,6.57,6.3,6.37,6.38,0.18,2.8213,2.4196,5496826,35275289.0,2036112617.76,1490278942.08
2009-05-11,'600814,杭州解百,6.38,6.77,6.3,6.76,6.75,-0.37,-5.4815,3.0215,6864184,45057434.0,1980243673.98,1449387141.84
2009-05-08,'600814,杭州解百,6.75,6.8,6.61,6.65,6.71,0.04,0.5961,3.4339,7800908,52393269.0,2095085391.75,1533442509.0
2009-05-07,'600814,杭州解百,6.71,6.82,6.52,6.75,6.77,-0.06,-0.8863,3.0028,6821608,45536241.0,2082670070.91,1524355442.28
2009-05-06,'600814,杭州解百,6.77,6.87,6.7,6.75,6.81,-0.04,-0.5874,3.2784,7447715,50565629.0,2101293052.17,1537986042.36
2009-05-05,'600814,杭州解百,6.81,6.83,6.62,6.75,6.73,0.08,1.1887,3.7647,8552524,57579677.0,2113708373.01,1547073109.08
2009-05-04,'600814,杭州解百,6.73,6.76,6.55,6.6,6.56,0.17,2.5915,3.0159,6851412,45817972.0,2088877731.33,1528898975.64
2009-04-30,'600814,杭州解百,6.56,6.67,6.45,6.53,6.51,0.05,0.768,2.6014,5909824,38814271.0,2036112617.76,1490278942.08
2009-04-29,'600814,杭州解百,6.51,6.56,6.33,6.4,6.41,0.1,1.5601,2.679,6086076,39441497.0,2020593466.71,1478920108.68
2009-04-28,'600814,杭州解百,6.41,6.43,6.18,6.19,6.18,0.23,3.7217,2.966,6737993,42594030.0,1989555164.61,1456202441.88
2009-04-27,'600814,杭州解百,6.18,6.63,6.17,6.62,6.62,-0.44,-6.6465,3.5929,8162331,51670484.0,1918167069.78,1403951808.24
2009-04-24,'600814,杭州解百,6.62,6.88,6.6,6.73,6.6,0.02,0.303,4.1596,9449530,63728445.0,2054735599.02,1503909542.16
2009-04-23,'600814,杭州解百,6.6,6.68,6.44,6.45,6.49,0.11,1.6949,2.6696,6064782,39787022.0,2048527938.6,1499366008.8
2009-04-22,'600814,杭州解百,6.49,6.89,6.43,6.88,6.91,-0.42,-6.0781,5.1462,11691010,78300375.0,2014385806.29,1474376575.32
2009-04-21,'600814,杭州解百,6.91,6.99,6.56,6.6,6.67,0.24,3.5982,6.6081,15011968,102315582.0,2144746675.11,1569790775.88
2009-04-20,'600814,杭州解百,6.67,6.68,6.5,6.5,6.5,0.17,2.6154,3.4066,7738949,51045491.0,2070254750.07,1515268375.56
2009-04-17,'600814,杭州解百,6.5,6.78,6.42,6.44,6.47,0.03,0.4637,5.6412,12815552,84420863.0,2017489636.5,1476648342.0
2009-04-16,'600814,杭州解百,6.47,6.58,6.32,6.48,6.51,-0.04,-0.6144,3.9697,9018315,58399088.0,2008178145.87,1469833041.96
2009-04-15,'600814,杭州解百,6.51,6.57,6.3,6.34,6.37,0.14,2.1978,5.7498,13062195,84165447.0,2020593466.71,1478920108.68
2009-04-14,'600814,杭州解百,6.37,6.38,6.22,6.26,6.29,0.08,1.2719,3.414,7755758,48951436.0,1977139843.77,1447115375.16
2009-04-13,'600814,杭州解百,6.29,6.3,6.18,6.29,6.24,0.05,0.8013,3.6147,8211846,51300157.0,1952309202.09,1428941241.72
2009-04-10,'600814,杭州解百,6.24,6.25,5.97,6.0,5.97,0.27,4.5226,3.4865,7920406,48597448.0,1936790051.04,1417582408.32
2009-04-09,'600814,杭州解百,5.97,6.02,5.8,5.94,5.94,0.03,0.5051,2.0104,4567058,27021762.0,1852986635.37,1356244707.96
2009-04-08,'600814,杭州解百,5.94,6.21,5.92,6.18,6.2,-0.26,-4.1935,2.8559,6487868,39413475.0,1843675144.74,1349429407.92
2009-04-07,'600814,杭州解百,6.2,6.22,6.12,6.15,6.17,0.03,0.4862,1.5206,3454488,21286803.0,1924374730.2,1408495341.6
2009-04-03,'600814,杭州解百,6.17,6.34,6.12,6.28,6.25,-0.08,-1.28,2.7016,6137432,38138016.0,1915063239.57,1401680041.56
2009-04-02,'600814,杭州解百,6.25,6.33,6.2,6.28,6.29,-0.04,-0.6359,3.785,8598688,53930210.0,1939893881.25,1419854175.0
2009-04-01,'600814,杭州解百,6.29,6.34,6.14,6.18,6.14,0.15,2.443,4.6938,10663120,66882638.0,1952309202.09,1428941241.72
2009-03-31,'600814,杭州解百,6.14,6.17,6.01,6.1,6.22,-0.08,-1.2862,2.7392,6222756,37950615.0,1905751748.94,1394864741.52
2009-03-30,'600814,杭州解百,6.22,6.23,6.12,6.17,6.16,0.06,0.974,2.1928,4981555,30829950.0,1930582390.62,1413038874.96
2009-03-27,'600814,杭州解百,6.16,6.26,6.1,6.19,6.17,-0.01,-0.1621,2.9386,6675807,41260144.0,1911959409.36,1399408274.88
2009-03-26,'600814,杭州解百,6.17,6.18,5.95,6.06,6.02,0.15,2.4917,3.3513,7613293,46240934.0,1915063239.57,1401680041.56
2009-03-25,'600814,杭州解百,6.02,6.26,6.01,6.23,6.24,-0.22,-3.5256,2.8934,6573224,40438671.0,1868505786.42,1367603541.36
2009-03-24,'600814,杭州解百,6.24,6.29,6.12,6.19,6.15,0.09,1.4634,3.4253,7781435,48367548.0,1936790051.04,1417582408.32
2009-03-23,'600814,杭州解百,6.15,6.22,6.09,6.11,6.09,0.06,0.9852,3.2807,7452918,45998223.0,1908855579.15,1397136508.2
2009-03-20,'600814,杭州解百,6.09,6.25,5.98,6.24,6.23,-0.14,-2.2472,4.2506,9656258,58806254.0,1890232597.89,1383505908.12
2009-03-19,'600814,杭州解百,6.23,6.28,6.12,6.17,6.16,0.07,1.1364,4.7823,10864333,67431449.0,1933686220.83,1415310641.64
2009-03-18,'600814,杭州解百,6.16,6.3,6.14,6.2,6.19,-0.03,-0.4847,6.7211,15268857,94843428.0,1911959409.36,1399408274.88
2009-03-17,'600814,杭州解百,6.19,6.25,5.88,5.88,5.88,0.31,5.2721,5.9771,13578631,83138449.0,1921270899.99,1406223574.92
2009-03-16,'600814,杭州解百,0.0,0.0,0.0,0.0,5.88,None,None,0.0,0,0.0,1825052163.48,1335798807.84
2009-03-13,'600814,杭州解百,5.88,6.0,5.8,5.97,6.02,-0.14,-2.3256,3.8209,8680140,51123623.0,1825052163.48,1335798807.84
2009-03-12,'600814,杭州解百,6.02,6.05,5.57,5.77,5.77,0.25,4.3328,4.7709,10838258,63125851.0,1868505786.42,1367603541.36
2009-03-11,'600814,杭州解百,5.77,6.05,5.75,6.02,5.96,-0.19,-3.1879,3.7078,8423222,49699464.0,1790910031.17,1310809374.36
2009-03-10,'600814,杭州解百,5.96,6.0,5.69,5.73,5.74,0.22,3.8328,5.3072,12056650,70953015.0,1849882805.16,1353972941.28
2009-03-09,'600814,杭州解百,5.74,5.84,5.61,5.77,5.76,-0.02,-0.3472,3.0728,6980613,40040468.0,1781598540.54,1303994074.32
2009-03-06,'600814,杭州解百,5.76,5.83,5.66,5.76,5.87,-0.11,-1.8739,2.0796,4724319,27143879.0,1787806200.96,1308537607.68
2009-03-05,'600814,杭州解百,5.87,5.94,5.7,5.86,5.81,0.06,1.0327,3.6688,8334769,48552100.0,1821948333.27,1333527041.16
2009-03-04,'600814,杭州解百,5.81,5.84,5.5,5.5,5.49,0.32,5.8288,3.941,8952976,51019771.0,1803325352.01,1319896441.08
2009-03-03,'600814,杭州解百,5.49,5.64,5.28,5.42,5.52,-0.03,-0.5435,2.4683,5607386,30707885.0,1704002785.29,1247199907.32
2009-03-02,'600814,杭州解百,5.52,5.59,5.4,5.5,5.48,0.04,0.7299,2.1169,4809197,26494163.0,1713314275.92,1254015207.36
2009-02-27,'600814,杭州解百,5.48,5.78,5.4,5.7,5.81,-0.33,-5.6799,3.3521,7615189,42312448.0,1700898955.08,1244928140.64
2009-02-26,'600814,杭州解百,5.81,6.35,5.73,6.25,6.37,-0.56,-8.7912,7.5292,17104476,104169876.0,1803325352.01,1319896441.08
2009-02-25,'600814,杭州解百,6.37,6.52,6.01,6.02,5.93,0.44,7.4199,13.0006,29534262,187546376.0,1977139843.77,1447115375.16
2009-02-24,'600814,杭州解百,5.93,6.37,5.9,6.05,6.19,-0.26,-4.2003,5.2525,11932382,73020260.0,1840571314.53,1347157641.24
2009-02-23,'600814,杭州解百,6.19,6.2,5.85,5.89,5.88,0.31,5.2721,5.6125,12750196,77144821.0,1921270899.99,1406223574.92
2009-02-20,'600814,杭州解百,5.88,5.89,5.6,5.68,5.69,0.19,3.3392,2.5362,5761569,33290387.0,1825052163.48,1335798807.84
2009-02-19,'600814,杭州解百,5.69,5.75,5.6,5.6,5.59,0.1,1.7889,1.9401,4407433,24987812.0,1766079389.49,1292635240.92
2009-02-18,'600814,杭州解百,5.59,5.85,5.55,5.71,5.81,-0.22,-3.7866,2.3511,5341150,30523783.0,1735041087.39,1269917574.12
2009-02-17,'600814,杭州解百,5.81,6.09,5.8,6.09,6.1,-0.29,-4.7541,3.3643,7642798,45188063.0,1803325352.01,1319896441.08
2009-02-16,'600814,杭州解百,6.1,6.15,5.89,6.15,6.07,0.03,0.4942,4.3743,9937414,59868735.0,1893336428.1,1385777674.8
2009-02-13,'600814,杭州解百,6.07,6.1,5.83,5.94,5.85,0.22,3.7607,4.3838,9958879,59740928.0,1884024937.47,1378962374.76
2009-02-12,'600814,杭州解百,5.85,5.86,5.6,5.71,5.7,0.15,2.6316,3.5731,8117247,46651005.0,1815740672.85,1328983507.8
2009-02-11,'600814,杭州解百,5.7,5.88,5.59,5.69,5.83,-0.13,-2.2298,4.2158,9577402,54915751.0,1769183219.7,1294907007.6
2009-02-10,'600814,杭州解百,5.83,5.84,5.6,5.72,5.76,0.07,1.2153,3.9205,8906434,50878552.0,1809533012.43,1324439974.44
2009-02-09,'600814,杭州解百,5.76,5.83,5.45,5.58,5.51,0.25,4.5372,5.7453,13052021,73381922.0,1787806200.96,1308537607.68
2009-02-06,'600814,杭州解百,5.51,5.54,5.28,5.3,5.27,0.24,4.5541,3.463,7867032,42849363.0,1710210445.71,1251743440.68
2009-02-05,'600814,杭州解百,5.27,5.41,5.25,5.33,5.35,-0.08,-1.4953,3.2263,7329357,39106940.0,1635718520.67,1197221040.36
2009-02-04,'600814,杭州解百,5.35,5.36,5.24,5.25,5.25,0.1,1.9048,3.3154,7531831,39955836.0,1660549162.35,1215395173.8
2009-02-03,'600814,杭州解百,5.25,5.28,5.12,5.13,5.14,0.11,2.1401,3.2049,7280805,37987351.0,1629510860.25,1192677507.0
2009-02-02,'600814,杭州解百,5.14,5.16,5.02,5.1,5.06,0.08,1.581,2.2009,4999899,25495674.0,1595368727.94,1167688073.52
2009-01-23,'600814,杭州解百,5.06,5.15,5.04,5.15,5.12,-0.06,-1.1719,1.6979,3857322,19690588.0,1570538086.26,1149513940.08
2009-01-22,'600814,杭州解百,5.12,5.16,5.06,5.12,5.09,0.03,0.5894,1.6518,3752548,19218894.0,1589161067.52,1163144540.16
2009-01-21,'600814,杭州解百,5.09,5.17,5.01,5.03,5.12,-0.03,-0.5859,1.8199,4134400,21033985.0,1579849576.89,1156329240.12
2009-01-20,'600814,杭州解百,5.12,5.13,5.0,5.13,5.1,0.02,0.3922,1.1843,2690452,13661853.0,1589161067.52,1163144540.16
2009-01-19,'600814,杭州解百,5.1,5.17,5.01,5.17,5.06,0.04,0.7905,2.1477,4879001,24817449.0,1582953407.1,1158601006.8
2009-01-16,'600814,杭州解百,5.06,5.22,5.03,5.1,5.04,0.02,0.3968,2.8687,6517029,33348293.0,1570538086.26,1149513940.08
2009-01-15,'600814,杭州解百,5.04,5.05,4.89,4.89,4.96,0.08,1.6129,2.5996,5905653,29488442.0,1564330425.84,1144970406.72
2009-01-14,'600814,杭州解百,4.96,4.99,4.8,4.82,4.79,0.17,3.5491,1.0594,2406596,11811497.0,1539499784.16,1126796273.28
2009-01-13,'600814,杭州解百,4.79,4.98,4.76,4.87,4.95,-0.16,-3.2323,1.1545,2622679,12700689.0,1486734670.59,1088176239.72
2009-01-12,'600814,杭州解百,4.95,5.04,4.78,4.81,4.82,0.13,2.6971,1.8046,4099541,20263539.0,1536395953.95,1124524506.6
2009-01-09,'600814,杭州解百,4.82,4.85,4.7,4.7,4.7,0.12,2.5532,1.3306,3022883,14411671.0,1496046161.22,1094991539.76
2009-01-08,'600814,杭州解百,4.7,4.87,4.67,4.78,4.9,-0.2,-4.0816,1.8832,4278257,20378626.0,1458800198.7,1067730339.6
2009-01-07,'600814,杭州解百,4.9,4.94,4.77,4.81,4.81,0.09,1.8711,2.3044,5235115,25471861.0,1520876802.9,1113165673.2
2009-01-06,'600814,杭州解百,4.81,4.83,4.61,4.61,4.66,0.15,3.2189,2.3872,5423181,25712813.0,1492942331.01,1092719773.08
2009-01-05,'600814,杭州解百,4.66,4.67,4.52,4.6,4.48,0.18,4.0179,1.7719,4025403,18528865.0,1446384877.86,1058643272.88
2008-12-31,'600814,杭州解百,4.48,4.69,4.48,4.69,4.62,-0.14,-3.0303,1.0258,2330323,10715476.0,1390515934.08,1017751472.64
2008-12-30,'600814,杭州解百,4.62,4.82,4.57,4.76,4.77,-0.15,-3.1447,1.7603,3998986,18738690.0,1433969557.02,1049556206.16
2008-12-29,'600814,杭州解百,4.77,4.82,4.61,4.8,4.82,-0.05,-1.0373,1.8645,4235735,19884314.0,1480527010.17,1083632706.36
2008-12-26,'600814,杭州解百,4.82,5.05,4.75,5.02,5.01,-0.19,-3.7924,2.7942,6347807,30852582.0,1496046161.22,1094991539.76
2008-12-25,'600814,杭州解百,5.01,5.47,4.9,5.34,5.34,-0.33,-6.1798,5.6586,12855097,66413715.0,1555018935.21,1138155106.68
2008-12-24,'600814,杭州解百,5.34,5.57,5.11,5.16,5.22,0.12,2.2989,8.5779,19486967,104406086.0,1657445332.14,1213123407.12
2008-12-23,'600814,杭州解百,5.22,5.39,4.99,5.07,5.09,0.13,2.554,6.4234,14592527,75853271.0,1620199369.62,1185862206.96
2008-12-22,'600814,杭州解百,5.09,5.15,4.96,5.11,5.11,-0.02,-0.3914,1.927,4377749,22161697.0,1579849576.89,1156329240.12
2008-12-19,'600814,杭州解百,5.11,5.26,5.06,5.1,5.1,0.01,0.1961,2.6757,6078564,31478182.0,1586057237.31,1160872773.48
2008-12-18,'600814,杭州解百,5.1,5.12,4.92,5.03,5.05,0.05,0.9901,1.8877,4288401,21659618.0,1582953407.1,1158601006.8
2008-12-17,'600814,杭州解百,5.05,5.17,4.88,4.94,4.93,0.12,2.4341,3.3003,7497444,37944811.0,1567434256.05,1147242173.4
2008-12-16,'600814,杭州解百,4.93,4.95,4.69,4.8,4.86,0.07,1.4403,1.145,2601064,12567965.0,1530188293.53,1119980973.24
2008-12-15,'600814,杭州解百,4.86,4.89,4.73,4.81,4.74,0.12,2.5316,1.1875,2697783,13007640.0,1508461482.06,1104078606.48
2008-12-12,'600814,杭州解百,4.74,4.96,4.68,4.88,4.89,-0.15,-3.0675,1.5953,3624186,17442312.0,1471215519.54,1076817406.32
2008-12-11,'600814,杭州解百,4.89,5.12,4.89,5.12,5.1,-0.21,-4.1176,1.872,4252719,21219365.0,1517772972.69,1110893906.52
2008-12-10,'600814,杭州解百,5.1,5.11,4.88,4.97,4.97,0.13,2.6157,2.1213,4819170,24191951.0,1582953407.1,1158601006.8
2008-12-09,'600814,杭州解百,4.97,5.16,4.97,5.15,5.16,-0.19,-3.6822,2.2434,5096591,25754355.0,1542603614.37,1129068039.96
2008-12-08,'600814,杭州解百,5.16,5.17,4.97,5.02,4.98,0.18,3.6145,3.2116,7295894,37138094.0,1601576388.36,1172231606.88
2008-12-05,'600814,杭州解百,4.98,5.0,4.75,4.78,4.82,0.16,3.3195,1.6158,3670786,17861080.0,1545707444.58,1131339806.64
2008-12-04,'600814,杭州解百,4.82,5.03,4.78,4.86,4.82,0.0,0.0,3.172,7206011,35294845.0,1496046161.22,1094991539.76
2008-12-03,'600814,杭州解百,4.82,4.83,4.67,4.68,4.64,0.18,3.8793,2.0525,4662910,22185407.0,1496046161.22,1094991539.76
2008-12-02,'600814,杭州解百,4.64,4.7,4.41,4.45,4.57,0.07,1.5317,1.365,3100972,14254189.0,1440177217.44,1054099739.52
2008-12-01,'600814,杭州解百,4.57,4.58,4.3,4.42,4.42,0.15,3.3937,0.8988,2041864,9135676.0,1418450405.97,1038197372.76
2008-11-28,'600814,杭州解百,4.42,4.58,4.36,4.53,4.57,-0.15,-3.2823,0.8819,2003540,8957882.0,1371892952.82,1004120872.56
2008-11-27,'600814,杭州解百,4.57,4.8,4.54,4.79,4.53,0.04,0.883,2.4232,5504971,25825874.0,1418450405.97,1038197372.76
2008-11-26,'600814,杭州解百,4.53,4.6,4.47,4.55,4.55,-0.02,-0.4396,0.5332,1211234,5492513.0,1406035085.13,1029110306.04
2008-11-25,'600814,杭州解百,4.55,4.81,4.46,4.78,4.71,-0.16,-3.397,1.1933,2710812,12501463.0,1412242745.55,1033653839.4
2008-11-24,'600814,杭州解百,4.71,4.92,4.69,4.7,4.66,0.05,1.073,3.4226,7775348,37257999.0,1461904028.91,1070002106.28
2008-11-21,'600814,杭州解百,4.66,4.79,4.48,4.56,4.7,-0.04,-0.8511,1.2928,2936979,13632187.0,1446384877.86,1058643272.88
2008-11-20,'600814,杭州解百,4.7,4.83,4.59,4.65,4.78,-0.08,-1.6736,1.4585,3313426,15602149.0,1458800198.7,1067730339.6
2008-11-19,'600814,杭州解百,4.78,4.8,4.46,4.46,4.52,0.26,5.7522,1.6411,3728098,17324320.0,1483630840.38,1085904473.04
2008-11-18,'600814,杭州解百,4.52,4.95,4.52,4.89,5.02,-0.5,-9.9602,2.0978,4765708,22592164.0,1402931254.92,1026838539.36
2008-11-17,'600814,杭州解百,5.02,5.04,4.73,4.84,4.84,0.18,3.719,4.1519,9432131,45755338.0,1558122765.42,1140426873.36
2008-11-14,'600814,杭州解百,4.84,4.86,4.46,4.54,4.52,0.32,7.0796,2.6227,5958258,27653449.0,1502253821.64,1099535073.12
2008-11-13,'600814,杭州解百,4.52,4.56,4.28,4.29,4.36,0.16,3.6697,1.5421,3503362,15669463.0,1402931254.92,1026838539.36
2008-11-12,'600814,杭州解百,4.36,4.38,4.28,4.32,4.34,0.02,0.4608,0.7551,1715500,7418105.0,1353269971.56,990490272.48
2008-11-11,'600814,杭州解百,4.34,4.46,4.31,4.41,4.48,-0.14,-3.125,1.0354,2352185,10283877.0,1347062311.14,985946739.12
2008-11-10,'600814,杭州解百,4.48,4.49,4.2,4.21,4.17,0.31,7.4341,1.3055,2965777,12985112.0,1390515934.08,1017751472.64
2008-11-07,'600814,杭州解百,4.17,4.24,3.98,3.99,4.07,0.1,2.457,0.7816,1775688,7425932.0,1294297197.57,947326705.56
2008-11-06,'600814,杭州解百,4.07,4.09,3.98,4.04,4.13,-0.06,-1.4528,0.2996,680678,2747563.0,1263258895.47,924609038.76
2008-11-05,'600814,杭州解百,4.13,4.14,3.95,4.03,3.95,0.18,4.557,0.737,1674280,6825792.0,1281881876.73,938239638.84
2008-11-04,'600814,杭州解百,3.95,4.09,3.91,3.98,4.0,-0.05,-1.25,0.3229,733570,2912627.0,1226012932.95,897347838.6
2008-11-03,'600814,杭州解百,4.0,4.15,3.99,4.15,4.14,-0.14,-3.3816,0.2993,679923,2752506.0,1241532084.0,908706672.0
2008-10-31,'600814,杭州解百,4.14,4.23,4.12,4.22,4.23,-0.09,-2.1277,0.2974,675573,2809192.0,1284985706.94,940511405.52
2008-10-30,'600814,杭州解百,4.23,4.31,4.16,4.18,4.16,0.07,1.6827,0.5276,1198670,5059216.0,1312920178.83,960957305.64
2008-10-29,'600814,杭州解百,4.16,4.4,4.14,4.4,4.3,-0.14,-3.2558,0.3764,855105,3644008.0,1291193367.36,945054938.88
2008-10-28,'600814,杭州解百,4.3,4.34,4.12,4.2,4.19,0.11,2.6253,0.4466,1014566,4310257.0,1334646990.3,976859672.4
2008-10-27,'600814,杭州解百,4.19,4.5,4.15,4.5,4.61,-0.42,-9.1106,0.3522,800198,3459773.0,1300504857.99,951870238.92
2008-10-24,'600814,杭州解百,4.61,4.7,4.55,4.69,4.73,-0.12,-2.537,0.3183,723050,3343360.0,1430865726.81,1047284439.48
2008-10-23,'600814,杭州解百,4.73,4.78,4.5,4.65,4.73,0.0,0.0,0.4678,1062764,4917451.0,1468111689.33,1074545639.64
2008-10-22,'600814,杭州解百,4.73,4.8,4.63,4.65,4.69,0.04,0.8529,0.372,845183,3981681.0,1468111689.33,1074545639.64
2008-10-21,'600814,杭州解百,4.69,4.8,4.64,4.68,4.68,0.01,0.2137,0.4349,987947,4657769.0,1455696368.49,1065458572.92
2008-10-20,'600814,杭州解百,4.68,4.71,4.42,4.55,4.57,0.11,2.407,0.2463,559520,2570209.0,1452592538.28,1063186806.24
2008-10-17,'600814,杭州解百,4.57,4.57,4.44,4.44,4.45,0.12,2.6966,0.3193,725265,3276951.0,1418450405.97,1038197372.76
2008-10-16,'600814,杭州解百,4.45,4.55,4.28,4.37,4.58,-0.13,-2.8384,0.3335,757548,3367072.0,1381204443.45,1010936172.6
2008-10-15,'600814,杭州解百,4.58,4.62,4.52,4.61,4.61,-0.03,-0.6508,0.2221,504500,2309284.0,1421554236.18,1040469139.44
2008-10-14,'600814,杭州解百,4.61,4.88,4.6,4.85,4.69,-0.08,-1.7058,0.6053,1375143,6566083.0,1430865726.81,1047284439.48
2008-10-13,'600814,杭州解百,4.69,4.69,4.38,4.48,4.5,0.19,4.2222,0.519,1178949,5346379.0,1455696368.49,1065458572.92
2008-10-10,'600814,杭州解百,4.5,4.73,4.45,4.73,4.86,-0.36,-7.4074,0.6407,1455526,6693608.0,1396723594.5,1022295006.0
2008-10-09,'600814,杭州解百,4.86,4.98,4.83,4.95,4.87,-0.01,-0.2053,0.2041,463558,2269193.0,1508461482.06,1104078606.48
2008-10-08,'600814,杭州解百,4.87,4.98,4.82,4.94,5.0,-0.13,-2.6,0.2687,610360,2997896.0,1511565312.27,1106350373.16
2008-10-07,'600814,杭州解百,5.0,5.08,4.88,4.94,5.05,-0.05,-0.9901,0.3893,884469,4405696.0,1551915105.0,1135883340.0
2008-10-06,'600814,杭州解百,5.05,5.32,5.04,5.2,5.38,-0.33,-6.1338,0.486,1104083,5696035.0,1567434256.05,1147242173.4
2008-09-26,'600814,杭州解百,5.38,5.5,5.3,5.5,5.48,-0.1,-1.8248,0.6112,1388536,7494293.0,1669860652.98,1222210473.84
2008-09-25,'600814,杭州解百,5.48,5.55,5.32,5.43,5.4,0.08,1.4815,1.2298,2793768,15246324.0,1700898955.08,1244928140.64
2008-09-24,'600814,杭州解百,5.4,5.42,5.2,5.3,5.38,0.02,0.3717,0.5206,1182649,6272426.0,1676068313.4,1226754007.2
2008-09-23,'600814,杭州解百,5.38,5.44,5.3,5.35,5.58,-0.2,-3.5842,0.8508,1932730,10322344.0,1669860652.98,1222210473.84
2008-09-22,'600814,杭州解百,5.58,5.93,5.43,5.7,5.43,0.15,2.7624,2.1773,4946378,28078563.0,1731937257.18,1267645807.44
2008-09-19,'600814,杭州解百,5.43,5.43,5.21,5.4,4.94,0.49,9.919,1.054,2394553,12913830.0,1685379804.03,1233569307.24
2008-09-18,'600814,杭州解百,4.94,5.07,4.68,5.0,5.19,-0.25,-4.817,0.8403,1908987,9386118.0,1533292123.74,1122252739.92
2008-09-17,'600814,杭州解百,5.19,5.5,5.1,5.48,5.45,-0.26,-4.7706,0.5976,1357675,7217002.0,1610887878.99,1179046906.92
2008-09-16,'600814,杭州解百,5.45,5.79,5.42,5.73,5.81,-0.36,-6.1962,0.5797,1316853,7369324.0,1691587464.45,1238112840.6
2008-09-12,'600814,杭州解百,5.81,5.87,5.65,5.65,5.69,0.12,2.109,0.8774,1993208,11504764.0,1803325352.01,1319896441.08
2008-09-11,'600814,杭州解百,5.69,5.9,5.62,5.81,5.8,-0.11,-1.8966,0.3645,828047,4726270.0,1766079389.49,1292635240.92
2008-09-10,'600814,杭州解百,5.8,6.0,5.73,5.73,5.89,-0.09,-1.528,0.542,1231200,7203648.0,1800221521.8,1317624674.4
2008-09-09,'600814,杭州解百,5.89,6.04,5.8,5.82,5.8,0.09,1.5517,0.7436,1689192,10021860.0,1828155993.69,1338070574.52
2008-09-08,'600814,杭州解百,5.8,5.99,5.62,5.92,5.96,-0.16,-2.6846,0.6412,1456611,8454766.0,1800221521.8,1317624674.4
2008-09-05,'600814,杭州解百,5.96,6.0,5.87,5.9,6.1,-0.14,-2.2951,0.6032,1370271,8146836.0,1849882805.16,1353972941.28
2008-09-04,'600814,杭州解百,6.1,6.15,5.98,6.06,6.01,0.09,1.4975,0.4728,1074176,6511860.0,1893336428.1,1385777674.8
2008-09-03,'600814,杭州解百,6.01,6.1,5.89,6.05,6.07,-0.06,-0.9885,0.5801,1317914,7895756.0,1865401956.21,1365331774.68
2008-09-02,'600814,杭州解百,6.07,6.09,5.94,6.08,6.03,0.04,0.6633,0.4173,948098,5715600.0,1884024937.47,1378962374.76
2008-09-01,'600814,杭州解百,6.03,6.24,6.0,6.17,6.18,-0.15,-2.4272,0.5823,1322822,8120726.0,1871609616.63,1369875308.04
2008-08-29,'600814,杭州解百,6.18,6.28,6.06,6.08,6.04,0.14,2.3179,0.552,1254000,7731877.0,1918167069.78,1403951808.24
2008-08-28,'600814,杭州解百,6.04,6.07,5.92,5.98,5.92,0.12,2.027,0.4781,1086229,6554132.0,1874713446.84,1372147074.72
2008-08-27,'600814,杭州解百,5.92,6.03,5.84,5.97,5.9,0.02,0.339,0.2233,507265,2997614.0,1837467484.32,1344885874.56
2008-08-26,'600814,杭州解百,5.9,6.17,5.88,6.07,6.15,-0.25,-4.065,0.4597,1044300,6254184.0,1831259823.9,1340342341.2
2008-08-25,'600814,杭州解百,6.15,6.18,6.07,6.08,6.11,0.04,0.6547,0.1836,417184,2562897.0,1908855579.15,1397136508.2
2008-08-22,'600814,杭州解百,6.11,6.2,6.02,6.19,6.19,-0.08,-1.2924,0.3695,839352,5126057.0,1896440258.31,1388049441.48
2008-08-21,'600814,杭州解百,6.19,6.45,6.16,6.35,6.47,-0.28,-4.3277,0.7379,1676226,10507656.0,1921270899.99,1406223574.92
2008-08-20,'600814,杭州解百,6.47,6.52,5.85,5.85,5.99,0.48,8.0134,1.1886,2700283,17068610.0,2008178145.87,1469833041.96
2008-08-19,'600814,杭州解百,5.99,6.02,5.63,5.8,5.81,0.18,3.0981,0.3172,720575,4232979.0,1859194295.79,1360788241.32
2008-08-18,'600814,杭州解百,5.81,6.28,5.8,6.28,6.19,-0.38,-6.1389,0.4057,921667,5521364.0,1803325352.01,1319896441.08
2008-08-15,'600814,杭州解百,6.19,6.26,6.11,6.17,6.17,0.02,0.3241,0.293,665602,4128488.0,1921270899.99,1406223574.92
2008-08-14,'600814,杭州解百,6.17,6.25,6.08,6.11,6.23,-0.06,-0.9631,0.3309,751801,4656325.0,1915063239.57,1401680041.56
2008-08-13,'600814,杭州解百,6.23,6.29,5.88,6.13,6.14,0.09,1.4658,0.6598,1498813,9179315.0,1933686220.83,1415310641.64
2008-08-12,'600814,杭州解百,6.14,6.19,6.01,6.04,6.09,0.05,0.821,0.6058,1376271,8386874.0,1905751748.94,1394864741.52
2008-08-11,'600814,杭州解百,6.09,6.7,6.0,6.64,6.65,-0.56,-8.4211,1.041,2364880,15002259.0,1890232597.89,1383505908.12
2008-08-08,'600814,杭州解百,6.65,7.24,6.62,7.2,7.21,-0.56,-7.767,0.9446,2145918,14885844.0,2064047089.65,1510724842.2
2008-08-07,'600814,杭州解百,7.21,7.34,7.01,7.09,7.06,0.15,2.1246,1.0045,2281947,16458914.0,2237861581.41,1637943776.28
2008-08-06,'600814,杭州解百,7.06,7.12,6.9,7.08,6.97,0.09,1.2912,0.4393,997975,7002130.0,2191304128.26,1603867276.08
2008-08-05,'600814,杭州解百,6.97,7.14,6.92,7.05,7.02,-0.05,-0.7123,0.9545,2168367,15281646.0,2163369656.37,1583421375.96
2008-08-04,'600814,杭州解百,7.02,7.35,7.0,7.3,7.35,-0.33,-4.4898,0.9081,2062975,14864417.0,2178888807.42,1594780209.36
2008-08-01,'600814,杭州解百,7.35,7.4,7.04,7.1,7.14,0.21,2.9412,1.4446,3281906,23865233.0,2281315204.35,1669748509.8
2008-07-31,'600814,杭州解百,7.14,7.34,7.05,7.33,7.27,-0.13,-1.7882,1.0745,2441037,17542401.0,2216134769.94,1622041409.52
2008-07-30,'600814,杭州解百,7.27,7.42,7.2,7.35,7.25,0.02,0.2759,1.895,4305061,31515640.0,2256484562.67,1651574376.36
2008-07-29,'600814,杭州解百,7.25,7.28,7.1,7.13,7.16,0.09,1.257,1.1793,2679132,19301679.0,2250276902.25,1647030843.0
2008-07-28,'600814,杭州解百,7.16,7.24,7.1,7.16,7.12,0.04,0.5618,0.7399,1680789,12051614.0,2222342430.36,1626584942.88
2008-07-25,'600814,杭州解百,7.12,7.23,7.05,7.05,7.14,-0.02,-0.2801,1.0712,2433616,17403071.0,2209927109.52,1617497876.16
2008-07-24,'600814,杭州解百,7.14,7.17,6.94,7.0,6.94,0.2,2.8818,1.2306,2795691,19810044.0,2216134769.94,1622041409.52
2008-07-23,'600814,杭州解百,6.94,7.05,6.87,7.01,6.98,-0.04,-0.5731,0.7149,1624024,11270421.0,2154058165.74,1576606075.92
2008-07-22,'600814,杭州解百,6.98,7.05,6.88,6.96,7.01,-0.03,-0.428,0.7669,1742170,12118345.0,2166473486.58,1585693142.64
2008-07-21,'600814,杭州解百,7.01,7.02,6.59,6.6,6.69,0.32,4.7833,1.1207,2545982,17502788.0,2175784977.21,1592508442.68
2008-07-18,'600814,杭州解百,6.69,6.71,6.38,6.5,6.45,0.24,3.7209,0.6199,1408300,9214457.0,2076462410.49,1519811908.92
2008-07-17,'600814,杭州解百,6.45,6.7,6.42,6.66,6.54,-0.09,-1.3761,0.6885,1564187,10232633.0,2001970485.45,1465289508.6
2008-07-16,'600814,杭州解百,6.54,6.87,6.38,6.75,6.84,-0.3,-4.386,0.9579,2176140,14322332.0,2029904957.34,1485735408.72
2008-07-15,'600814,杭州解百,6.84,7.24,6.83,7.24,7.13,-0.29,-4.0673,0.6903,1568206,10964124.0,2123019863.64,1553888409.12
2008-07-14,'600814,XD杭州解,7.13,7.14,6.92,6.97,7.07,0.06,0.8487,0.4501,1022565,7247237.0,2213030939.73,1619769642.84
2008-07-11,'600814,杭州解百,7.16,7.39,7.02,7.02,7.08,0.08,1.1299,1.155,2623915,18864641.0,2222342430.36,1626584942.88
2008-07-10,'600814,杭州解百,7.08,7.27,7.07,7.15,7.23,-0.15,-2.0747,1.0849,2464695,17638814.0,2197511788.68,1608410809.44
2008-07-09,'600814,杭州解百,7.23,7.26,7.05,7.15,7.15,0.08,1.1189,1.4508,3295785,23621922.0,2244069241.83,1642487309.64
2008-07-08,'600814,杭州解百,7.15,7.23,6.93,7.2,7.18,-0.03,-0.4178,1.0755,2443344,17300874.0,2219238600.15,1624313176.2
2008-07-07,'600814,杭州解百,7.18,7.23,6.79,6.79,6.76,0.42,6.213,1.3575,3083902,21721598.0,2228550090.78,1631128476.24
2008-07-04,'600814,杭州解百,6.76,6.79,6.61,6.66,6.73,0.03,0.4458,0.571,1297073,8689799.0,2098189221.96,1535714275.68
2008-07-03,'600814,杭州解百,6.73,6.85,6.32,6.41,6.54,0.19,2.9052,0.9711,2206019,14792607.0,2088877731.33,1528898975.64
2008-07-02,'600814,杭州解百,6.54,6.63,6.44,6.54,6.44,0.1,1.5528,0.3072,697903,4566511.0,2029904957.34,1485735408.72
2008-07-01,'600814,杭州解百,6.44,6.69,6.41,6.63,6.65,-0.21,-3.1579,0.3842,872779,5679751.0,1998866655.24,1463017741.92
2008-06-30,'600814,杭州解百,6.65,6.81,6.4,6.41,6.42,0.23,3.5826,0.9731,2210666,14646519.0,2064047089.65,1510724842.2
2008-06-27,'600814,杭州解百,6.42,6.6,6.31,6.6,6.82,-0.4,-5.8651,0.9224,2095559,13536819.0,1992658994.82,1458474208.56
2008-06-26,'600814,杭州解百,6.82,6.95,6.68,6.72,6.78,0.04,0.59,1.0573,2401954,16355282.0,2116812203.22,1549344875.76
2008-06-25,'600814,杭州解百,6.78,6.79,6.4,6.49,6.44,0.34,5.2795,0.9579,2176070,14507669.0,2104396882.38,1540257809.04
2008-06-24,'600814,杭州解百,6.44,6.52,6.23,6.23,6.22,0.22,3.537,0.4525,1027963,6578799.0,1998866655.24,1463017741.92
2008-06-23,'600814,杭州解百,6.22,6.41,6.2,6.22,6.4,-0.18,-2.8125,0.33,749600,4731194.0,1930582390.62,1413038874.96
2008-06-20,'600814,杭州解百,6.4,6.55,5.92,6.2,6.11,0.29,4.7463,1.0202,2317705,14635176.0,1986451334.4,1453930675.2
2008-06-19,'600814,杭州解百,6.11,6.76,6.09,6.69,6.77,-0.66,-9.7489,1.0931,2483361,15789748.0,1896440258.31,1388049441.48
2008-06-18,'600814,杭州解百,6.77,6.83,6.28,6.46,6.43,0.34,5.2877,0.9212,2092846,13839976.0,2101293052.17,1537986042.36
2008-06-17,'600814,杭州解百,6.43,6.97,6.4,6.9,6.88,-0.45,-6.5407,1.0479,2380514,15816935.0,1995762825.03,1460745975.24
2008-06-16,'600814,杭州解百,6.88,7.37,6.88,7.28,7.23,-0.35,-4.8409,0.8138,1848650,12977457.0,2135435184.48,1562975475.84
2008-06-13,'600814,杭州解百,7.23,7.46,7.21,7.32,7.29,-0.06,-0.823,1.1588,2632465,19372917.0,2244069241.83,1642487309.64
2008-06-12,'600814,杭州解百,7.29,7.38,7.12,7.31,7.27,0.02,0.2751,0.5607,1273792,9207135.0,2262692223.09,1656117909.72
2008-06-11,'600814,杭州解百,7.27,7.57,7.11,7.47,7.47,-0.2,-2.6774,0.6687,1519187,11107475.0,2256484562.67,1651574376.36
2008-06-10,'600814,杭州解百,7.47,7.97,7.43,7.91,8.26,-0.79,-9.5642,1.3974,3174468,24289306.0,2318561166.87,1697009709.96
2008-06-06,'600814,杭州解百,8.26,8.29,8.15,8.23,8.18,0.08,0.978,0.2958,672007,5532988.0,2563763753.46,1876479277.68
2008-06-05,'600814,杭州解百,8.18,8.32,8.15,8.28,8.24,-0.06,-0.7282,0.6647,1509944,12408077.0,2538933111.78,1858305144.24
2008-06-04,'600814,杭州解百,8.24,8.4,8.17,8.4,8.41,-0.17,-2.0214,0.513,1165436,9604774.0,2557556093.04,1871935744.32
2008-06-03,'600814,杭州解百,8.41,8.44,8.28,8.31,8.36,0.05,0.5981,0.5947,1350971,11314973.0,2610321206.61,1910555777.88
2008-06-02,'600814,杭州解百,8.36,8.44,8.2,8.38,8.34,0.02,0.2398,0.4305,977964,8142125.0,2594802055.56,1899196944.48
2008-05-30,'600814,杭州解百,8.34,8.45,8.2,8.2,8.25,0.09,1.0909,0.5849,1328708,11015898.0,2588594395.14,1894653411.12
2008-05-29,'600814,杭州解百,8.25,8.65,8.23,8.6,8.64,-0.39,-4.5139,1.0225,2322919,19534826.0,2560659923.25,1874207511.0
2008-05-28,'600814,杭州解百,8.64,8.69,8.38,8.45,8.46,0.18,2.1277,0.8121,1844964,15711163.0,2681709301.44,1962806411.52
2008-05-27,'600814,杭州解百,8.46,8.51,8.28,8.31,8.59,-0.13,-1.5134,0.7593,1725040,14476291.0,2625840357.66,1921914611.28
2008-05-26,'600814,杭州解百,0.0,0.0,0.0,0.0,8.59,None,None,0.0,0,0.0,2666190150.39,1951447578.12
2008-05-23,'600814,杭州解百,8.59,8.78,8.4,8.68,8.72,-0.13,-1.4908,1.1072,2515200,21511189.0,2666190150.39,1951447578.12
2008-05-22,'600814,杭州解百,8.72,8.99,8.7,8.81,9.02,-0.3,-3.3259,1.0193,2315567,20435652.0,2706539943.12,1980980544.96
2008-05-21,'600814,杭州解百,9.02,9.08,8.5,8.78,8.7,0.32,3.6782,1.7431,3960000,34553345.0,2799654849.42,2049133545.36
2008-05-20,'600814,杭州解百,8.7,9.4,8.65,9.4,9.33,-0.63,-6.7524,1.8279,4152520,37622965.0,2700332282.7,1976437011.6
2008-05-19,'600814,杭州解百,9.33,9.49,9.2,9.41,9.3,0.03,0.3226,1.2847,2918596,27259045.0,2895873585.93,2119558312.44
2008-05-16,'600814,杭州解百,9.3,9.79,9.08,9.69,9.7,-0.4,-4.1237,2.1953,4987155,46975832.0,2886562095.3,2112743012.4
2008-05-15,'600814,杭州解百,9.7,9.9,9.55,9.75,9.74,-0.04,-0.4107,2.7039,6142649,59749402.0,3010715303.7,2203613679.6
2008-05-14,'600814,杭州解百,9.74,9.83,9.59,9.74,9.7,0.04,0.4124,2.3116,5251451,50958102.0,3023130624.54,2212700746.32
2008-05-13,'600814,杭州解百,9.7,9.86,9.26,9.33,9.51,0.19,1.9979,3.8178,8673078,83717771.0,3010715303.7,2203613679.6
2008-05-12,'600814,杭州解百,9.51,9.6,9.0,9.07,9.15,0.36,3.9344,2.0906,4749415,44632512.0,2951742529.71,2160450112.68
2008-05-09,'600814,杭州解百,9.15,9.35,8.96,9.32,9.29,-0.14,-1.507,1.2626,2868409,26335924.0,2840004642.15,2078666512.2
2008-05-08,'600814,杭州解百,9.29,9.38,8.9,8.94,9.02,0.27,2.9933,1.5543,3530910,32518687.0,2883458265.09,2110471245.72
2008-05-07,'600814,杭州解百,9.02,9.53,9.0,9.41,9.37,-0.35,-3.7353,1.7441,3962262,36637230.0,2799654849.42,2049133545.36
2008-05-06,'600814,杭州解百,9.37,9.66,9.36,9.49,9.62,-0.25,-2.5988,2.0157,4579310,43581004.0,2908288906.77,2128645379.16
2008-05-05,'600814,杭州解百,9.62,9.65,9.24,9.51,9.4,0.22,2.3404,2.7778,6310563,59716541.0,2985884662.02,2185439546.16
2008-04-30,'600814,杭州解百,9.4,9.46,9.06,9.12,9.07,0.33,3.6384,2.8417,6455732,59967805.0,2917600397.4,2135460679.2
2008-04-29,'600814,杭州解百,9.07,9.48,9.03,9.31,8.77,0.3,3.4208,2.5589,5813223,53639242.0,2815174000.47,2060492378.76
2008-04-28,'600814,杭州解百,8.77,8.95,8.7,8.78,8.8,-0.03,-0.3409,0.9688,2200922,19393638.0,2722059094.17,1992339378.36
2008-04-25,'600814,杭州解百,8.8,9.15,8.8,8.98,9.13,-0.33,-3.6145,2.0732,4709792,42211868.0,2731370584.8,1999154678.4
2008-04-24,'600814,杭州解百,9.13,9.2,8.71,9.0,8.37,0.76,9.08,3.1206,7089308,63621520.0,2833796981.73,2074122978.84
2008-04-23,'600814,杭州解百,8.37,8.44,7.75,7.95,8.0,0.37,4.625,1.1818,2684776,21842328.0,2597905885.77,1901468711.16
2008-04-22,'600814,杭州解百,8.0,8.08,7.45,8.0,7.99,0.01,0.1252,1.1673,2651879,20567745.0,2483064168.0,1817413344.0
2008-04-21,'600814,杭州解百,7.99,8.55,7.85,8.4,7.83,0.16,2.0434,1.3067,2968596,24342023.0,2479960337.79,1815141577.32
2008-04-18,'600814,杭州解百,7.83,8.19,7.69,8.17,8.15,-0.32,-3.9264,0.9484,2154553,17079422.0,2430299054.43,1778793310.44
2008-04-17,'600814,杭州解百,8.15,8.52,8.06,8.3,8.36,-0.21,-2.512,0.854,1940127,16007122.0,2529621621.15,1851489844.2
2008-04-16,'600814,杭州解百,8.36,8.68,8.35,8.49,8.58,-0.22,-2.5641,0.516,1172172,9970048.0,2594802055.56,1899196944.48
2008-04-15,'600814,杭州解百,8.58,8.58,8.12,8.3,8.17,0.41,5.0184,0.6782,1540788,12880529.0,2663086320.18,1949175811.44
2008-04-14,'600814,杭州解百,8.17,8.7,8.15,8.59,8.79,-0.62,-7.0535,1.0256,2329913,19531240.0,2535829281.57,1856033377.56
2008-04-11,'600814,杭州解百,8.79,8.84,8.5,8.5,8.54,0.25,2.9274,1.103,2505840,21786886.0,2728266754.59,1996882911.72
2008-04-10,'600814,杭州解百,8.54,8.59,8.1,8.2,8.35,0.19,2.2754,0.8584,1950069,16284452.0,2650670999.34,1940088744.72
2008-04-09,'600814,杭州解百,8.35,8.86,8.3,8.55,8.71,-0.36,-4.1332,1.5147,3441123,29583067.0,2591698225.35,1896925177.8
2008-04-08,'600814,杭州解百,8.71,8.74,8.22,8.42,8.4,0.31,3.6905,1.5045,3417949,29235104.0,2703436112.91,1978708778.28
2008-04-07,'600814,杭州解百,8.4,8.4,7.77,7.82,7.87,0.53,6.7344,1.2048,2737094,22477792.0,2607217376.4,1908284011.2
2008-04-03,'600814,杭州解百,7.87,7.99,7.5,7.61,7.59,0.28,3.6891,1.062,2412529,18781028.0,2442714375.27,1787880377.16
2008-04-02,'600814,杭州解百,7.59,7.9,7.4,7.71,7.65,-0.06,-0.7843,1.2744,2895030,22275573.0,2355807129.39,1724270910.12
2008-04-01,'600814,杭州解百,7.65,8.37,7.58,8.18,8.24,-0.59,-7.1602,1.174,2667144,21033350.0,2374430110.65,1737901510.2
2008-03-31,'600814,杭州解百,8.24,8.5,8.18,8.32,8.51,-0.27,-3.1727,0.562,1276674,10640399.0,2557556093.04,1871935744.32
2008-03-28,'600814,杭州解百,8.51,8.55,8.01,8.17,8.22,0.29,3.528,0.7064,1604871,13306449.0,2641359508.71,1933273444.68
2008-03-27,'600814,杭州解百,8.22,8.8,8.15,8.7,8.78,-0.56,-6.3781,0.9175,2084328,17767478.0,2551348432.62,1867392210.96
2008-03-26,'600814,杭州解百,8.78,8.97,8.66,8.92,8.8,-0.02,-0.2273,0.5646,1282679,11337347.0,2725162924.38,1994611145.04
2008-03-25,'600814,杭州解百,8.8,8.89,8.38,8.43,8.56,0.24,2.8037,0.7702,1749746,15149213.0,2731370584.8,1999154678.4
2008-03-24,'600814,杭州解百,8.56,9.06,8.55,9.06,8.91,-0.35,-3.9282,0.8676,1971079,17334335.0,2656878659.76,1944632278.08
2008-03-21,'600814,杭州解百,8.91,9.02,8.64,8.8,8.79,0.12,1.3652,1.2702,2885697,25532541.0,2765512717.11,2024144111.88
2008-03-20,'600814,杭州解百,8.79,8.94,8.21,8.35,8.41,0.38,4.5184,1.7587,3995430,34421253.0,2728266754.59,1996882911.72
2008-03-19,'600814,杭州解百,8.41,8.65,8.11,8.26,8.02,0.39,4.8628,1.2047,2736825,22857577.0,2610321206.61,1910555777.88
2008-03-18,'600814,杭州解百,8.02,8.71,7.71,8.53,8.53,-0.51,-5.9789,1.4542,3303534,26940309.0,2489271828.42,1821956877.36
2008-03-17,'600814,杭州解百,8.53,9.22,8.4,9.15,9.12,-0.59,-6.4693,1.2807,2909395,25711769.0,2647567169.13,1937816978.04
2008-03-14,'600814,杭州解百,9.12,9.4,9.05,9.26,9.3,-0.18,-1.9355,0.877,1992359,18357418.0,2830693151.52,2071851212.16
2008-03-13,'600814,杭州解百,9.3,9.76,9.05,9.52,9.58,-0.28,-2.9228,1.4069,3196047,30185809.0,2886562095.3,2112743012.4
2008-03-12,'600814,杭州解百,9.58,9.91,9.5,9.83,9.66,-0.08,-0.8282,1.2785,2904538,28236197.0,2973469341.18,2176352479.44
2008-03-11,'600814,杭州解百,9.66,9.7,9.35,9.4,9.55,0.11,1.1518,1.0897,2475490,23600484.0,2998299982.86,2194526612.88
2008-03-10,'600814,杭州解百,9.55,10.08,9.4,10.08,10.09,-0.54,-5.3518,2.2419,5093069,49587767.0,2964157850.55,2169537179.4
2008-03-07,'600814,杭州解百,10.09,10.66,10.0,10.4,10.46,-0.37,-3.5373,3.268,7424180,76182531.0,3131764681.89,2292212580.12
2008-03-06,'600814,杭州解百,10.46,10.65,10.27,10.58,10.57,-0.11,-1.0407,3.5468,8057401,84044641.0,3246606399.66,2376267947.28
2008-03-05,'600814,杭州解百,10.57,10.75,10.36,10.5,10.38,0.19,1.8304,7.4096,16832969,177696619.0,3280748531.97,2401257380.76
2008-03-04,'600814,杭州解百,10.38,10.55,10.1,10.31,10.28,0.1,0.9728,3.6669,8330339,86191715.0,3221775757.98,2358093813.84
2008-03-03,'600814,杭州解百,10.28,10.31,9.98,10.0,10.01,0.27,2.6973,2.1878,4970183,50825346.0,3190737455.88,2335376147.04
2008-02-29,'600814,杭州解百,10.01,10.17,9.92,10.0,9.99,0.02,0.2002,1.3449,3055238,30687547.0,3106934040.21,2274038446.68
2008-02-28,'600814,杭州解百,9.99,10.08,9.72,9.88,9.95,0.04,0.402,1.1816,2684415,26645759.0,3100726379.79,2269494913.32
2008-02-27,'600814,杭州解百,9.95,9.96,9.62,9.7,9.6,0.35,3.6458,1.3093,2974327,29237584.0,3088311058.95,2260407846.6
2008-02-26,'600814,杭州解百,9.6,9.79,9.28,9.72,9.43,0.17,1.8028,1.751,3977824,38067383.0,2979677001.6,2180896012.8
2008-02-25,'600814,杭州解百,9.43,9.88,9.41,9.8,9.76,-0.33,-3.3811,1.2569,2855378,27480837.0,2926911888.03,2142275979.24
2008-02-22,'600814,杭州解百,9.76,10.1,9.51,9.85,9.93,-0.17,-1.712,1.9838,4506630,44159870.0,3029338284.96,2217244279.68
2008-02-21,'600814,杭州解百,9.93,10.18,9.51,9.65,9.7,0.23,2.3711,3.8159,8668788,86519406.0,3082103398.53,2255864313.24
2008-02-20,'600814,杭州解百,9.7,9.75,9.48,9.61,9.59,0.11,1.147,1.6344,3712956,35718522.0,3010715303.7,2203613679.6
2008-02-19,'600814,杭州解百,9.59,9.7,9.48,9.57,9.57,0.02,0.209,1.1924,2708787,25960913.0,2976573171.39,2178624246.12
2008-02-18,'600814,杭州解百,9.57,9.85,9.41,9.42,9.41,0.16,1.7003,2.331,5295420,51049003.0,2970365510.97,2174080712.76
2008-02-15,'600814,杭州解百,9.41,9.45,8.85,9.1,9.1,0.31,3.4066,2.3748,5394922,49919551.0,2920704227.61,2137732445.88
2008-02-14,'600814,杭州解百,9.1,9.2,9.03,9.03,9.02,0.08,0.8869,0.6053,1375173,12535305.0,2824485491.1,2067307678.8
2008-02-13,'600814,杭州解百,9.02,9.16,8.76,8.91,9.04,-0.02,-0.2212,0.9825,2232114,20054721.0,2799654849.42,2049133545.36
2008-02-05,'600814,杭州解百,9.04,9.2,8.86,9.04,9.08,-0.04,-0.4405,0.9708,2205499,19951394.0,2805862509.84,2053677078.72
2008-02-04,'600814,杭州解百,9.08,9.21,8.61,8.7,8.4,0.68,8.0952,1.8265,4149376,37053813.0,2818277830.68,2062764145.44
2008-02-01,'600814,杭州解百,8.4,8.71,8.01,8.58,8.61,-0.21,-2.439,0.9129,2073980,17309138.0,2607217376.4,1908284011.2
2008-01-31,'600814,杭州解百,8.61,9.0,8.6,8.75,8.92,-0.31,-3.4753,0.6837,1553298,13679387.0,2672397810.81,1955991111.48
2008-01-30,'600814,杭州解百,8.92,9.01,8.57,8.77,8.66,0.26,3.0023,1.4099,3202853,28244965.0,2768616547.32,2026415878.56
2008-01-29,'600814,杭州解百,8.66,8.74,8.42,8.42,8.37,0.29,3.4648,0.9484,2154527,18537678.0,2687916961.86,1967349944.88
2008-01-28,'600814,杭州解百,8.37,9.3,8.37,9.3,9.3,-0.93,-10.0,1.9456,4420037,38433001.0,2597905885.77,1901468711.16
2008-01-25,'600814,杭州解百,9.3,9.47,9.19,9.36,9.28,0.02,0.2155,1.2756,2897853,27086271.0,2886562095.3,2112743012.4
2008-01-24,'600814,杭州解百,9.28,9.45,9.14,9.17,9.19,0.09,0.9793,1.8498,4202361,38987058.0,2880354434.88,2108199479.04
2008-01-23,'600814,杭州解百,9.19,9.31,8.72,8.9,8.72,0.47,5.3899,2.3701,5384217,48840246.0,2852419962.99,2087753578.92
2008-01-22,'600814,杭州解百,8.72,9.5,8.72,9.5,9.69,-0.97,-10.0103,3.3694,7654401,69277522.0,2706539943.12,1980980544.96
2008-01-21,'600814,杭州解百,9.69,10.32,9.56,10.32,10.4,-0.71,-6.8269,2.3767,5399396,54064080.0,3007611473.49,2201341912.92
2008-01-18,'600814,杭州解百,10.4,10.43,10.02,10.25,10.22,0.18,1.7613,2.6569,6035842,61615881.0,3227983418.4,2362637347.2
2008-01-17,'600814,杭州解百,10.22,11.16,9.9,11.16,10.99,-0.77,-7.0064,4.7122,10705020,111293175.0,3172114474.62,2321745546.96
2008-01-16,'600814,杭州解百,10.99,11.12,10.76,10.96,10.99,0.0,0.0,3.4553,7849675,85801806.0,3411109400.79,2496671581.32
2008-01-15,'600814,杭州解百,10.99,11.2,10.8,10.8,10.69,0.3,2.8064,5.7161,12985715,143184300.0,3411109400.79,2496671581.32
2008-01-14,'600814,杭州解百,10.69,10.7,10.48,10.58,10.58,0.11,1.0397,2.2757,5169944,54757531.0,3317994494.49,2428518580.92
2008-01-11,'600814,杭州解百,10.58,10.81,10.48,10.8,10.7,-0.12,-1.1215,2.5599,5815601,61802947.0,3283852362.18,2403529147.44
2008-01-10,'600814,杭州解百,10.7,10.71,10.4,10.55,10.56,0.14,1.3258,2.934,6665400,70480062.0,3321098324.7,2430790347.6
2008-01-09,'600814,杭州解百,10.56,10.6,10.24,10.24,10.24,0.32,3.125,1.889,4291339,44908060.0,3277644701.76,2398985614.08
2008-01-08,'600814,杭州解百,10.24,10.83,10.16,10.79,10.67,-0.43,-4.03,2.942,6683501,70413476.0,3178322135.04,2326289080.32
2008-01-07,'600814,杭州解百,10.67,10.69,10.39,10.49,10.52,0.15,1.4259,3.3882,7697133,81272439.0,3311786834.07,2423975047.56
2008-01-04,'600814,杭州解百,10.52,10.73,10.43,10.61,10.61,-0.09,-0.8483,1.8611,4228003,44482393.0,3265229380.92,2389898547.36
2008-01-03,'600814,杭州解百,10.61,10.63,10.24,10.42,10.42,0.19,1.8234,2.5669,5831296,61248848.0,3293163852.81,2410344447.48
2008-01-02,'600814,杭州解百,10.42,10.49,10.1,10.25,10.17,0.25,2.4582,2.3202,5270981,54774519.0,3234191078.82,2367180880.56
2007-12-28,'600814,杭州解百,10.17,10.32,10.1,10.22,10.2,-0.03,-0.2941,1.9221,4366619,44458238.0,3156595323.57,2310386713.56
2007-12-27,'600814,杭州解百,10.2,10.39,10.15,10.35,10.32,-0.12,-1.1628,3.0186,6857510,70128160.0,3165906814.2,2317202013.6
2007-12-26,'600814,杭州解百,10.32,10.35,9.97,10.0,9.98,0.34,3.4068,2.2779,5174812,52859574.0,3203152776.72,2344463213.76
2007-12-25,'600814,杭州解百,9.98,10.15,9.88,9.94,9.97,0.01,0.1003,1.7165,3899420,39072252.0,3097622549.58,2267223146.64
2007-12-24,'600814,杭州解百,9.97,10.19,9.85,9.85,9.79,0.18,1.8386,2.9389,6676426,66971983.0,3094518719.37,2264951379.96
2007-12-21,'600814,杭州解百,9.79,9.87,9.64,9.77,9.78,0.01,0.1022,1.7698,4020525,39245789.0,3038649775.59,2224059579.72
2007-12-20,'600814,杭州解百,9.78,9.85,9.69,9.71,9.7,0.08,0.8247,1.3403,3044868,29705825.0,3035545945.38,2221787813.04
2007-12-19,'600814,杭州解百,9.7,9.78,9.57,9.65,9.59,0.11,1.147,1.5702,3567204,34563256.0,3010715303.7,2203613679.6
2007-12-18,'600814,杭州解百,9.59,9.87,9.44,9.75,9.78,-0.19,-1.9427,1.8898,4293142,41263684.0,2976573171.39,2178624246.12
2007-12-17,'600814,杭州解百,9.78,10.04,9.68,9.74,9.7,0.08,0.8247,4.3914,9976228,98533834.0,3035545945.38,2221787813.04
2007-12-14,'600814,杭州解百,9.7,9.74,9.06,9.14,9.12,0.58,6.3596,3.6024,8183830,77611420.0,3010715303.7,2203613679.6
2007-12-13,'600814,杭州解百,9.12,9.58,9.08,9.46,9.48,-0.36,-3.7975,1.658,3766689,35137837.0,2830693151.52,2071851212.16
2007-12-12,'600814,杭州解百,9.48,9.55,9.21,9.24,9.3,0.18,1.9355,2.815,6394998,60328129.0,2942431039.08,2153634812.64
2007-12-11,'600814,杭州解百,9.3,9.33,9.08,9.28,9.26,0.04,0.432,1.6136,3665802,33754658.0,2886562095.3,2112743012.4
2007-12-10,'600814,杭州解百,9.26,9.28,8.73,8.73,9.02,0.24,2.6608,2.2161,5034428,45953844.0,2874146774.46,2103655945.68
2007-12-07,'600814,杭州解百,9.02,9.05,8.88,8.94,8.91,0.11,1.2346,0.7617,1730494,15561294.0,2799654849.42,2049133545.36
2007-12-06,'600814,杭州解百,8.91,9.0,8.82,8.92,8.9,0.01,0.1124,0.6847,1555580,13850864.0,2765512717.11,2024144111.88
2007-12-05,'600814,杭州解百,8.9,8.91,8.73,8.79,8.79,0.11,1.2514,0.8469,1923892,17021108.0,2762408886.9,2021872345.2
2007-12-04,'600814,杭州解百,8.79,8.88,8.68,8.75,8.75,0.04,0.4571,0.667,1515380,13316843.0,2728266754.59,1996882911.72
2007-12-03,'600814,杭州解百,8.75,8.78,8.55,8.68,8.71,0.04,0.4592,0.4491,1020362,8883486.0,2715851433.75,1987795845.0
2007-11-30,'600814,杭州解百,8.71,8.74,8.55,8.74,8.73,-0.02,-0.2291,0.7604,1727447,14929897.0,2703436112.91,1978708778.28
2007-11-29,'600814,杭州解百,8.73,8.75,8.5,8.61,8.51,0.22,2.5852,0.6991,1588239,13741010.0,2709643773.33,1983252311.64
2007-11-28,'600814,杭州解百,8.51,8.73,8.35,8.65,8.59,-0.08,-0.9313,1.1417,2593744,22112534.0,2641359508.71,1933273444.68
2007-11-27,'600814,杭州解百,8.59,8.7,8.51,8.58,8.57,0.02,0.2334,0.425,965538,8309850.0,2666190150.39,1951447578.12
2007-11-26,'600814,杭州解百,8.57,8.84,8.51,8.8,8.64,-0.07,-0.8102,0.6847,1555546,13528163.0,2659982489.97,1946904044.76
2007-11-23,'600814,杭州解百,8.64,8.65,8.4,8.5,8.45,0.19,2.2485,0.5414,1229957,10499737.0,2681709301.44,1962806411.52
2007-11-22,'600814,杭州解百,8.45,8.86,8.38,8.79,8.91,-0.46,-5.1627,0.8741,1985806,17202055.0,2622736527.45,1919642844.6
2007-11-21,'600814,杭州解百,8.91,9.22,8.86,9.2,9.2,-0.29,-3.1522,1.1255,2556902,23094999.0,2765512717.11,2024144111.88
2007-11-20,'600814,杭州解百,9.2,9.34,9.16,9.16,9.23,-0.03,-0.325,1.574,3575717,33057694.0,2855523793.2,2090025345.6
2007-11-19,'600814,杭州解百,9.23,9.25,9.01,9.01,9.0,0.23,2.5556,1.1308,2569010,23545464.0,2864835283.83,2096840645.64
2007-11-16,'600814,杭州解百,9.0,9.07,8.82,8.92,9.08,-0.08,-0.8811,0.7774,1766002,15759330.0,2793447189.0,2044590012.0
2007-11-15,'600814,杭州解百,9.08,9.24,8.8,8.9,8.99,0.09,1.0011,1.7334,3937858,35584252.0,2818277830.68,2062764145.44
2007-11-14,'600814,杭州解百,8.99,9.04,8.7,8.8,8.65,0.34,3.9306,1.2601,2862539,25404788.0,2790343358.79,2042318245.32
2007-11-13,'600814,杭州解百,8.65,8.8,8.48,8.73,8.63,0.02,0.2317,0.9304,2113574,18250593.0,2684813131.65,1965078178.2
2007-11-12,'600814,杭州解百,8.63,8.74,8.38,8.48,8.65,-0.02,-0.2312,0.7428,1687486,14436973.0,2678605471.23,1960534644.84
2007-11-09,'600814,杭州解百,8.65,8.77,8.33,8.42,8.5,0.15,1.7647,1.6859,3830067,32739471.0,2684813131.65,1965078178.2
2007-11-08,'600814,杭州解百,8.5,8.88,8.39,8.77,8.87,-0.37,-4.1714,1.2813,2910893,25169107.0,2638255678.5,1931001678.0
2007-11-07,'600814,杭州解百,8.87,9.18,8.65,9.11,9.01,-0.14,-1.5538,1.3664,3104149,27355009.0,2753097396.27,2015057045.16
2007-11-06,'600814,杭州解百,9.01,9.18,8.81,8.98,9.02,-0.01,-0.1109,0.6668,1514845,13728681.0,2796551019.21,2046861778.68
2007-11-05,'600814,杭州解百,9.02,9.09,8.61,8.9,8.78,0.24,2.7335,0.947,2151375,19282186.0,2799654849.42,2049133545.36
2007-11-02,'600814,杭州解百,8.78,9.21,8.7,8.73,8.94,-0.16,-1.7897,1.0025,2277479,20296880.0,2725162924.38,1994611145.04
2007-11-01,'600814,杭州解百,8.94,9.5,8.92,9.18,9.22,-0.28,-3.0369,2.2087,5017592,46018157.0,2774824207.74,2030959411.92
2007-10-31,'600814,杭州解百,9.22,9.42,8.65,8.72,8.72,0.5,5.7339,3.0553,6940931,63223807.0,2861731453.62,2094568878.96
2007-10-30,'600814,杭州解百,8.72,8.85,8.2,8.45,8.46,0.26,3.0733,1.4694,3338184,28651431.0,2706539943.12,1980980544.96
2007-10-29,'600814,杭州解百,8.46,8.52,8.06,8.46,8.38,0.08,0.9547,1.4283,3244791,26750044.0,2625840357.66,1921914611.28
2007-10-26,'600814,杭州解百,8.38,8.76,8.23,8.6,8.7,-0.32,-3.6782,1.6452,3737509,31584791.0,2601009715.98,1903740477.84
2007-10-25,'600814,杭州解百,8.7,9.06,8.39,9.05,9.09,-0.39,-4.2904,2.1358,4852080,42093853.0,2700332282.7,1976437011.6
2007-10-24,'600814,杭州解百,9.09,9.33,9.04,9.33,9.32,-0.23,-2.4678,0.787,1787794,16427429.0,2821381660.89,2065035912.12
2007-10-23,'600814,杭州解百,9.32,9.34,9.06,9.11,9.09,0.23,2.5303,0.9838,2234989,20489953.0,2892769755.72,2117286545.76
2007-10-22,'600814,杭州解百,9.09,9.36,9.08,9.26,9.26,-0.17,-1.8359,0.8466,1923187,17698401.0,2821381660.89,2065035912.12
2007-10-19,'600814,杭州解百,9.26,9.56,9.23,9.46,9.41,-0.15,-1.594,0.9329,2119292,19858546.0,2874146774.46,2103655945.68
2007-10-18,'600814,杭州解百,9.41,9.72,9.38,9.67,9.65,-0.24,-2.487,1.3434,3051879,28882074.0,2920704227.61,2137732445.88
2007-10-17,'600814,杭州解百,9.65,9.88,9.58,9.75,9.8,-0.15,-1.5306,1.401,3182683,30846638.0,2995196152.65,2192254846.2
2007-10-16,'600814,杭州解百,9.8,9.9,9.52,9.65,9.65,0.15,1.5544,1.5,3407700,33104301.0,3041753605.8,2226331346.4
2007-10-15,'600814,杭州解百,9.65,9.79,9.37,9.77,9.75,-0.1,-1.0256,1.7379,3948099,37734205.0,2995196152.65,2192254846.2
2007-10-12,'600814,杭州解百,9.75,10.38,9.3,10.19,10.22,-0.47,-4.5988,3.5657,8100339,78852814.0,3026234454.75,2214972513.0
2007-10-11,'600814,杭州解百,10.22,10.62,10.1,10.52,10.45,-0.23,-2.201,2.4888,5654024,58226989.0,3172114474.62,2321745546.96
2007-10-10,'600814,杭州解百,10.45,10.73,10.4,10.72,10.62,-0.17,-1.6008,2.1317,4842746,50972849.0,3243502569.45,2373996180.6
2007-10-09,'600814,杭州解百,10.62,10.64,10.3,10.42,10.42,0.2,1.9194,1.6777,3811391,40012277.0,3296267683.02,2412616214.16
2007-10-08,'600814,杭州解百,10.42,10.83,10.4,10.79,10.6,-0.18,-1.6981,2.1829,4959105,52443712.0,3234191078.82,2367180880.56
2007-09-28,'600814,杭州解百,10.6,10.65,10.38,10.45,10.33,0.27,2.6137,2.4264,5512194,58039262.0,3290060022.6,2408072680.8
2007-09-27,'600814,杭州解百,10.33,10.47,10.19,10.32,10.32,0.01,0.0969,1.6078,3652478,37653727.0,3206256606.93,2346734980.44
2007-09-26,'600814,杭州解百,10.32,10.66,10.25,10.49,10.45,-0.13,-1.244,1.5509,3523254,37016572.0,3203152776.72,2344463213.76
2007-09-25,'600814,杭州解百,10.45,10.54,10.28,10.29,10.29,0.16,1.5549,1.3886,3154508,32886465.0,3243502569.45,2373996180.6
2007-09-24,'600814,杭州解百,10.29,10.55,10.23,10.5,10.47,-0.18,-1.7192,2.1403,4862374,50119499.0,3193841286.09,2337647913.72
2007-09-21,'600814,杭州解百,10.47,10.91,10.29,10.88,10.87,-0.4,-3.6799,2.937,6672133,69715268.0,3249710229.87,2378539713.96
2007-09-20,'600814,杭州解百,10.87,10.97,10.62,10.65,10.6,0.27,2.5472,2.0916,4751623,51127990.0,3373863438.27,2469410381.16
2007-09-19,'600814,杭州解百,10.6,11.05,10.55,11.04,11.0,-0.4,-3.6364,2.1194,4814866,51570441.0,3290060022.6,2408072680.8
2007-09-18,'600814,杭州解百,11.0,11.16,10.7,10.88,10.88,0.12,1.1029,2.545,5781600,63155328.0,3414213231.0,2498943348.0
2007-09-17,'600814,杭州解百,10.88,10.94,10.49,10.5,10.54,0.34,3.2258,2.865,6508501,70352370.0,3376967268.48,2471682147.84
2007-09-14,'600814,杭州解百,10.54,10.64,10.18,10.58,10.59,-0.05,-0.4721,2.6907,6112604,63604556.0,3271437041.34,2394442080.72
2007-09-13,'600814,杭州解百,10.59,10.63,10.2,10.45,10.45,0.14,1.3397,2.653,6026997,62807376.0,3286956192.39,2405800914.12
2007-09-12,'600814,杭州解百,10.45,10.66,10.09,10.3,10.37,0.08,0.7715,2.7455,6237097,64492978.0,3243502569.45,2373996180.6
2007-09-11,'600814,杭州解百,10.37,11.49,10.28,11.36,11.38,-1.01,-8.8752,4.0567,9215897,101800798.0,3218671927.77,2355822047.16
2007-09-10,'600814,杭州解百,11.38,11.52,11.05,11.48,11.6,-0.22,-1.8966,3.9946,9074738,102156657.0,3532158778.98,2585270481.84
2007-09-07,'600814,杭州解百,11.6,12.24,11.59,12.05,12.27,-0.67,-5.4605,4.3566,9897212,117216849.0,3600443043.6,2635249348.8
2007-09-06,'600814,杭州解百,12.27,12.31,11.72,11.93,11.87,0.4,3.3698,7.6498,17378590,208343598.0,3808399667.67,2787457716.36
2007-09-05,'600814,杭州解百,11.87,12.34,11.55,12.29,12.24,-0.37,-3.0229,5.0445,11460037,135954228.0,3684246459.27,2696587049.16
2007-09-04,'600814,杭州解百,12.24,12.5,12.12,12.26,12.18,0.06,0.4926,4.6681,10604859,130520803.0,3799088177.04,2780642416.32
2007-09-03,'600814,杭州解百,12.18,12.28,12.01,12.2,12.02,0.16,1.3311,4.2049,9552638,115922530.0,3780465195.78,2767011816.24
2007-08-31,'600814,杭州解百,12.02,12.25,11.91,12.08,11.96,0.06,0.5017,3.6164,8215718,99621595.0,3730803912.42,2730663549.36
2007-08-30,'600814,杭州解百,11.96,12.1,11.72,11.8,11.69,0.27,2.3097,2.9968,6807955,81444881.0,3712180931.16,2717032949.28
2007-08-29,'600814,杭州解百,11.69,12.11,11.5,11.9,11.96,-0.27,-2.2575,3.0717,6978225,82323253.0,3628377515.49,2655695248.92
2007-08-28,'600814,杭州解百,11.96,12.15,11.73,11.99,12.22,-0.26,-2.1277,2.7727,6299011,75059945.0,3712180931.16,2717032949.28
2007-08-27,'600814,杭州解百,12.22,12.34,11.9,12.31,11.99,0.23,1.9183,4.1292,9380502,113862128.0,3792880516.62,2776098882.96
2007-08-24,'600814,杭州解百,11.99,12.4,11.81,12.4,12.3,-0.31,-2.5203,4.8379,10990657,132699358.0,3721492421.79,2723848249.32
2007-08-23,'600814,杭州解百,12.3,12.55,12.1,12.52,12.31,-0.01,-0.0812,4.0055,9099615,111366001.0,3817711158.3,2794273016.4
2007-08-22,'600814,杭州解百,12.31,12.52,11.5,11.5,11.77,0.54,4.5879,7.5395,17127965,208330766.0,3820814988.51,2796544783.08
2007-08-21,'600814,杭州解百,11.77,11.9,11.45,11.46,11.45,0.32,2.7948,4.2361,9623463,112251870.0,3653208157.17,2673869382.36
2007-08-20,'600814,杭州解百,11.45,11.5,11.18,11.39,10.96,0.49,4.4708,4.0726,9252086,105314546.0,3553885590.45,2601172848.6
2007-08-17,'600814,杭州解百,10.96,11.3,10.91,11.29,11.21,-0.25,-2.2302,2.6362,5988731,66570952.0,3401797910.16,2489856281.28
2007-08-16,'600814,XD杭州解,11.21,11.4,11.08,11.4,11.19,0.02,0.1787,2.6377,5992169,67238943.0,3479393665.41,2546650448.28
2007-08-15,'600814,杭州解百,11.27,11.46,10.98,11.32,11.09,0.18,1.6231,2.9333,6663722,74997757.0,3498016646.67,2560281048.36
2007-08-14,'600814,杭州解百,11.09,11.18,10.85,10.85,10.93,0.16,1.4639,1.9115,4342436,47957530.0,3442147702.89,2519389248.12
2007-08-13,'600814,杭州解百,10.93,11.38,10.81,11.3,11.38,-0.45,-3.9543,3.5277,8014048,88011581.0,3392486419.53,2483040981.24
2007-08-10,'600814,杭州解百,11.38,11.85,11.11,11.85,11.89,-0.51,-4.2893,4.0276,9149716,104288475.0,3532158778.98,2585270481.84
2007-08-09,'600814,杭州解百,11.89,12.08,11.4,11.48,11.4,0.49,4.2982,6.8828,15636104,184128466.0,3690454119.69,2701130582.52
2007-08-08,'600814,杭州解百,11.4,11.7,11.06,11.24,11.4,0.0,0.0,5.1663,11736640,134578506.0,3538366439.4,2589814015.2
2007-08-07,'600814,杭州解百,11.4,11.5,10.94,11.2,11.28,0.12,1.0638,4.897,11124748,124973737.0,3538366439.4,2589814015.2
2007-08-06,'600814,杭州解百,11.28,11.48,11.07,11.4,11.26,0.02,0.1776,3.817,8671384,97892992.0,3501120476.88,2562552815.04
2007-08-03,'600814,杭州解百,11.26,11.4,10.95,11.07,10.85,0.41,3.7788,6.0625,13772632,154551767.0,3494912816.46,2558009281.68
2007-08-02,'600814,杭州解百,10.85,11.0,10.42,10.51,10.45,0.4,3.8278,2.7003,6134546,65819240.0,3367655777.85,2464866847.8
2007-08-01,'600814,杭州解百,10.45,11.18,10.4,11.15,11.11,-0.66,-5.9406,3.9499,8973234,96641913.0,3243502569.45,2373996180.6
2007-07-31,'600814,杭州解百,11.11,11.27,10.8,10.95,11.13,-0.02,-0.1797,3.7692,8562680,94329788.0,3448355363.31,2523932781.48
2007-07-30,'600814,杭州解百,11.13,11.28,10.58,10.7,10.7,0.43,4.0187,3.6402,8269612,90972014.0,3454563023.73,2528476314.84
2007-07-27,'600814,杭州解百,10.7,10.83,10.26,10.41,10.57,0.13,1.2299,2.185,4963724,52799673.0,3321098324.7,2430790347.6
2007-07-26,'600814,杭州解百,10.57,10.69,10.28,10.41,10.39,0.18,1.7324,2.3024,5230607,54991101.0,3280748531.97,2401257380.76
2007-07-25,'600814,杭州解百,10.39,10.44,10.18,10.25,10.23,0.16,1.564,2.1171,4809620,49685317.0,3224879588.19,2360365580.52
2007-07-24,'600814,杭州解百,10.23,10.61,10.12,10.3,10.24,-0.01,-0.0977,3.2565,7397928,76718967.0,3175218304.83,2324017313.64
2007-07-23,'600814,杭州解百,10.24,10.4,9.9,9.93,9.5,0.74,7.7895,5.2186,11855333,120330333.0,3178322135.04,2326289080.32
2007-07-20,'600814,杭州解百,9.5,9.66,8.88,9.0,8.88,0.62,6.982,3.822,8682705,81110451.0,2948638699.5,2158178346.0
2007-07-19,'600814,杭州解百,8.88,8.95,8.6,8.72,8.72,0.16,1.8349,1.0533,2392815,21044710.0,2756201226.48,2017328811.84
2007-07-18,'600814,杭州解百,8.72,8.85,8.55,8.58,8.62,0.1,1.1601,1.0632,2415403,21120983.0,2706539943.12,1980980544.96
2007-07-17,'600814,杭州解百,8.62,8.76,8.29,8.3,8.38,0.24,2.864,0.9846,2236684,19228005.0,2675501641.02,1958262878.16
2007-07-16,'600814,杭州解百,8.38,8.75,8.36,8.75,8.76,-0.38,-4.3379,0.9942,2258534,19424598.0,2601009715.98,1903740477.84
2007-07-13,'600814,杭州解百,8.76,8.9,8.48,8.9,8.87,-0.11,-1.2401,1.3304,3022252,26111388.0,2718955263.96,1990067611.68
2007-07-12,'600814,杭州解百,8.87,8.88,8.66,8.79,8.74,0.13,1.4874,1.3851,3146657,27632897.0,2753097396.27,2015057045.16
2007-07-11,'600814,杭州解百,8.74,8.83,8.58,8.75,8.78,-0.04,-0.4556,1.7008,3863769,33564506.0,2712747603.54,1985524078.32
2007-07-10,'600814,杭州解百,8.78,9.0,8.61,8.66,8.8,-0.02,-0.2273,2.4821,5638849,49721366.0,2725162924.38,1994611145.04
2007-07-09,'600814,杭州解百,8.8,8.86,8.42,8.57,8.47,0.33,3.8961,2.431,5522721,47921825.0,2731370584.8,1999154678.4
2007-07-06,'600814,杭州解百,8.47,8.59,7.91,8.0,7.97,0.5,6.2735,2.7811,6318076,52077736.0,2628944187.87,1924186377.96
2007-07-05,'600814,杭州解百,7.97,8.83,7.97,8.72,8.83,-0.86,-9.7395,2.2834,5187409,42906412.0,2473752677.37,1810598043.96
2007-07-04,'600814,杭州解百,8.83,9.3,8.8,9.3,9.3,-0.47,-5.0538,1.6321,3707731,33322165.0,2740682075.43,2005969978.44
2007-07-03,'600814,杭州解百,9.3,9.32,8.78,9.18,9.13,0.17,1.862,2.4097,5474217,49510796.0,2886562095.3,2112743012.4
2007-07-02,'600814,杭州解百,9.13,9.48,8.55,9.18,9.24,-0.11,-1.1905,2.7267,6194380,55687205.0,2833796981.73,2074122978.84
2007-06-29,'600814,杭州解百,9.24,9.69,9.24,9.28,10.27,-1.03,-10.0292,2.8052,6372751,59657150.0,2867939114.04,2099112412.32
2007-06-28,'600814,杭州解百,0.0,0.0,0.0,0.0,10.27,None,None,0.0,0,0.0,3187633625.67,2333104380.36
2007-06-27,'600814,杭州解百,10.27,10.43,9.93,10.27,10.39,-0.12,-1.155,2.5783,5857382,59593330.0,3187633625.67,2333104380.36
2007-06-26,'600814,杭州解百,10.39,10.51,9.11,9.2,9.55,0.84,8.7958,4.1523,9433092,93498304.0,3224879588.19,2360365580.52
2007-06-25,'600814,杭州解百,9.55,10.7,9.55,10.5,10.61,-1.06,-9.9906,3.6682,8333226,83038988.0,2964157850.55,2169537179.4
2007-06-22,'600814,杭州解百,10.61,11.83,10.61,11.8,11.79,-1.18,-10.0085,5.3946,12255243,136031506.0,3293163852.81,2410344447.48
2007-06-21,'600814,杭州解百,11.79,11.9,11.32,11.63,11.35,0.44,3.8767,4.9464,11237155,131190395.0,3659415817.59,2678412915.72
2007-06-20,'600814,杭州解百,11.35,11.96,11.21,11.37,11.27,0.08,0.7098,6.7667,15372451,179311786.0,3522847288.35,2578455181.8
2007-06-19,'600814,杭州解百,11.27,11.34,11.01,11.3,11.37,-0.1,-0.8795,3.7812,8590110,95879364.0,3498016646.67,2560281048.36
2007-06-18,'600814,杭州解百,11.37,11.77,11.3,11.41,11.15,0.22,1.9731,4.5002,10223511,117455356.0,3529054948.77,2582998715.16
2007-06-15,'600814,杭州解百,11.15,11.44,10.99,11.1,11.19,-0.04,-0.3575,4.9548,11256065,125731831.0,3460770684.15,2533019848.2
2007-06-14,'600814,杭州解百,11.19,11.81,11.12,11.68,11.81,-0.62,-5.2498,5.4355,12348075,141696115.0,3473186004.99,2542106914.92
2007-06-13,'600814,杭州解百,11.81,12.19,11.38,11.69,11.53,0.28,2.4284,7.5073,17054842,200524015.0,3665623478.01,2682956449.08
2007-06-12,'600814,杭州解百,11.53,11.59,10.72,10.89,10.93,0.6,5.4895,8.4998,19309463,216904651.0,3578716232.13,2619346982.04
2007-06-11,'600814,杭州解百,10.93,11.2,10.6,10.71,10.7,0.23,2.1495,6.6279,11559696,125542088.0,3392486419.53,1906303354.84
2007-06-08,'600814,杭州解百,10.7,10.84,10.34,10.65,10.63,0.07,0.6585,6.0698,10586319,111927328.0,3321098324.7,1866189011.6
2007-06-07,'600814,杭州解百,10.63,10.75,10.16,10.45,10.32,0.31,3.0039,7.491,13065075,136780800.0,3299371513.23,1853980298.44
2007-06-06,'600814,杭州解百,10.32,10.68,9.9,10.3,9.91,0.41,4.1372,9.5961,16736535,173914644.0,3203152776.72,1799913140.16
2007-06-05,'600814,杭州解百,9.91,9.91,8.8,9.21,9.01,0.9,9.9889,11.1808,19500386,184349887.0,3075895738.11,1728404963.08
2007-06-04,'600814,杭州解百,9.01,10.5,9.0,10.18,10.0,-0.99,-9.9,7.5073,13093491,124234285.0,2796551019.21,1571435793.88
2007-06-01,'600814,杭州解百,10.0,11.49,10.0,11.21,11.11,-1.11,-9.991,6.1768,10773047,113146674.0,3103830210.0,1744101880.0
2007-05-31,'600814,杭州解百,11.11,12.0,10.86,11.72,12.07,-0.96,-7.9536,7.9839,13924786,155158902.0,3448355363.31,1937697188.68
2007-05-30,'600814,杭州解百,12.07,13.13,12.07,12.46,13.41,-1.34,-9.9925,6.9261,12079828,150699955.0,3746323063.47,2105130969.16
2007-05-29,'600814,杭州解百,13.41,13.57,13.1,13.35,13.0,0.41,3.1538,9.2598,16150059,216015377.0,4162236311.61,2338840621.08
2007-05-28,'600814,杭州解百,13.0,13.22,12.85,12.93,12.79,0.21,1.6419,7.4071,12918805,168598641.0,4034979273.0,2267332444.0
2007-05-25,'600814,杭州解百,12.79,13.1,12.6,13.0,12.96,-0.17,-1.3117,6.9004,12035057,154479659.0,3969798838.59,2230706304.52
2007-05-24,'600814,杭州解百,12.96,13.43,12.65,12.82,12.73,0.23,1.8068,9.9912,17425745,226200665.0,4022563952.16,2260356036.48
2007-05-23,'600814,杭州解百,12.73,12.8,12.27,12.33,12.33,0.4,3.2441,7.1942,12547391,157890334.0,3951175857.33,2220241693.24
2007-05-22,'600814,杭州解百,12.33,12.53,12.08,12.1,12.08,0.25,2.0695,7.2819,12700307,156650928.0,3827022648.93,2150477618.04
2007-05-21,'600814,杭州解百,12.08,12.17,11.4,11.51,12.09,-0.01,-0.0827,5.8631,10225929,121756028.0,3749426893.68,2106875071.04
2007-05-18,'600814,杭州解百,12.09,12.38,11.95,12.2,12.09,0.0,0.0,6.4268,11209012,136436103.0,3752530723.89,2108619172.92
2007-05-17,'600814,杭州解百,12.09,12.19,11.8,12.0,11.89,0.2,1.6821,5.4443,9495353,113859282.0,3752530723.89,2108619172.92
2007-05-16,'600814,杭州解百,11.89,11.96,11.36,11.65,11.92,-0.03,-0.2517,3.7592,6556413,76592626.0,3690454119.69,2073737135.32
2007-05-15,'600814,杭州解百,11.92,12.38,11.56,12.15,12.19,-0.27,-2.2149,5.9924,10451425,124707212.0,3699765610.32,2078969440.96
2007-05-14,'600814,杭州解百,12.19,12.44,11.68,11.9,12.16,0.03,0.2467,6.0575,10564973,128650321.0,3783569025.99,2126060191.72
2007-05-11,'600814,杭州解百,12.16,12.5,11.95,12.5,12.58,-0.42,-3.3386,6.1864,10789752,131451004.0,3774257535.36,2120827886.08
2007-05-10,'600814,杭州解百,12.58,13.15,12.3,13.15,12.8,-0.22,-1.7188,13.8333,24126682,302875989.0,3904618404.18,2194080165.04
2007-05-09,'600814,杭州解百,12.8,12.8,11.45,11.64,11.64,1.16,9.9656,15.6507,27296382,330966733.0,3972902668.8,2232450406.4
2007-05-08,'600814,杭州解百,11.64,12.12,11.56,12.0,11.64,0.0,0.0,7.9462,13858967,162968417.0,3612858364.44,2030134588.32
2007-04-30,'600814,杭州解百,11.64,11.88,11.1,11.16,11.18,0.46,4.1145,7.5568,13179767,151457091.0,3612858364.44,2030134588.32
2007-04-27,'600814,杭州解百,11.18,11.33,11.05,11.19,11.14,0.04,0.3591,5.4543,9512924,106420151.0,3470082174.78,1949905901.84
2007-04-26,'600814,杭州解百,11.14,11.38,10.98,11.18,11.11,0.03,0.27,4.9326,8602924,95952667.0,3457666853.94,1942929494.32
2007-04-25,'600814,杭州解百,11.11,11.6,10.98,11.35,11.3,-0.19,-1.6814,8.5392,14893245,167259030.0,3448355363.31,1937697188.68
2007-04-24,'600814,杭州解百,11.3,11.4,10.67,11.0,10.99,0.31,2.8207,10.9571,19110296,208700568.0,3507328137.3,1970835124.4
2007-04-23,'600814,杭州解百,10.99,11.15,10.85,10.88,10.7,0.29,2.7103,8.2166,14330500,157571534.0,3411109400.79,1916767966.12
2007-04-20,'600814,杭州解百,10.7,11.1,10.45,10.5,10.41,0.29,2.7858,8.473,14777855,158743383.0,3321098324.7,1866189011.6
2007-04-19,'600814,杭州解百,10.41,11.15,10.01,11.15,11.11,-0.7,-6.3006,9.5992,16741937,176751237.0,3231087248.61,1815610057.08
2007-04-18,'600814,杭州解百,11.11,11.11,10.0,10.13,10.1,1.01,10.0,11.1298,19411530,209484061.0,3448355363.31,1937697188.68
2007-04-17,'600814,杭州解百,10.1,10.2,9.2,9.47,9.46,0.64,6.7653,9.6291,16794142,162846186.0,3134868512.1,1761542898.8
2007-04-16,'600814,杭州解百,9.46,9.55,9.11,9.15,9.18,0.28,3.0501,6.1534,10732086,100055077.0,2936223378.66,1649920378.48
2007-04-13,'600814,杭州解百,9.18,9.49,9.16,9.28,9.32,-0.14,-1.5021,5.4113,9437799,88079944.0,2849316132.78,1601085525.84
2007-04-12,'600814,杭州解百,9.32,9.52,9.25,9.3,9.31,0.01,0.1074,5.5372,9657501,90262817.0,2892769755.72,1625502952.16
2007-04-11,'600814,杭州解百,9.31,9.5,8.91,8.91,8.89,0.42,4.7244,8.8397,15417334,142011274.0,2889665925.51,1623758850.28
2007-04-10,'600814,杭州解百,8.89,9.0,8.53,8.91,8.9,-0.01,-0.1124,5.3602,9348811,82342171.0,2759305056.69,1550506571.32
2007-04-09,'600814,杭州解百,8.9,9.26,8.82,8.9,8.87,0.03,0.3382,6.4233,11202965,101301131.0,2762408886.9,1552250673.2
2007-04-06,'600814,杭州解百,8.87,8.96,8.76,8.83,8.95,-0.08,-0.8939,5.3906,9401705,83136963.0,2753097396.27,1547018367.56
2007-04-05,'600814,杭州解百,8.95,9.09,8.75,8.78,8.85,0.1,1.1299,5.0696,8841818,79030217.0,2777928037.95,1560971182.6
2007-04-04,'600814,杭州解百,8.85,9.11,8.67,8.67,8.66,0.19,2.194,7.9733,13906250,123902515.0,2746889735.85,1543530163.8
2007-04-03,'600814,杭州解百,8.66,8.69,8.51,8.6,8.6,0.06,0.6977,4.6259,8068056,69351769.0,2687916961.86,1510392228.08
2007-04-02,'600814,杭州解百,8.6,8.81,8.51,8.66,8.5,0.1,1.1765,5.8477,10199014,88213245.0,2669293980.6,1499927616.8
2007-03-30,'600814,杭州解百,8.5,8.5,7.92,7.96,7.96,0.54,6.7839,6.5789,11474228,94035678.0,2638255678.5,1482486598.0
2007-03-29,'600814,杭州解百,7.96,8.2,7.86,8.19,8.22,-0.26,-3.163,6.57,11458832,91976800.0,2470648847.16,1388305096.48
2007-03-28,'600814,杭州解百,8.22,8.61,7.75,8.58,8.61,-0.39,-4.5296,8.3296,14527620,119888773.0,2551348432.62,1433651745.36
2007-03-27,'600814,杭州解百,8.61,8.8,8.54,8.66,8.6,0.01,0.1163,4.8387,8439100,72974387.0,2672397810.81,1501671718.68
2007-03-26,'600814,杭州解百,8.6,8.76,8.43,8.55,8.55,0.05,0.5848,5.066,8835577,75871255.0,2669293980.6,1499927616.8
2007-03-23,'600814,杭州解百,8.55,8.69,8.02,8.16,8.22,0.33,4.0146,7.1963,12551061,105204611.0,2653774829.55,1491207107.4
2007-03-22,'600814,杭州解百,8.22,8.35,7.91,7.95,7.93,0.29,3.657,7.2964,12725670,103819178.0,2551348432.62,1433651745.36
2007-03-21,'600814,杭州解百,7.93,8.06,7.8,7.96,7.98,-0.05,-0.6266,4.1864,7301539,57803819.0,2461337356.53,1383072790.84
2007-03-20,'600814,杭州解百,7.98,8.12,7.83,7.97,7.91,0.07,0.885,4.746,8277448,65996796.0,2476856507.58,1391793300.24
2007-03-19,'600814,杭州解百,7.91,7.97,7.28,7.37,7.65,0.26,3.3987,7.9464,13859388,108072835.0,2455129696.11,1379584587.08
2007-03-16,'600814,杭州解百,7.65,7.85,7.4,7.68,7.59,0.06,0.7905,7.0176,12239363,93080056.0,2374430110.65,1334237938.2
2007-03-15,'600814,杭州解百,7.59,7.97,7.23,7.26,7.28,0.31,4.2582,8.5625,14933906,114010204.0,2355807129.39,1323773326.92
2007-03-14,'600814,杭州解百,7.28,7.48,6.97,7.15,7.24,0.04,0.5525,6.8274,11907736,85412650.0,2259588392.88,1269706168.64
2007-03-13,'600814,杭州解百,7.24,7.28,7.08,7.23,7.23,0.01,0.1383,4.2857,7474612,53816809.0,2247173072.04,1262729761.12
2007-03-12,'600814,杭州解百,7.23,7.34,7.02,7.28,7.23,0.0,0.0,4.3073,7512401,54129940.0,2244069241.83,1260985659.24
2007-03-09,'600814,杭州解百,7.23,7.24,6.95,7.06,7.08,0.15,2.1186,6.4673,11279590,80201898.0,2244069241.83,1260985659.24
2007-03-08,'600814,杭州解百,7.08,7.09,6.86,7.05,7.03,0.05,0.7112,3.4454,6009149,42013288.0,2197511788.68,1234824131.04
2007-03-07,'600814,杭州解百,7.03,7.1,6.95,6.97,6.97,0.06,0.8608,3.7043,6460618,45372910.0,2181992637.63,1226103621.64
2007-03-06,'600814,杭州解百,6.97,7.03,6.71,6.9,6.95,0.02,0.2878,4.8014,8374059,57810214.0,2163369656.37,1215639010.36
2007-03-05,'600814,杭州解百,6.95,6.99,6.5,6.54,6.55,0.4,6.1069,7.3874,12884305,87057219.0,2157161995.95,1212150806.6
2007-03-02,'600814,杭州解百,6.55,6.67,6.35,6.35,6.39,0.16,2.5039,3.2243,5623523,36781262.0,2033008787.55,1142386731.4
2007-03-01,'600814,杭州解百,6.39,6.75,6.3,6.75,6.77,-0.38,-5.613,4.9905,8704020,56482817.0,1983347504.19,1114481101.32
2007-02-28,'600814,杭州解百,6.77,6.9,6.41,6.5,6.6,0.17,2.5758,5.8331,10173481,67295243.0,2101293052.17,1180756972.76
2007-02-27,'600814,杭州解百,6.6,7.4,6.6,7.34,7.33,-0.73,-9.9591,8.0993,14125980,98538576.0,2048527938.6,1151107240.8
2007-02-26,'600814,杭州解百,7.33,7.38,7.05,7.12,7.09,0.24,3.385,5.5481,9676368,69824929.0,2275107543.93,1278426678.04
2007-02-16,'600814,杭州解百,7.09,7.54,7.01,7.01,7.0,0.09,1.2857,7.0691,12329212,89073460.0,2200615618.89,1236568232.92
2007-02-15,'600814,杭州解百,7.0,7.05,6.88,6.88,6.87,0.13,1.8923,5.5201,9627544,67028679.0,2172681147.0,1220871316.0
2007-02-14,'600814,杭州解百,6.87,7.07,6.76,6.87,6.93,-0.06,-0.8658,6.6666,11627280,80364786.0,2132331354.27,1198197991.56
2007-02-13,'600814,杭州解百,6.93,7.05,6.7,6.96,6.71,0.22,3.2787,14.499,25287668,172424434.0,2150954335.53,1208662602.84
2007-02-12,'600814,杭州解百,6.71,6.76,6.35,6.36,6.33,0.38,6.0032,8.5364,14888275,97318913.0,2082670070.91,1170292361.48
2007-02-09,'600814,杭州解百,6.33,6.42,6.15,6.33,6.31,0.02,0.317,5.3748,9374127,59194366.0,1964724522.93,1104016490.04
2007-02-08,'600814,杭州解百,6.31,6.35,6.12,6.16,6.15,0.16,2.6016,5.4726,9544729,59970592.0,1958516862.51,1100528286.28
2007-02-07,'600814,杭州解百,6.15,6.19,6.04,6.08,6.12,0.03,0.4902,3.7761,6585912,40281074.0,1908855579.15,1072622656.2
2007-02-06,'600814,杭州解百,6.12,6.15,5.99,6.0,5.94,0.18,3.0303,3.1339,5465824,33217825.0,1899544088.52,1067390350.56
2007-02-05,'600814,杭州解百,5.94,5.98,5.78,5.8,5.82,0.12,2.0619,2.3511,4100481,24201946.0,1843675144.74,1035996516.72
2007-02-02,'600814,杭州解百,5.82,6.04,5.76,5.91,5.82,0.0,0.0,3.4195,5964027,35312094.0,1806429182.22,1015067294.16
2007-02-01,'600814,杭州解百,5.82,5.9,5.68,5.76,5.79,0.03,0.5181,2.9183,5089780,29597338.0,1806429182.22,1015067294.16
2007-01-31,'600814,杭州解百,5.79,6.15,5.72,5.91,5.93,-0.14,-2.3609,5.0159,8748199,52446773.0,1797117691.59,1009834988.52
2007-01-30,'600814,杭州解百,5.93,6.16,5.82,6.06,6.06,-0.13,-2.1452,3.7521,6543992,39215471.0,1840571314.53,1034252414.84
2007-01-29,'600814,杭州解百,6.06,6.09,5.85,5.86,5.83,0.23,3.9451,3.8181,6659233,39857012.0,1880921107.26,1056925739.28
2007-01-26,'600814,杭州解百,5.83,5.87,5.56,5.79,5.87,-0.04,-0.6814,5.1586,8997160,51384357.0,1809533012.43,1016811396.04
2007-01-25,'600814,杭州解百,5.87,6.3,5.85,6.3,6.34,-0.47,-7.4132,5.8982,10287037,62235198.0,1821948333.27,1023787803.56
2007-01-24,'600814,杭州解百,6.34,6.45,6.2,6.28,6.33,0.01,0.158,5.2543,9164035,57767007.0,1967828353.14,1105760591.92
2007-01-23,'600814,杭州解百,6.33,6.5,6.1,6.5,6.53,-0.2,-3.0628,7.3525,12823533,80471644.0,1964724522.93,1104016490.04
2007-01-22,'600814,杭州解百,6.53,6.54,6.31,6.45,6.38,0.15,2.3511,8.3857,14625541,94268581.0,2026801127.13,1138898527.64
2007-01-19,'600814,杭州解百,6.38,6.42,6.07,6.2,6.15,0.23,3.7398,7.7184,13461747,83769546.0,1980243673.98,1112736999.44
2007-01-18,'600814,杭州解百,6.15,6.18,5.8,6.07,6.09,0.06,0.9852,5.7773,10076238,60490139.0,1908855579.15,1072622656.2
2007-01-17,'600814,杭州解百,6.09,6.56,5.88,6.21,6.12,-0.03,-0.4902,9.999,17439292,109007277.0,1890232597.89,1062158044.92
2007-01-16,'600814,杭州解百,6.12,6.18,5.84,5.88,5.84,0.28,4.7945,8.035,14013800,84664607.0,1899544088.52,1067390350.56
2007-01-15,'600814,杭州解百,5.84,5.87,5.43,5.43,5.43,0.41,7.5506,4.9044,8553828,48788604.0,1812636842.64,1018555497.92
2007-01-12,'600814,杭州解百,5.43,5.95,5.41,5.81,5.82,-0.39,-6.701,5.6678,9885143,56306028.0,1685379804.03,947047320.84
2007-01-11,'600814,杭州解百,5.82,6.21,5.66,5.69,5.69,0.13,2.2847,9.8134,17115642,102151822.0,1806429182.22,1015067294.16
2007-01-10,'600814,杭州解百,5.69,5.75,5.35,5.4,5.4,0.29,5.3704,7.573,13208144,73591402.0,1766079389.49,992393969.72
2007-01-09,'600814,杭州解百,5.4,5.47,5.3,5.37,5.35,0.05,0.9346,4.1019,7154152,38662973.0,1676068313.4,941815015.2
2007-01-08,'600814,杭州解百,5.35,5.37,5.12,5.14,5.14,0.21,4.0856,5.1477,8978178,47251811.0,1660549162.35,933094505.8
2007-01-05,'600814,杭州解百,5.14,5.14,5.01,5.08,5.04,0.1,1.9841,2.2989,4009457,20436923.0,1595368727.94,896468366.32
2007-01-04,'600814,杭州解百,5.04,5.15,5.0,5.13,5.11,-0.07,-1.3699,2.8771,5017919,25364043.0,1564330425.84,879027347.52
2006-12-29,'600814,杭州解百,5.11,5.12,5.0,5.0,4.99,0.12,2.4048,2.6614,4641697,23389595.0,1586057237.31,891236060.68
2006-12-28,'600814,杭州解百,4.99,5.18,4.88,5.18,5.14,-0.15,-2.9183,2.8584,4985385,25039349.0,1548811274.79,870306838.12
2006-12-27,'600814,杭州解百,5.14,5.23,5.12,5.15,5.15,-0.01,-0.1942,1.7811,3106394,16040347.0,1595368727.94,896468366.32
2006-12-26,'600814,杭州解百,5.15,5.35,5.11,5.27,5.27,-0.12,-2.277,1.8799,3278681,16982500.0,1598472558.15,898212468.2
2006-12-25,'600814,杭州解百,5.27,5.4,5.2,5.25,5.26,0.01,0.1901,2.4702,4308308,22810815.0,1635718520.67,919141690.76
2006-12-22,'600814,杭州解百,5.26,5.43,5.16,5.34,5.39,-0.13,-2.4119,2.9166,5086913,26847336.0,1632614690.46,917397588.88
2006-12-21,'600814,杭州解百,5.39,5.56,5.38,5.43,5.43,-0.04,-0.7366,6.4564,11260573,61555857.0,1672964483.19,940070913.32
2006-12-20,'600814,杭州解百,5.43,5.5,5.19,5.23,5.19,0.24,4.6243,6.9467,12115778,65302417.0,1685379804.03,947047320.84
2006-12-19,'600814,杭州解百,5.19,5.29,5.05,5.25,5.23,-0.04,-0.7648,3.3318,5810974,29867237.0,1610887878.99,905188875.72
2006-12-18,'600814,杭州解百,5.23,5.28,5.18,5.23,5.23,0.0,0.0,3.6762,6411592,33526872.0,1623303199.83,912165283.24
2006-12-15,'600814,杭州解百,5.23,5.26,5.12,5.12,5.1,0.13,2.549,5.0904,8878135,46179174.0,1623303199.83,912165283.24
2006-12-14,'600814,杭州解百,5.1,5.16,4.93,4.97,4.95,0.15,3.0303,2.821,4920093,24969962.0,1582953407.1,889491958.8
2006-12-13,'600814,杭州解百,4.95,5.02,4.92,5.0,5.05,-0.1,-1.9802,1.4404,2512256,12429580.0,1536395953.95,863330430.6
2006-12-12,'600814,杭州解百,5.05,5.08,4.91,5.05,5.03,0.02,0.3976,1.6897,2947029,14739446.0,1567434256.05,880771449.4
2006-12-11,'600814,杭州解百,5.03,5.04,4.86,4.87,4.91,0.12,2.444,1.569,2736436,13619725.0,1561226595.63,877283245.64
2006-12-08,'600814,杭州解百,4.91,5.12,4.9,5.09,5.11,-0.2,-3.9139,3.2497,5667891,28400557.0,1523980633.11,856354023.08
2006-12-07,'600814,杭州解百,5.11,5.29,5.0,5.01,5.0,0.11,2.2,5.7459,10021497,51982662.0,1586057237.31,891236060.68
2006-12-06,'600814,杭州解百,5.0,5.19,4.83,5.14,5.14,-0.14,-2.7237,3.2843,5728091,28952946.0,1551915105.0,872050940.0
2006-12-05,'600814,杭州解百,5.14,5.16,4.99,5.05,5.05,0.09,1.7822,3.9498,6888930,35029941.0,1595368727.94,896468366.32
2006-12-04,'600814,杭州解百,5.05,5.1,4.93,4.94,4.96,0.09,1.8145,2.6803,4674772,23536489.0,1567434256.05,880771449.4
2006-12-01,'600814,杭州解百,4.96,5.07,4.95,5.05,5.05,-0.09,-1.7822,2.2016,3839818,19147320.0,1539499784.16,865074532.48
2006-11-30,'600814,杭州解百,5.05,5.1,4.97,5.0,4.99,0.06,1.2024,2.5426,4434612,22292071.0,1567434256.05,880771449.4
2006-11-29,'600814,杭州解百,4.99,5.0,4.8,4.96,5.01,-0.02,-0.3992,1.76,3069641,15125070.0,1548811274.79,870306838.12
2006-11-28,'600814,杭州解百,5.01,5.13,4.94,4.95,4.94,0.07,1.417,2.4944,4350431,21978874.0,1555018935.21,873795041.88
2006-11-27,'600814,杭州解百,4.94,4.96,4.87,4.95,4.9,0.04,0.8163,1.3779,2403139,11783700.0,1533292123.74,861586328.72
2006-11-24,'600814,杭州解百,4.9,4.96,4.73,4.74,4.76,0.14,2.9412,1.9703,3436467,16698680.0,1520876802.9,854609921.2
2006-11-23,'600814,杭州解百,4.76,4.83,4.72,4.73,4.76,0.0,0.0,1.3466,2348671,11231287.0,1477423179.96,830192494.88
2006-11-22,'600814,杭州解百,4.76,4.82,4.59,4.59,4.6,0.16,3.4783,2.437,4250389,20226735.0,1477423179.96,830192494.88
2006-11-21,'600814,杭州解百,4.6,4.61,4.49,4.55,4.55,0.05,1.0989,0.9853,1718414,7816247.0,1427761896.6,802286864.8
2006-11-20,'600814,杭州解百,4.55,4.64,4.5,4.53,4.53,0.02,0.4415,1.2082,2107147,9615266.0,1412242745.55,793566355.4
2006-11-17,'600814,杭州解百,4.53,4.54,4.43,4.49,4.51,0.02,0.4435,0.7606,1326586,5986745.0,1406035085.13,790078151.64
2006-11-16,'600814,杭州解百,4.51,4.68,4.5,4.68,4.66,-0.15,-3.2189,1.3582,2368806,10814603.0,1399827424.71,786589947.88
2006-11-15,'600814,杭州解百,4.66,4.68,4.5,4.58,4.58,0.08,1.7467,1.0448,1822170,8402455.0,1446384877.86,812751476.08
2006-11-14,'600814,杭州解百,4.58,4.59,4.4,4.52,4.54,0.04,0.8811,1.0735,1872319,8432958.0,1421554236.18,798798661.04
2006-11-13,'600814,杭州解百,4.54,4.85,4.5,4.81,4.86,-0.32,-6.5844,1.8513,3228810,15054584.0,1409138915.34,791822253.52
2006-11-10,'600814,杭州解百,4.86,5.03,4.85,5.01,5.03,-0.17,-3.3797,1.5383,2682865,13130497.0,1508461482.06,847633513.68
2006-11-09,'600814,杭州解百,5.03,5.05,4.95,5.0,5.02,0.01,0.1992,1.3338,2326327,11642730.0,1561226595.63,877283245.64
2006-11-08,'600814,杭州解百,5.02,5.05,4.93,4.95,4.91,0.11,2.2403,2.2401,3907038,19553852.0,1558122765.42,875539143.76
2006-11-07,'600814,杭州解百,4.91,4.95,4.83,4.95,4.95,-0.04,-0.8081,1.3454,2346463,11436547.0,1523980633.11,856354023.08
2006-11-06,'600814,杭州解百,4.95,4.99,4.85,4.9,4.93,0.02,0.4057,1.1854,2067486,10169883.0,1536395953.95,863330430.6
2006-11-03,'600814,杭州解百,4.93,4.97,4.9,4.92,4.94,-0.01,-0.2024,1.1784,2055327,10150392.0,1530188293.53,859842226.84
2006-11-02,'600814,杭州解百,4.94,4.99,4.9,4.91,4.87,0.07,1.4374,2.2173,3867194,19096159.0,1533292123.74,861586328.72
2006-11-01,'600814,杭州解百,4.87,4.98,4.81,4.98,4.92,-0.05,-1.0163,2.1464,3743603,18227607.0,1511565312.27,849377615.56
2006-10-31,'600814,杭州解百,4.92,4.95,4.86,4.88,4.88,0.04,0.8197,1.0,1744126,8551923.0,1527084463.32,858098124.96
2006-10-30,'600814,杭州解百,4.88,4.97,4.79,4.97,4.99,-0.11,-2.2044,1.9412,3385676,16476653.0,1514669142.48,851121717.44
2006-10-27,'600814,杭州解百,4.99,5.15,4.98,5.1,5.13,-0.14,-2.729,1.8179,3170559,16019251.0,1548811274.79,870306838.12
2006-10-26,'600814,杭州解百,5.13,5.2,5.09,5.18,5.17,-0.04,-0.7737,1.8698,3261123,16764388.0,1592264897.73,894724264.44
2006-10-25,'600814,杭州解百,5.17,5.2,5.02,5.2,5.18,-0.01,-0.1931,2.3497,4098195,20885431.0,1604680218.57,901700671.96
2006-10-24,'600814,杭州解百,5.18,5.2,5.06,5.08,5.08,0.1,1.9685,1.9456,3393286,17374744.0,1607784048.78,903444773.84
2006-10-23,'600814,杭州解百,5.08,5.28,5.0,5.27,5.27,-0.19,-3.6053,2.7243,4751543,24399488.0,1576745746.68,886003755.04
2006-10-20,'600814,杭州解百,5.27,5.5,5.26,5.39,5.34,-0.07,-1.3109,7.1524,12474464,67330218.0,1635718520.67,919141690.76
2006-10-19,'600814,杭州解百,5.34,5.34,5.2,5.28,5.21,0.13,2.4952,5.8939,10279643,54317990.0,1657445332.14,931350403.92
2006-10-18,'600814,杭州解百,5.21,5.24,5.04,5.1,5.07,0.14,2.7613,2.6231,4574877,23629182.0,1617095539.41,908677079.48
2006-10-17,'600814,杭州解百,5.07,5.11,5.03,5.08,5.1,-0.03,-0.5882,1.2402,2163089,10957458.0,1573641916.47,884259653.16
2006-10-16,'600814,杭州解百,5.1,5.25,5.1,5.24,5.19,-0.09,-1.7341,1.7361,3027986,15606470.0,1582953407.1,889491958.8
2006-10-13,'600814,杭州解百,5.19,5.28,4.99,4.99,4.98,0.21,4.2169,3.3609,5861831,30322089.0,1610887878.99,905188875.72
2006-10-12,'600814,杭州解百,4.98,5.17,4.98,5.15,5.15,-0.17,-3.301,2.1986,3834645,19359511.0,1545707444.58,868562736.24
2006-10-11,'600814,杭州解百,5.15,5.24,5.07,5.23,5.21,-0.06,-1.1516,1.9237,3355045,17245543.0,1598472558.15,898212468.2
2006-10-10,'600814,杭州解百,5.21,5.33,5.13,5.16,5.13,0.08,1.5595,4.8645,8484134,44430067.0,1617095539.41,908677079.48
2006-10-09,'600814,杭州解百,5.13,5.13,4.95,4.96,4.95,0.18,3.6364,3.11,5424096,27335843.0,1592264897.73,894724264.44
2006-09-29,'600814,G 解  百,4.95,4.99,4.92,4.95,4.96,-0.01,-0.2016,1.7783,3101485,15381701.0,1536395953.95,863330430.6
2006-09-28,'600814,G 解  百,4.96,5.0,4.92,4.98,4.97,-0.01,-0.2012,1.0975,1914217,9492602.0,1539499784.16,865074532.48
2006-09-27,'600814,G 解  百,4.97,5.0,4.83,4.86,4.86,0.11,2.2634,1.8096,3156166,15618651.0,1542603614.37,866818634.36
2006-09-26,'600814,G 解  百,4.86,4.99,4.85,4.99,4.99,-0.13,-2.6052,1.228,2141811,10501014.0,1508461482.06,847633513.68
2006-09-25,'600814,G 解  百,4.99,5.07,4.93,4.95,4.92,0.07,1.4228,2.4893,4341587,21721734.0,1548811274.79,870306838.12
2006-09-22,'600814,G 解  百,4.92,5.03,4.91,5.02,5.01,-0.09,-1.7964,1.6769,2924651,14472948.0,1527084463.32,858098124.96
2006-09-21,'600814,G 解  百,5.01,5.13,5.0,5.06,5.05,-0.04,-0.7921,2.2036,3843272,19439324.0,1555018935.21,873795041.88
2006-09-20,'600814,G 解  百,5.05,5.08,4.82,4.95,4.96,0.09,1.8145,3.095,5397996,26579622.0,1567434256.05,880771449.4
2006-09-19,'600814,G 解  百,4.96,5.06,4.94,5.05,5.04,-0.08,-1.5873,2.0619,3596200,17935210.0,1539499784.16,865074532.48
2006-09-18,'600814,G 解  百,5.04,5.13,4.98,5.01,5.0,0.04,0.8,3.8733,6755417,34125915.0,1564330425.84,879027347.52
2006-09-15,'600814,G 解  百,5.0,5.07,4.89,4.99,4.92,0.08,1.626,8.4242,14692630,73258448.0,1551915105.0,872050940.0
2006-09-14,'600814,G 解  百,4.92,4.93,4.75,4.9,4.86,0.06,1.2346,3.9792,6940167,33749649.0,1527084463.32,858098124.96
2006-09-13,'600814,G 解  百,4.86,4.92,4.66,4.72,4.7,0.16,3.4043,5.3494,9329905,44886775.0,1508461482.06,847633513.68
2006-09-12,'600814,G 解  百,4.7,4.76,4.6,4.65,4.63,0.07,1.5119,2.0279,3536912,16628453.0,1458800198.7,819727883.6
2006-09-11,'600814,G 解  百,4.63,4.64,4.52,4.55,4.55,0.08,1.7582,1.0796,1882999,8622807.0,1437073387.23,807519170.44
2006-09-08,'600814,G 解  百,4.55,4.59,4.5,4.52,4.52,0.03,0.6637,0.9416,1642280,7480153.0,1412242745.55,793566355.4
2006-09-07,'600814,G 解  百,4.52,4.69,4.47,4.69,4.67,-0.15,-3.212,1.5545,2711274,12288045.0,1402931254.92,788334049.76
2006-09-06,'600814,G 解  百,4.67,4.76,4.59,4.73,4.74,-0.07,-1.4768,1.3492,2353074,10939306.0,1449488708.07,814495577.96
2006-09-05,'600814,G 解  百,4.74,4.79,4.69,4.79,4.8,-0.06,-1.25,1.6263,2836495,13420598.0,1471215519.54,826704291.12
2006-09-04,'600814,G 解  百,4.8,4.82,4.6,4.63,4.66,0.14,3.0043,4.1199,7185451,34276656.0,1489838500.8,837168902.4
2006-09-01,'600814,G 解  百,4.66,4.69,4.52,4.66,4.65,0.01,0.2151,2.2458,3916895,18043049.0,1446384877.86,812751476.08
2006-08-31,'600814,G 解  百,4.65,4.74,4.55,4.64,4.64,0.01,0.2155,2.1201,3697651,17201341.0,1443281047.65,811007374.2
2006-08-30,'600814,G 解  百,4.64,4.68,4.54,4.56,4.6,0.04,0.8696,1.5938,2779786,12806974.0,1440177217.44,809263272.32
2006-08-29,'600814,G 解  百,4.6,4.78,4.59,4.66,4.62,-0.02,-0.4329,4.6289,8073226,37914246.0,1427761896.6,802286864.8
2006-08-28,'600814,G 解  百,4.62,4.64,4.4,4.46,4.45,0.17,3.8202,3.1623,5515335,25057550.0,1433969557.02,805775068.56
2006-08-25,'600814,G 解  百,4.45,4.52,4.4,4.51,4.48,-0.03,-0.6696,1.5497,2702748,11984033.0,1381204443.45,776125336.6
2006-08-24,'600814,G 解  百,4.48,4.49,4.34,4.35,4.35,0.13,2.9885,2.6045,4542455,20030981.0,1390515934.08,781357642.24
2006-08-23,'600814,G 解  百,4.35,4.42,4.27,4.27,4.27,0.08,1.8735,2.0273,3535883,15353854.0,1350166141.35,758684317.8
2006-08-22,'600814,G 解  百,4.27,4.35,4.24,4.24,4.24,0.03,0.7075,2.0287,3538241,15189074.0,1325335499.67,744731502.76
2006-08-21,'600814,G 解  百,4.24,4.25,4.05,4.16,4.31,-0.07,-1.6241,1.4823,2585348,10838314.0,1316024009.04,739499197.12
2006-08-18,'600814,G 解  百,4.31,4.45,4.29,4.38,4.39,-0.08,-1.8223,1.2228,2132763,9273034.0,1337750820.51,751707910.28
2006-08-17,'600814,G 解  百,4.39,4.49,4.35,4.47,4.49,-0.1,-2.2272,0.8005,1396220,6128423.0,1362581462.19,765660725.32
2006-08-16,'600814,G 解  百,4.49,4.5,4.35,4.38,4.39,0.1,2.2779,1.1509,2007327,8955510.0,1393619764.29,783101744.12
2006-08-15,'600814,G 解  百,4.39,4.39,4.23,4.27,4.3,0.09,2.093,0.9005,1570591,6768745.0,1362581462.19,765660725.32
2006-08-14,'600814,G 解  百,4.3,4.53,4.28,4.46,4.51,-0.21,-4.6563,1.0788,1881574,8215940.0,1334646990.3,749963808.4
2006-08-11,'600814,G 解  百,4.51,4.56,4.4,4.52,4.54,-0.03,-0.6608,1.1056,1928334,8660260.0,1399827424.71,786589947.88
2006-08-10,'600814,G 解  百,4.54,4.54,4.43,4.43,4.43,0.11,2.4831,1.3295,2318794,10398862.0,1409138915.34,791822253.52
2006-08-09,'600814,G 解  百,4.43,4.51,4.4,4.47,4.49,-0.06,-1.3363,1.0656,1858591,8246301.0,1374996783.03,772637132.84
2006-08-08,'600814,G 解  百,4.49,4.5,4.33,4.34,4.3,0.19,4.4186,1.4351,2502934,11041826.0,1393619764.29,783101744.12
2006-08-07,'600814,G 解  百,4.3,4.45,4.23,4.3,4.37,-0.07,-1.6018,1.5932,2778713,11991615.0,1334646990.3,749963808.4
2006-08-04,'600814,G 解  百,4.37,4.7,4.32,4.63,4.68,-0.31,-6.6239,3.1294,5458059,24657190.0,1356373801.77,762172521.56
2006-08-03,'600814,G 解  百,4.68,4.84,4.63,4.82,4.81,-0.13,-2.7027,1.6783,2927128,13860498.0,1452592538.28,816239679.84
2006-08-02,'600814,G 解  百,4.81,4.98,4.7,4.93,4.93,-0.12,-2.4341,1.8803,3279352,15792655.0,1492942331.01,838913004.28
2006-08-01,'600814,G 解  百,4.93,5.04,4.86,4.88,4.9,0.03,0.6122,2.7153,4735776,23408601.0,1530188293.53,859842226.84
2006-07-31,'600814,G 解  百,4.9,5.24,4.89,5.19,5.23,-0.33,-6.3098,2.7078,4722624,23767405.0,1520876802.9,854609921.2
2006-07-28,'600814,G 解  百,5.23,5.37,5.14,5.32,5.33,-0.1,-1.8762,2.297,4006242,20932254.0,1623303199.83,912165283.24
2006-07-27,'600814,G 解  百,5.33,5.5,5.26,5.4,5.41,-0.08,-1.4787,2.3462,4092034,21898758.0,1654341501.93,929606302.04
2006-07-26,'600814,G 解  百,5.41,5.57,5.38,5.56,5.57,-0.16,-2.8725,3.1288,5457013,29777514.0,1679172143.61,943559117.08
2006-07-25,'600814,G 解  百,5.57,5.65,5.52,5.58,5.6,-0.03,-0.5357,4.1937,7314315,40826854.0,1728833426.97,971464747.16
2006-07-24,'600814,G 解  百,5.6,5.74,5.1,5.34,5.4,0.2,3.7037,6.4411,11233864,61995035.0,1738144917.6,976697052.8
2006-07-21,'600814,G 解  百,5.4,5.45,5.24,5.34,5.35,0.05,0.9346,3.7354,6514915,34776201.0,1676068313.4,941815015.2
2006-07-20,'600814,G 解  百,5.35,5.39,5.16,5.16,5.16,0.19,3.6822,7.0286,12258673,65113942.0,1660549162.35,933094505.8
2006-07-19,'600814,G 解  百,5.16,5.23,5.0,5.21,5.21,-0.05,-0.9597,3.1238,5448283,27814335.0,1601576388.36,899956570.08
2006-07-18,'600814,G 解  百,5.21,5.22,5.02,5.08,5.08,0.13,2.5591,2.9932,5220491,26874400.0,1617095539.41,908677079.48
2006-07-17,'600814,G 解  百,5.08,5.13,4.94,5.04,5.06,0.02,0.3953,2.2134,3860463,19419062.0,1576745746.68,886003755.04
2006-07-14,'600814,G 解  百,5.06,5.2,4.85,4.88,4.98,0.08,1.6064,4.1926,7312235,37142049.0,1570538086.26,882515551.28
2006-07-13,'600814,G 解  百,4.98,5.51,4.98,5.5,5.53,-0.55,-9.9458,6.6609,11617212,60541369.0,1545707444.58,868562736.24
2006-07-12,'600814,G 解  百,5.53,5.63,5.46,5.55,5.55,-0.02,-0.3604,5.8387,10183328,56414094.0,1716418106.13,964488339.64
2006-07-11,'600814,G 解  百,5.55,5.83,5.4,5.52,5.43,0.12,2.2099,13.0717,22798341,127848115.0,1722625766.55,967976543.4
2006-07-10,'600814,G 解  百,5.43,5.48,5.12,5.19,5.19,0.24,4.6243,8.0165,13981533,74710317.0,1685379804.03,947047320.84
2006-07-07,'600814,G 解  百,5.19,5.26,4.95,5.05,5.06,0.13,2.5692,6.2368,10877572,55836569.0,1610887878.99,905188875.72
2006-07-06,'600814,G 解  百,5.06,5.08,4.85,4.87,4.88,0.18,3.6885,2.7219,4747319,23746836.0,1570538086.26,882515551.28
2006-07-05,'600814,G 解  百,4.88,5.1,4.85,5.1,5.12,-0.24,-4.6875,3.5197,6138673,30272657.0,1514669142.48,851121717.44
2006-07-04,'600814,G 解  百,5.12,5.32,5.05,5.29,5.24,-0.12,-2.2901,5.9751,10421256,54195712.0,1589161067.52,892980162.56
2006-07-03,'600814,G 解  百,5.24,5.3,5.05,5.1,5.1,0.14,2.7451,5.3023,9247810,48113250.0,1626407030.04,913909385.12
2006-06-30,'600814,G 解  百,5.1,5.25,4.96,5.25,5.19,-0.09,-1.7341,4.3483,7583944,38483066.0,1582953407.1,889491958.8
2006-06-29,'600814,G 解  百,5.19,5.2,5.09,5.12,5.13,0.06,1.1696,3.3849,5903657,30387139.0,1610887878.99,905188875.72
2006-06-28,'600814,G 解  百,5.13,5.26,5.12,5.26,5.26,-0.13,-2.4715,2.3646,4124079,21317279.0,1592264897.73,894724264.44
2006-06-27,'600814,G 解  百,5.26,5.29,5.02,5.03,5.02,0.24,4.7809,5.8396,10184828,52891964.0,1632614690.46,917397588.88
2006-06-26,'600814,G 解  百,5.02,5.12,4.9,4.97,4.98,0.04,0.8032,3.9973,6971745,34940235.0,1558122765.42,875539143.76
2006-06-23,'600814,G 解  百,4.98,5.0,4.78,4.92,4.93,0.05,1.0142,2.9863,5208375,25564322.0,1545707444.58,868562736.24
2006-06-22,'600814,G 解  百,4.93,5.03,4.79,4.84,4.84,0.09,1.8595,3.3676,5873511,28822957.0,1530188293.53,859842226.84
2006-06-21,'600814,G 解  百,4.84,4.95,4.76,4.94,4.94,-0.1,-2.0243,3.2861,5731305,27771660.0,1502253821.64,844145309.92
2006-06-20,'600814,G 解  百,4.94,5.13,4.8,5.05,5.03,-0.09,-1.7893,6.1503,10726714,53402369.0,1533292123.74,861586328.72
2006-06-19,'600814,G 解  百,5.03,5.03,4.58,4.59,4.57,0.46,10.0656,9.7605,17023305,82121521.0,1561226595.63,877283245.64
2006-06-16,'600814,G 解  百,4.57,4.6,4.28,4.29,4.3,0.27,6.2791,3.8855,6776717,29948608.0,1418450405.97,797054559.16
2006-06-15,'600814,G 解  百,4.3,4.41,4.25,4.3,4.31,-0.01,-0.232,2.3143,4036345,17395684.0,1334646990.3,749963808.4
2006-06-14,'600814,G 解  百,4.31,4.43,4.19,4.23,4.25,0.06,1.4118,3.1164,5435391,23376198.0,1337750820.51,751707910.28
2006-06-13,'600814,G 解  百,4.25,4.56,4.16,4.5,4.62,-0.37,-8.0087,5.4048,9426608,40743878.0,1319127839.25,741243299.0
2006-06-12,'600814,G 解  百,4.62,4.84,4.11,4.21,6.58,-1.96,-29.7872,6.2829,10958095,49709524.0,1433969557.02,805775068.56
2006-06-09,'600814,XR杭州解,0.0,0.0,0.0,0.0,6.58,None,None,0.0,0,0.0,1561897357.02,667196155.36
2006-06-08,'600814,杭州解百,0.0,0.0,0.0,0.0,8.6,None,None,0.0,0,0.0,2041385603.4,872019291.2
2006-06-07,'600814,杭州解百,0.0,0.0,0.0,0.0,8.6,None,None,0.0,0,0.0,2041385603.4,872019291.2
2006-06-06,'600814,杭州解百,0.0,0.0,0.0,0.0,8.6,None,None,0.0,0,0.0,2041385603.4,872019291.2
2006-06-05,'600814,杭州解百,0.0,0.0,0.0,0.0,8.6,None,None,0.0,0,0.0,2041385603.4,872019291.2
2006-06-02,'600814,杭州解百,0.0,0.0,0.0,0.0,8.6,None,None,0.0,0,0.0,2041385603.4,872019291.2
2006-06-01,'600814,杭州解百,0.0,0.0,0.0,0.0,8.6,None,None,0.0,0,0.0,2041385603.4,872019291.2
2006-05-31,'600814,杭州解百,0.0,0.0,0.0,0.0,8.6,None,None,0.0,0,0.0,2041385603.4,872019291.2
2006-05-30,'600814,杭州解百,0.0,0.0,0.0,0.0,8.6,None,None,0.0,0,0.0,2041385603.4,872019291.2
2006-05-29,'600814,杭州解百,0.0,0.0,0.0,0.0,8.6,None,None,0.0,0,0.0,2041385603.4,872019291.2
2006-05-26,'600814,杭州解百,0.0,0.0,0.0,0.0,8.6,None,None,0.0,0,0.0,2041385603.4,872019291.2
2006-05-25,'600814,杭州解百,0.0,0.0,0.0,0.0,8.6,None,None,0.0,0,0.0,2041385603.4,872019291.2
2006-05-24,'600814,杭州解百,0.0,0.0,0.0,0.0,8.6,None,None,0.0,0,0.0,2041385603.4,872019291.2
2006-05-23,'600814,杭州解百,0.0,0.0,0.0,0.0,8.6,None,None,0.0,0,0.0,2041385603.4,872019291.2
2006-05-22,'600814,杭州解百,0.0,0.0,0.0,0.0,8.6,None,None,0.0,0,0.0,2041385603.4,872019291.2
2006-05-19,'600814,杭州解百,0.0,0.0,0.0,0.0,8.6,None,None,0.0,0,0.0,2041385603.4,872019291.2
2006-05-18,'600814,杭州解百,8.6,8.7,8.2,8.49,8.5,0.1,1.1765,7.2173,7318156,62138318.0,2041385603.4,872019291.2
2006-05-17,'600814,杭州解百,8.5,8.66,7.96,8.21,8.19,0.31,3.7851,6.2369,6324108,52519801.0,2017648561.5,861879532.0
2006-05-16,'600814,杭州解百,8.19,8.44,7.8,8.4,7.67,0.52,6.7797,10.5382,10685531,87862585.0,1944063731.61,830446278.48
2006-05-15,'600814,杭州解百,7.67,7.67,7.67,7.67,6.97,0.7,10.043,0.5341,541588,4153980.0,1820631113.73,777719530.64
2006-05-12,'600814,杭州解百,0.0,0.0,0.0,0.0,6.97,None,None,0.0,0,0.0,1654471820.43,706741216.24
2006-05-11,'600814,杭州解百,6.97,6.97,6.97,6.97,6.34,0.63,9.9369,0.1617,163969,1142864.0,1654471820.43,706741216.24
2006-05-10,'600814,杭州解百,0.0,0.0,0.0,0.0,6.34,None,None,0.0,0,0.0,1504928456.46,642860733.28
2006-05-09,'600814,杭州解百,0.0,0.0,0.0,0.0,6.34,None,None,0.0,0,0.0,1504928456.46,642860733.28
2006-05-08,'600814,杭州解百,0.0,0.0,0.0,0.0,6.34,None,None,0.0,0,0.0,1504928456.46,642860733.28
2006-04-28,'600814,杭州解百,0.0,0.0,0.0,0.0,6.34,None,None,0.0,0,0.0,1504928456.46,642860733.28
2006-04-27,'600814,杭州解百,0.0,0.0,0.0,0.0,6.34,None,None,0.0,0,0.0,1504928456.46,642860733.28
2006-04-26,'600814,杭州解百,0.0,0.0,0.0,0.0,6.34,None,None,0.0,0,0.0,1504928456.46,642860733.28
2006-04-25,'600814,杭州解百,0.0,0.0,0.0,0.0,6.34,None,None,0.0,0,0.0,1504928456.46,642860733.28
2006-04-24,'600814,杭州解百,0.0,0.0,0.0,0.0,6.34,None,None,0.0,0,0.0,1504928456.46,642860733.28
2006-04-21,'600814,杭州解百,6.34,6.47,6.22,6.3,6.21,0.13,2.0934,4.0907,4147860,26344103.0,1504928456.46,642860733.28
2006-04-20,'600814,杭州解百,6.21,6.35,6.02,6.11,6.1,0.11,1.8033,3.9771,4032712,24755937.0,1474070301.99,629679046.32
2006-04-19,'600814,杭州解百,6.1,6.18,5.78,5.79,5.79,0.31,5.3541,4.551,4614641,27712177.0,1447959555.9,618525311.2
2006-04-18,'600814,杭州解百,5.79,5.85,5.64,5.75,5.73,0.06,1.0471,1.3596,1378602,7967639.0,1374374726.01,587092057.68
2006-04-17,'600814,杭州解百,5.73,5.85,5.61,5.7,5.74,-0.01,-0.1742,1.9905,2018274,11628818.0,1360132500.87,581008202.16
2006-04-14,'600814,杭州解百,5.74,5.8,5.4,5.57,5.57,0.17,3.0521,2.1392,2169085,12164216.0,1362506205.06,582022178.08
2006-04-13,'600814,杭州解百,5.57,6.06,5.56,5.98,5.99,-0.42,-7.0117,2.6346,2671431,15537693.0,1322153233.83,564784587.44
2006-04-12,'600814,杭州解百,5.99,6.18,5.75,5.85,5.85,0.14,2.3932,4.3619,4422825,26664579.0,1421848809.81,607371576.08
2006-04-11,'600814,杭州解百,5.85,5.95,5.73,5.81,5.78,0.07,1.2111,2.0025,2030509,11840554.0,1388616951.15,593175913.2
2006-04-10,'600814,杭州解百,5.78,5.95,5.64,5.64,5.65,0.13,2.3009,2.3733,2406510,14016808.0,1372001021.82,586078081.76
2006-04-07,'600814,杭州解百,5.65,5.79,5.6,5.67,5.68,-0.03,-0.5282,2.2942,2326297,13188360.0,1341142867.35,572896394.8
2006-04-06,'600814,杭州解百,5.68,5.96,5.59,5.68,5.71,-0.03,-0.5254,3.4468,3494997,20185382.0,1348263979.92,575938322.56
2006-04-05,'600814,杭州解百,5.71,5.78,5.58,5.75,5.77,-0.06,-1.0399,2.827,2866547,16256211.0,1355385092.49,578980250.32
2006-04-04,'600814,杭州解百,5.77,5.8,5.5,5.7,5.67,0.1,1.7637,5.8357,5917213,33464771.0,1369627317.63,585064105.84
2006-04-03,'600814,杭州解百,5.67,5.67,5.12,5.15,5.15,0.52,10.0971,6.3097,6397864,35033344.0,1345890275.73,574924346.64
2006-03-31,'600814,杭州解百,5.15,5.19,5.01,5.16,5.17,-0.02,-0.3868,2.6582,2695328,13728684.0,1222457657.85,522197598.8
2006-03-30,'600814,杭州解百,5.17,5.26,5.09,5.2,5.18,-0.01,-0.1931,1.5957,1617977,8368904.0,1227205066.23,524225550.64
2006-03-29,'600814,杭州解百,5.18,5.26,5.06,5.08,5.07,0.11,2.1696,1.8277,1853275,9593203.0,1229578770.42,525239526.56
2006-03-28,'600814,杭州解百,5.07,5.13,5.05,5.06,5.07,0.0,0.0,0.9487,962000,4893331.0,1203468024.33,514085791.44
2006-03-27,'600814,杭州解百,5.07,5.16,5.01,5.08,5.08,-0.01,-0.1969,0.9915,1005392,5097684.0,1203468024.33,514085791.44
2006-03-24,'600814,杭州解百,5.08,5.17,5.05,5.16,5.15,-0.07,-1.3592,1.1161,1131677,5764260.0,1205841728.52,515099767.36
2006-03-23,'600814,杭州解百,5.15,5.24,5.1,5.24,5.19,-0.04,-0.7707,1.2476,1265049,6507157.0,1222457657.85,522197598.8
2006-03-22,'600814,杭州解百,5.19,5.25,5.11,5.14,5.14,0.05,0.9728,0.7028,712667,3697193.0,1231952474.61,526253502.48
2006-03-21,'600814,杭州解百,5.14,5.24,5.11,5.14,5.14,0.0,0.0,1.0586,1073395,5565678.0,1220083953.66,521183622.88
2006-03-20,'600814,杭州解百,5.14,5.18,5.06,5.11,5.12,0.02,0.3906,1.0819,1097036,5605106.0,1220083953.66,521183622.88
2006-03-17,'600814,杭州解百,5.12,5.22,5.04,5.2,5.23,-0.11,-2.1033,1.2354,1252697,6415390.0,1215336545.28,519155671.04
2006-03-16,'600814,杭州解百,5.23,5.29,5.01,5.07,5.07,0.16,3.1558,1.8522,1878127,9727854.0,1241447291.37,530309406.16
2006-03-15,'600814,杭州解百,5.07,5.08,4.96,5.08,5.05,0.02,0.396,0.5112,518381,2604108.0,1203468024.33,514085791.44
2006-03-14,'600814,杭州解百,5.05,5.08,4.94,5.08,5.06,-0.01,-0.1976,0.5516,559300,2800449.0,1198720615.95,512057839.6
2006-03-13,'600814,杭州解百,5.06,5.1,5.02,5.05,5.0,0.06,1.2,0.8032,814470,4125413.0,1201094320.14,513071815.52
2006-03-10,'600814,杭州解百,5.0,5.15,4.98,5.15,5.11,-0.11,-2.1526,0.8578,869800,4377637.0,1186852095.0,506987960.0
2006-03-09,'600814,杭州解百,5.11,5.2,5.0,5.0,5.0,0.11,2.2,1.9111,1937779,9900644.0,1212962841.09,518141695.12
2006-03-08,'600814,杭州解百,5.0,5.03,4.8,4.8,4.9,0.1,2.0408,1.6601,1683264,8333298.0,1186852095.0,506987960.0
2006-03-07,'600814,杭州解百,4.9,5.15,4.84,4.88,4.89,0.01,0.2045,2.182,2212521,10900564.0,1163115053.1,496848200.8
2006-03-06,'600814,杭州解百,4.89,5.07,4.84,5.07,5.04,-0.15,-2.9762,0.6426,651600,3198653.0,1160741348.91,495834224.88
2006-03-03,'600814,杭州解百,5.04,5.14,4.93,4.98,4.98,0.06,1.2048,1.3593,1378253,6918399.0,1196346911.76,511043863.68
2006-03-02,'600814,杭州解百,4.98,5.2,4.98,5.2,5.19,-0.21,-4.0462,1.8705,1896600,9672589.0,1182104686.62,504960008.16
2006-03-01,'600814,杭州解百,5.19,5.21,5.11,5.15,5.15,0.04,0.7767,0.6707,680038,3513757.0,1231952474.61,526253502.48
2006-02-28,'600814,杭州解百,5.15,5.24,5.09,5.14,5.14,0.01,0.1946,0.5848,593009,3058781.0,1222457657.85,522197598.8
2006-02-27,'600814,杭州解百,5.14,5.26,5.11,5.23,5.23,-0.09,-1.7208,0.9045,917135,4740644.0,1220083953.66,521183622.88
2006-02-24,'600814,杭州解百,5.23,5.35,5.22,5.33,5.34,-0.11,-2.0599,1.0294,1043815,5510356.0,1241447291.37,530309406.16
2006-02-23,'600814,杭州解百,5.34,5.4,5.1,5.14,5.13,0.21,4.0936,1.7418,1766167,9279689.0,1267558037.46,541463141.28
2006-02-22,'600814,杭州解百,5.13,5.3,5.1,5.1,5.12,0.01,0.1953,0.8889,901317,4673360.0,1217710249.47,520169646.96
2006-02-21,'600814,杭州解百,5.12,5.21,4.97,5.2,5.22,-0.1,-1.9157,1.5539,1575579,7977541.0,1215336545.28,519155671.04
2006-02-20,'600814,杭州解百,5.22,5.28,5.15,5.25,5.21,0.01,0.1919,1.0271,1041504,5431838.0,1239073587.18,529295430.24
2006-02-17,'600814,杭州解百,5.21,5.3,5.04,5.16,5.18,0.03,0.5792,2.1099,2139395,11016875.0,1236699882.99,528281454.32
2006-02-16,'600814,杭州解百,5.18,5.48,5.17,5.48,5.48,-0.3,-5.4745,2.7767,2815477,14802204.0,1229578770.42,525239526.56
2006-02-15,'600814,杭州解百,5.48,5.53,5.36,5.4,5.39,0.09,1.6698,2.828,2867529,15696292.0,1300789896.12,555658804.16
2006-02-14,'600814,杭州解百,5.39,5.43,5.22,5.26,5.26,0.13,2.4715,2.0913,2120549,11324481.0,1279426558.41,546533020.88
2006-02-13,'600814,杭州解百,5.26,5.48,5.15,5.38,5.32,-0.06,-1.1278,2.0012,2029188,10678117.0,1248568403.94,533351333.92
2006-02-10,'600814,杭州解百,5.32,5.39,5.11,5.35,5.27,0.05,0.9488,1.8673,1893381,9934871.0,1262810629.08,539435189.44
2006-02-09,'600814,杭州解百,5.27,5.35,5.19,5.35,5.37,-0.1,-1.8622,3.2725,3318245,17476277.0,1250942108.13,534365309.84
2006-02-08,'600814,杭州解百,5.37,5.63,5.32,5.4,5.32,0.05,0.9398,6.1306,6216298,33944353.0,1274679150.03,544505069.04
2006-02-07,'600814,杭州解百,5.32,5.32,5.11,5.32,4.84,0.48,9.9174,11.9036,12069971,64156231.0,1262810629.08,539435189.44
2006-02-06,'600814,杭州解百,4.84,4.85,4.66,4.7,4.65,0.19,4.086,2.4153,2449093,11747764.0,1148872827.96,490764345.28
2006-01-25,'600814,杭州解百,4.65,4.7,4.52,4.55,4.56,0.09,1.9737,1.4638,1484279,6850969.0,1103772448.35,471498802.8
2006-01-24,'600814,杭州解百,4.56,4.78,4.56,4.65,4.65,-0.09,-1.9355,1.3273,1345800,6242461.0,1082409110.64,462373019.52
2006-01-23,'600814,杭州解百,0.0,0.0,0.0,0.0,4.65,None,None,0.0,0,0.0,1103772448.35,471498802.8
2006-01-20,'600814,杭州解百,4.65,4.83,4.6,4.75,4.7,-0.05,-1.0638,2.409,2442694,11508316.0,1103772448.35,471498802.8
2006-01-19,'600814,杭州解百,4.7,4.8,4.63,4.67,4.68,0.02,0.4274,2.1114,2140899,10106268.0,1115640969.3,476568682.4
2006-01-18,'600814,杭州解百,4.68,4.72,4.51,4.55,4.54,0.14,3.0837,2.7293,2767436,12876654.0,1110893560.92,474540730.56
2006-01-17,'600814,杭州解百,4.54,4.55,4.38,4.4,4.4,0.14,3.1818,2.0732,2102180,9433339.0,1077661702.26,460345067.68
2006-01-16,'600814,杭州解百,4.4,4.54,4.37,4.41,4.39,0.01,0.2278,2.3649,2397955,10652305.0,1044429843.6,446149404.8
2006-01-13,'600814,杭州解百,4.39,4.56,4.36,4.36,4.36,0.03,0.6881,2.6088,2645225,11810029.0,1042056139.41,445135428.88
2006-01-12,'600814,杭州解百,4.36,4.4,4.28,4.34,4.34,0.02,0.4608,1.9185,1945341,8453530.0,1034935026.84,442093501.12
2006-01-11,'600814,杭州解百,4.34,4.35,4.15,4.17,4.17,0.17,4.0767,2.1675,2197758,9348516.0,1030187618.46,440065549.28
2006-01-10,'600814,杭州解百,4.17,4.2,4.12,4.12,4.15,0.02,0.4819,0.681,690531,2875012.0,989834647.23,422827958.64
2006-01-09,'600814,杭州解百,4.15,4.17,4.1,4.11,4.12,0.03,0.7282,1.0444,1058999,4363131.0,985087238.85,420800006.8
2006-01-06,'600814,杭州解百,4.12,4.17,4.11,4.11,4.13,-0.01,-0.2421,0.9439,957119,3967252.0,977966126.28,417758079.04
2006-01-05,'600814,杭州解百,4.13,4.14,4.08,4.14,4.11,0.02,0.4866,1.186,1202545,4936598.0,980339830.47,418772054.96
2006-01-04,'600814,杭州解百,4.11,4.15,4.01,4.04,4.03,0.08,1.9851,1.1709,1187311,4887676.0,975592422.09,416744103.12
2005-12-30,'600814,杭州解百,4.03,4.04,3.99,4.03,4.03,0.0,0.0,0.8798,892140,3577716.0,956602788.57,408632295.76
2005-12-29,'600814,杭州解百,4.03,4.04,3.99,4.04,4.01,0.02,0.4988,1.17,1186314,4754846.0,956602788.57,408632295.76
2005-12-28,'600814,杭州解百,4.01,4.05,3.99,4.0,4.01,0.0,0.0,0.4931,499950,2008372.0,951855380.19,406604343.92
2005-12-27,'600814,杭州解百,4.01,4.03,3.98,4.0,4.02,-0.01,-0.2488,0.6223,630950,2522968.0,951855380.19,406604343.92
2005-12-26,'600814,杭州解百,4.02,4.05,3.95,3.98,4.02,0.0,0.0,0.5465,554091,2212546.0,954229084.38,407618319.84
2005-12-23,'600814,杭州解百,4.02,4.05,3.95,4.02,4.03,-0.01,-0.2481,0.8342,845876,3371793.0,954229084.38,407618319.84
2005-12-22,'600814,杭州解百,4.03,4.08,3.94,3.94,3.94,0.09,2.2843,1.3576,1376533,5552510.0,956602788.57,408632295.76
2005-12-21,'600814,杭州解百,3.94,4.02,3.88,3.89,3.87,0.07,1.8088,0.9909,1004779,3975953.0,935239450.86,399506512.48
2005-12-20,'600814,杭州解百,3.87,3.91,3.87,3.88,3.88,-0.01,-0.2577,0.6014,609767,2369140.0,918623521.53,392408681.04
2005-12-19,'600814,杭州解百,3.88,3.94,3.88,3.92,3.94,-0.06,-1.5228,0.389,394436,1538824.0,920997225.72,393422656.96
2005-12-16,'600814,杭州解百,3.94,3.96,3.86,3.88,3.88,0.06,1.5464,0.4849,491700,1929293.0,935239450.86,399506512.48
2005-12-15,'600814,杭州解百,3.88,4.02,3.86,3.95,3.95,-0.07,-1.7722,1.0094,1023500,4034130.0,920997225.72,393422656.96
2005-12-14,'600814,杭州解百,3.95,3.95,3.89,3.9,3.9,0.05,1.2821,0.814,825402,3239542.0,937613155.05,400520488.4
2005-12-13,'600814,杭州解百,3.9,3.92,3.86,3.9,3.9,0.0,0.0,0.5408,548380,2133587.0,925744634.1,395450608.8
2005-12-12,'600814,杭州解百,3.9,3.94,3.83,3.89,3.89,0.01,0.2571,0.7182,728198,2823754.0,925744634.1,395450608.8
2005-12-09,'600814,杭州解百,3.89,3.92,3.84,3.87,3.89,0.0,0.0,1.0146,1028767,4006048.0,923370929.91,394436632.88
2005-12-08,'600814,杭州解百,3.89,3.92,3.78,3.86,3.87,0.02,0.5168,1.04,1054576,4062120.0,923370929.91,394436632.88
2005-12-07,'600814,杭州解百,3.87,3.98,3.82,3.88,3.8,0.07,1.8421,1.9539,1981253,7726535.0,918623521.53,392408681.04
2005-12-06,'600814,杭州解百,3.8,3.81,3.66,3.74,3.73,0.07,1.8767,1.2571,1274685,4783585.0,902007592.2,385310849.6
2005-12-05,'600814,杭州解百,3.73,3.86,3.68,3.72,3.73,0.0,0.0,2.4601,2494489,9453181.0,885391662.87,378213018.16
2005-12-02,'600814,杭州解百,3.73,3.79,3.6,3.64,3.62,0.11,3.0387,3.1244,3168092,11807547.0,885391662.87,378213018.16
2005-12-01,'600814,杭州解百,3.62,3.65,3.5,3.51,3.56,0.06,1.6854,0.9124,925117,3326114.0,859280916.78,367059283.04
2005-11-30,'600814,杭州解百,3.56,3.56,3.44,3.54,3.51,0.05,1.4245,0.5041,511143,1787018.0,845038691.64,360975427.52
2005-11-29,'600814,杭州解百,3.51,3.57,3.47,3.55,3.57,-0.06,-1.6807,1.0207,1034954,3634530.0,833170170.69,355905547.92
2005-11-28,'600814,杭州解百,3.57,3.65,3.53,3.65,3.63,-0.06,-1.6529,0.5771,585170,2095158.0,847412395.83,361989403.44
2005-11-25,'600814,杭州解百,3.63,3.65,3.54,3.55,3.57,0.06,1.6807,0.61,618548,2228020.0,861654620.97,368073258.96
2005-11-24,'600814,杭州解百,3.57,3.62,3.54,3.57,3.57,0.0,0.0,0.37,375146,1337495.0,847412395.83,361989403.44
2005-11-23,'600814,杭州解百,3.57,3.61,3.51,3.51,3.53,0.04,1.1331,0.3829,388290,1374214.0,847412395.83,361989403.44
2005-11-22,'600814,杭州解百,3.53,3.63,3.52,3.63,3.63,-0.1,-2.7548,0.6181,626693,2238090.0,837917579.07,357933499.76
2005-11-21,'600814,杭州解百,3.63,3.68,3.6,3.61,3.62,0.01,0.2762,0.9555,968877,3519353.0,861654620.97,368073258.96
2005-11-18,'600814,杭州解百,3.62,3.65,3.52,3.54,3.54,0.08,2.2599,1.151,1167069,4200537.0,859280916.78,367059283.04
2005-11-17,'600814,杭州解百,3.54,3.59,3.47,3.49,3.5,0.04,1.1429,0.7214,731516,2591140.0,840291283.26,358947475.68
2005-11-16,'600814,杭州解百,3.5,3.5,3.4,3.47,3.47,0.03,0.8646,0.4509,457155,1575171.0,830796466.5,354891572.0
2005-11-15,'600814,杭州解百,3.47,3.55,3.38,3.43,3.43,0.04,1.1662,0.7968,807894,2810319.0,823675353.93,351849644.24
2005-11-14,'600814,杭州解百,3.43,3.44,3.35,3.37,3.38,0.05,1.4793,0.3761,381350,1291133.0,814180537.17,347793740.56
2005-11-11,'600814,杭州解百,3.38,3.43,3.32,3.36,3.36,0.02,0.5952,0.4189,424781,1429406.0,802312016.22,342723860.96
2005-11-10,'600814,杭州解百,3.36,3.52,3.35,3.51,3.52,-0.16,-4.5455,0.6445,653502,2230181.0,797564607.84,340695909.12
2005-11-09,'600814,杭州解百,3.52,3.58,3.51,3.55,3.57,-0.05,-1.4006,0.4334,439410,1557770.0,835543874.88,356919523.84
2005-11-08,'600814,杭州解百,3.57,3.58,3.48,3.5,3.54,0.03,0.8475,0.5286,536032,1902929.0,847412395.83,361989403.44
2005-11-07,'600814,杭州解百,3.54,3.54,3.43,3.47,3.48,0.06,1.7241,0.4134,419172,1460330.0,840291283.26,358947475.68
2005-11-04,'600814,杭州解百,3.48,3.5,3.42,3.46,3.45,0.03,0.8696,0.35,354860,1228893.0,826049058.12,352863620.16
2005-11-03,'600814,杭州解百,3.45,3.55,3.41,3.52,3.51,-0.06,-1.7094,0.4923,499193,1739935.0,818927945.55,349821692.4
2005-11-02,'600814,杭州解百,3.51,3.54,3.44,3.44,3.44,0.07,2.0349,0.513,520203,1823225.0,833170170.69,355905547.92
2005-11-01,'600814,杭州解百,3.44,3.5,3.35,3.5,3.48,-0.04,-1.1494,0.7457,756099,2580511.0,816554241.36,348807716.48
2005-10-31,'600814,杭州解百,3.48,3.55,3.41,3.46,3.48,0.0,0.0,0.5653,573239,1991542.0,826049058.12,352863620.16
2005-10-28,'600814,杭州解百,3.48,3.62,3.45,3.55,3.55,-0.07,-1.9718,0.6304,639229,2253357.0,826049058.12,352863620.16
2005-10-27,'600814,杭州解百,3.55,3.64,3.5,3.61,3.6,-0.05,-1.3889,0.8843,896629,3198409.0,842664987.45,359961451.6
2005-10-26,'600814,杭州解百,3.6,3.81,3.59,3.79,3.79,-0.19,-5.0132,1.3943,1413791,5227497.0,854533508.4,365031331.2
2005-10-25,'600814,杭州解百,3.79,3.96,3.79,3.95,3.94,-0.15,-3.8071,1.2061,1222950,4723605.0,899633888.01,384296873.68
2005-10-24,'600814,杭州解百,3.94,3.96,3.89,3.94,3.94,0.0,0.0,0.6926,702311,2753627.0,935239450.86,399506512.48
2005-10-21,'600814,杭州解百,3.94,3.98,3.9,3.98,3.96,-0.02,-0.5051,1.3316,1350193,5309967.0,935239450.86,399506512.48
2005-10-20,'600814,杭州解百,3.96,4.06,3.9,4.01,4.02,-0.06,-1.4925,1.7078,1731618,6859702.0,939986859.24,401534464.32
2005-10-19,'600814,杭州解百,4.02,4.17,4.0,4.08,4.1,-0.08,-1.9512,1.9956,2023518,8303436.0,954229084.38,407618319.84
2005-10-18,'600814,杭州解百,4.1,4.16,3.96,3.98,3.98,0.12,3.0151,2.6964,2734130,11189545.0,973218717.9,415730127.2
2005-10-17,'600814,杭州解百,3.98,4.01,3.9,4.01,4.01,-0.03,-0.7481,0.9562,969550,3815389.0,944734267.62,403562416.16
2005-10-14,'600814,杭州解百,4.01,4.06,3.91,3.93,3.96,0.05,1.2626,1.6168,1639445,6544590.0,951855380.19,406604343.92
2005-10-13,'600814,杭州解百,3.96,4.09,3.95,4.08,4.08,-0.12,-2.9412,1.1742,1190569,4762430.0,939986859.24,401534464.32
2005-10-12,'600814,杭州解百,4.08,4.09,4.0,4.03,4.01,0.07,1.7456,1.5848,1606974,6511553.0,968471309.52,413702175.36
2005-10-11,'600814,杭州解百,4.01,4.01,3.89,3.9,3.9,0.11,2.8205,0.9343,947352,3749831.0,951855380.19,406604343.92
2005-10-10,'600814,杭州解百,3.9,3.99,3.88,3.93,3.88,0.02,0.5155,0.916,928787,3650346.0,925744634.1,395450608.8
2005-09-30,'600814,杭州解百,3.88,3.96,3.87,3.87,3.86,0.02,0.5181,0.9985,1012503,3959864.0,920997225.72,393422656.96
2005-09-29,'600814,杭州解百,3.86,3.92,3.82,3.86,3.85,0.01,0.2597,1.1843,1200897,4654792.0,916249817.34,391394705.12
2005-09-28,'600814,杭州解百,3.85,3.93,3.8,3.86,3.86,-0.01,-0.2591,1.0382,1052708,4074825.0,913876113.15,390380729.2
2005-09-27,'600814,杭州解百,3.86,3.91,3.76,3.84,3.84,0.02,0.5208,1.204,1220821,4695516.0,916249817.34,391394705.12
2005-09-26,'600814,杭州解百,3.84,4.0,3.78,4.0,4.01,-0.17,-4.2394,1.675,1698399,6557178.0,911502408.96,389366753.28
2005-09-23,'600814,杭州解百,4.01,4.15,3.98,4.15,4.15,-0.14,-3.3735,1.8662,1892250,7677998.0,951855380.19,406604343.92
2005-09-22,'600814,杭州解百,4.15,4.26,3.97,4.1,4.06,0.09,2.2167,6.5741,6666005,27660861.0,985087238.85,420800006.8
2005-09-21,'600814,杭州解百,4.06,4.08,3.98,4.02,4.02,0.04,0.995,1.7638,1788427,7222960.0,963723901.14,411674223.52
2005-09-20,'600814,杭州解百,4.02,4.09,3.97,4.07,4.09,-0.07,-1.7115,1.7671,1791750,7181907.0,954229084.38,407618319.84
2005-09-19,'600814,杭州解百,4.09,4.12,4.03,4.1,4.1,-0.01,-0.2439,1.7312,1755358,7140592.0,970845013.71,414716151.28
2005-09-16,'600814,杭州解百,4.1,4.2,4.04,4.08,4.07,0.03,0.7371,2.4485,2482694,10258121.0,973218717.9,415730127.2
2005-09-15,'600814,杭州解百,4.07,4.12,4.05,4.1,4.12,-0.05,-1.2136,1.5362,1557687,6361997.0,966097605.33,412688199.44
2005-09-14,'600814,杭州解百,4.12,4.12,4.03,4.06,4.07,0.05,1.2285,2.3913,2424743,9884784.0,977966126.28,417758079.04
2005-09-13,'600814,杭州解百,4.07,4.08,3.99,4.02,4.02,0.05,1.2438,1.7658,1790511,7238290.0,966097605.33,412688199.44
2005-09-12,'600814,杭州解百,4.02,4.08,3.92,3.92,3.97,0.05,1.2594,1.7625,1787160,7135177.0,954229084.38,407618319.84
2005-09-09,'600814,杭州解百,3.97,4.05,3.87,3.98,4.04,-0.07,-1.7327,2.6148,2651382,10459074.0,942360563.43,402548440.24
2005-09-08,'600814,杭州解百,4.04,4.19,3.95,4.11,4.14,-0.1,-2.4155,2.3379,2370531,9578660.0,958976492.76,409646271.68
2005-09-07,'600814,杭州解百,4.14,4.15,3.96,3.96,3.97,0.17,4.2821,2.6236,2660250,10798209.0,982713534.66,419786030.88
2005-09-06,'600814,杭州解百,3.97,4.2,3.96,4.18,4.18,-0.21,-5.0239,2.8437,2883413,11811297.0,942360563.43,402548440.24
2005-09-05,'600814,杭州解百,4.18,4.21,4.05,4.15,4.15,0.03,0.7229,3.527,3576278,14754984.0,992208351.42,423841934.56
2005-09-02,'600814,杭州解百,4.15,4.4,4.01,4.05,4.05,0.1,2.4691,7.6224,7728940,32559593.0,985087238.85,420800006.8
2005-09-01,'600814,杭州解百,4.05,4.18,3.94,4.1,3.93,0.12,3.0534,9.4742,9606650,38954303.0,961350196.95,410660247.6
2005-08-31,'600814,杭州解百,3.93,3.93,3.53,3.53,3.57,0.36,10.084,5.9278,6010604,22795071.0,932865746.67,398492536.56
2005-08-30,'600814,杭州解百,3.57,3.7,3.5,3.5,3.53,0.04,1.1331,1.728,1752106,6350468.0,847412395.83,361989403.44
2005-08-29,'600814,杭州解百,3.53,3.55,3.45,3.46,3.49,0.04,1.1461,0.817,828452,2903944.0,837917579.07,357933499.76
2005-08-26,'600814,杭州解百,3.49,3.52,3.45,3.48,3.5,-0.01,-0.2857,0.6843,693822,2415930.0,828422762.31,353877596.08
2005-08-25,'600814,杭州解百,3.5,3.54,3.41,3.48,3.51,-0.01,-0.2849,0.9777,991402,3428314.0,830796466.5,354891572.0
2005-08-24,'600814,杭州解百,3.51,3.53,3.41,3.43,3.45,0.06,1.7391,1.7413,1765615,6102837.0,833170170.69,355905547.92
2005-08-23,'600814,杭州解百,3.45,3.55,3.44,3.5,3.53,-0.08,-2.2663,0.6298,638600,2219995.0,818927945.55,349821692.4
2005-08-22,'600814,杭州解百,3.53,3.55,3.42,3.48,3.48,0.05,1.4368,0.6493,658394,2305636.0,837917579.07,357933499.76
2005-08-19,'600814,杭州解百,3.48,3.57,3.41,3.5,3.53,-0.05,-1.4164,0.9027,915343,3204931.0,826049058.12,352863620.16
2005-08-18,'600814,杭州解百,3.53,3.76,3.45,3.71,3.71,-0.18,-4.8518,1.825,1850494,6762426.0,837917579.07,357933499.76
2005-08-17,'600814,杭州解百,3.71,3.76,3.54,3.57,3.59,0.12,3.3426,1.869,1895162,6884645.0,880644254.49,376185066.32
2005-08-16,'600814,杭州解百,3.59,3.66,3.55,3.6,3.59,0.0,0.0,1.0646,1079512,3892714.0,852159804.21,364017355.28
2005-08-15,'600814,杭州解百,3.59,3.6,3.49,3.51,3.51,0.08,2.2792,0.6852,694823,2464105.0,852159804.21,364017355.28
2005-08-12,'600814,杭州解百,3.51,3.63,3.5,3.63,3.61,-0.1,-2.7701,1.3085,1326798,4719556.0,833170170.69,355905547.92
2005-08-11,'600814,杭州解百,3.61,3.62,3.55,3.57,3.61,0.0,0.0,1.7479,1772309,6354538.0,856907212.59,366045307.12
2005-08-10,'600814,杭州解百,3.61,3.66,3.53,3.65,3.65,-0.04,-1.0959,2.1445,2174442,7800554.0,856907212.59,366045307.12
2005-08-09,'600814,杭州解百,3.65,3.66,3.55,3.63,3.54,0.11,3.1073,5.4453,5521379,19851141.0,866402029.35,370101210.8
2005-08-08,'600814,杭州解百,3.54,3.59,3.41,3.43,3.41,0.13,3.8123,3.7123,3764216,13185756.0,840291283.26,358947475.68
2005-08-05,'600814,杭州解百,3.41,3.43,3.31,3.31,3.32,0.09,2.7108,1.0822,1097318,3695861.0,809433128.79,345765788.72
2005-08-04,'600814,杭州解百,3.32,3.39,3.3,3.39,3.4,-0.08,-2.3529,0.6174,626046,2091498.0,788069791.08,336640005.44
2005-08-03,'600814,杭州解百,3.4,3.43,3.37,3.42,3.39,0.01,0.295,1.2298,1246998,4246872.0,807059424.6,344751812.8
2005-08-02,'600814,杭州解百,3.39,3.4,3.33,3.38,3.38,0.01,0.2959,0.6292,637963,2149284.0,804685720.41,343737836.88
2005-08-01,'600814,杭州解百,3.38,3.42,3.33,3.38,3.38,0.0,0.0,0.5545,562223,1898975.0,802312016.22,342723860.96
2005-07-29,'600814,杭州解百,3.38,3.48,3.36,3.42,3.39,-0.01,-0.295,1.5875,1609690,5495572.0,802312016.22,342723860.96
2005-07-28,'600814,杭州解百,3.39,3.4,3.32,3.35,3.35,0.04,1.194,1.1508,1166849,3927866.0,804685720.41,343737836.88
2005-07-27,'600814,杭州解百,3.35,3.35,3.27,3.27,3.32,0.03,0.9036,0.6206,629238,2085398.0,795190903.65,339681933.2
2005-07-26,'600814,杭州解百,3.32,3.34,3.23,3.23,3.24,0.08,2.4691,0.9009,913516,3018435.0,788069791.08,336640005.44
2005-07-25,'600814,杭州解百,3.24,3.29,3.2,3.25,3.25,-0.01,-0.3077,0.3437,348552,1134897.0,769080157.56,328528198.08
2005-07-22,'600814,杭州解百,3.25,3.28,3.2,3.28,3.2,0.05,1.5625,0.593,601242,1953537.0,771453861.75,329542174.0
2005-07-21,'600814,杭州解百,3.2,3.22,3.15,3.17,3.15,0.05,1.5873,0.3578,362822,1157314.0,759585340.8,324472294.4
2005-07-20,'600814,杭州解百,3.15,3.18,3.07,3.08,3.11,0.04,1.2862,0.2187,221777,697633.0,747716819.85,319402414.8
2005-07-19,'600814,杭州解百,3.11,3.15,3.05,3.09,3.12,-0.01,-0.3205,0.2973,301450,931605.0,738222003.09,315346511.12
2005-07-18,'600814,杭州解百,3.12,3.17,3.06,3.1,3.14,-0.02,-0.6369,0.2725,276296,862933.0,740595707.28,316360487.04
2005-07-15,'600814,杭州解百,3.14,3.17,3.1,3.14,3.14,0.0,0.0,0.2252,228300,715741.0,745343115.66,318388438.88
2005-07-14,'600814,XD杭州解,3.14,3.43,3.06,3.14,3.13,0.01,0.3195,0.7435,753939,2429252.0,745343115.66,318388438.88
2005-07-13,'600814,杭州解百,3.16,3.21,3.14,3.21,3.22,-0.06,-1.8634,0.1993,202099,640394.0,750090524.04,320416390.72
2005-07-12,'600814,杭州解百,3.22,3.24,3.08,3.08,3.08,0.14,4.5455,0.3769,382155,1217661.0,764332749.18,326500246.24
2005-07-11,'600814,杭州解百,3.08,3.26,3.05,3.19,3.16,-0.08,-2.5316,0.2892,293238,927133.0,731100890.52,312304583.36
2005-07-08,'600814,杭州解百,3.16,3.19,3.13,3.16,3.21,-0.05,-1.5576,0.2227,225773,713284.0,750090524.04,320416390.72
2005-07-07,'600814,杭州解百,3.21,3.22,3.14,3.17,3.17,0.04,1.2618,0.2625,266199,846040.0,761959044.99,325486270.32
2005-07-06,'600814,杭州解百,3.17,3.29,3.13,3.29,3.28,-0.11,-3.3537,0.4939,500816,1602848.0,752464228.23,321430366.64
2005-07-05,'600814,杭州解百,3.28,3.29,3.24,3.24,3.28,0.0,0.0,0.2133,216330,705545.0,778574974.32,332584101.76
2005-07-04,'600814,杭州解百,3.28,3.33,3.25,3.31,3.34,-0.06,-1.7964,0.4763,482910,1588443.0,778574974.32,332584101.76
2005-07-01,'600814,杭州解百,3.34,3.43,3.31,3.38,3.4,-0.06,-1.7647,0.7084,718344,2403032.0,792817199.46,338667957.28
2005-06-30,'600814,杭州解百,3.4,3.54,3.37,3.51,3.53,-0.13,-3.6827,0.6794,688931,2357040.0,807059424.6,344751812.8
2005-06-29,'600814,杭州解百,3.53,3.56,3.52,3.56,3.56,-0.03,-0.8427,0.6131,621704,2199345.0,837917579.07,357933499.76
2005-06-28,'600814,杭州解百,3.56,3.57,3.44,3.48,3.48,0.08,2.2989,1.0451,1059696,3729052.0,845038691.64,360975427.52
2005-06-27,'600814,杭州解百,3.48,3.52,3.41,3.43,3.41,0.07,2.0528,0.9201,932959,3250574.0,826049058.12,352863620.16
2005-06-24,'600814,杭州解百,3.41,3.46,3.38,3.46,3.46,-0.05,-1.4451,0.5825,590600,2011231.0,809433128.79,345765788.72
2005-06-23,'600814,杭州解百,3.46,3.49,3.36,3.41,3.41,0.05,1.4663,0.7428,753160,2591436.0,821301649.74,350835668.32
2005-06-22,'600814,杭州解百,3.41,3.49,3.35,3.49,3.48,-0.07,-2.0115,1.0668,1081686,3676915.0,809433128.79,345765788.72
2005-06-21,'600814,杭州解百,3.48,3.55,3.43,3.55,3.55,-0.07,-1.9718,1.1465,1162503,4039645.0,826049058.12,352863620.16
2005-06-20,'600814,杭州解百,3.55,3.55,3.45,3.45,3.5,0.05,1.4286,1.9086,1935266,6779459.0,842664987.45,359961451.6
2005-06-17,'600814,杭州解百,3.5,3.57,3.45,3.57,3.55,-0.05,-1.4085,0.8165,827911,2889984.0,830796466.5,354891572.0
2005-06-16,'600814,杭州解百,3.55,3.56,3.46,3.49,3.49,0.06,1.7192,0.9498,963100,3387807.0,842664987.45,359961451.6
2005-06-15,'600814,杭州解百,3.49,3.57,3.47,3.57,3.57,-0.08,-2.2409,0.6977,707500,2485242.0,828422762.31,353877596.08
2005-06-14,'600814,杭州解百,3.57,3.79,3.57,3.78,3.75,-0.18,-4.8,1.6635,1686783,6153267.0,847412395.83,361989403.44
2005-06-13,'600814,杭州解百,3.75,3.79,3.63,3.63,3.63,0.12,3.3058,1.1129,1128412,4196314.0,890139071.25,380240970.0
2005-06-10,'600814,杭州解百,3.63,3.76,3.6,3.74,3.79,-0.16,-4.2216,0.9431,956265,3506448.0,861654620.97,368073258.96
2005-06-09,'600814,杭州解百,3.79,3.8,3.56,3.68,3.64,0.15,4.1209,2.6159,2652438,9809953.0,899633888.01,384296873.68
2005-06-08,'600814,杭州解百,3.64,3.67,3.38,3.46,3.41,0.23,6.7449,3.2903,3336241,11917092.0,864028325.16,369087234.88
2005-06-07,'600814,杭州解百,3.41,3.59,3.34,3.44,3.43,-0.02,-0.5831,2.3938,2427293,8379701.0,809433128.79,345765788.72
2005-06-06,'600814,杭州解百,3.43,3.52,3.35,3.52,3.54,-0.11,-3.1073,1.5445,1566060,5373707.0,814180537.17,347793740.56
2005-06-03,'600814,杭州解百,3.54,3.59,3.28,3.43,3.46,0.08,2.3121,3.4401,3488154,12085047.0,840291283.26,358947475.68
2005-06-02,'600814,杭州解百,3.46,3.49,3.4,3.41,3.42,0.04,1.1696,0.5477,555326,1912778.0,821301649.74,350835668.32
2005-06-01,'600814,杭州解百,3.42,3.45,3.33,3.43,3.45,-0.03,-0.8696,0.355,360000,1224503.0,811806832.98,346779764.64
2005-05-31,'600814,杭州解百,3.45,3.47,3.37,3.4,3.39,0.06,1.7699,0.3735,378684,1298956.0,818927945.55,349821692.4
2005-05-30,'600814,杭州解百,3.39,3.43,3.31,3.36,3.37,0.02,0.5935,0.2054,208250,700232.0,804685720.41,343737836.88
2005-05-27,'600814,杭州解百,3.37,3.41,3.3,3.38,3.42,-0.05,-1.462,0.297,301112,1011075.0,799938312.03,341709885.04
2005-05-26,'600814,杭州解百,0.0,0.0,0.0,0.0,3.42,None,None,0.0,0,0.0,811806832.98,346779764.64
2005-05-25,'600814,杭州解百,3.42,3.46,3.36,3.39,3.42,0.0,0.0,0.2803,284260,975299.0,811806832.98,346779764.64
2005-05-24,'600814,杭州解百,3.42,3.43,3.28,3.29,3.33,0.09,2.7027,0.4351,441139,1488661.0,811806832.98,346779764.64
2005-05-23,'600814,杭州解百,3.33,3.5,3.32,3.45,3.49,-0.16,-4.5845,0.5348,542300,1859105.0,790443495.27,337653981.36
2005-05-20,'600814,杭州解百,3.49,3.59,3.48,3.52,3.51,-0.02,-0.5698,0.3664,371500,1310150.0,828422762.31,353877596.08
2005-05-19,'600814,杭州解百,3.51,3.55,3.48,3.52,3.52,-0.01,-0.2841,0.4443,450483,1585286.0,833170170.69,355905547.92
2005-05-18,'600814,杭州解百,3.52,3.6,3.44,3.6,3.55,-0.03,-0.8451,0.7097,719613,2525431.0,835543874.88,356919523.84
2005-05-17,'600814,杭州解百,3.55,3.6,3.48,3.53,3.58,-0.03,-0.838,0.6117,620238,2202094.0,842664987.45,359961451.6
2005-05-16,'600814,杭州解百,3.58,3.6,3.52,3.59,3.56,0.02,0.5618,0.5014,508369,1811059.0,849786100.02,363003379.36
2005-05-13,'600814,杭州解百,3.56,3.61,3.41,3.51,3.5,0.06,1.7143,0.7623,772982,2704618.0,845038691.64,360975427.52
2005-05-12,'600814,杭州解百,3.5,3.61,3.45,3.48,3.48,0.02,0.5747,0.6068,615237,2176826.0,830796466.5,354891572.0
2005-05-11,'600814,杭州解百,3.48,3.53,3.25,3.29,3.35,0.13,3.8806,0.9346,947642,3264656.0,826049058.12,352863620.16
2005-05-10,'600814,杭州解百,3.35,3.37,3.23,3.23,3.22,0.13,4.0373,0.4683,474797,1573054.0,795190903.65,339681933.2
2005-05-09,'600814,杭州解百,3.22,3.45,3.22,3.45,3.37,-0.15,-4.451,0.2326,235899,780174.0,764332749.18,326500246.24
2005-04-29,'600814,杭州解百,3.37,3.47,3.34,3.47,3.43,-0.06,-1.7493,0.2374,240693,814299.0,799938312.03,341709885.04
2005-04-28,'600814,杭州解百,3.43,3.45,3.32,3.37,3.37,0.06,1.7804,0.4745,481106,1637308.0,814180537.17,347793740.56
2005-04-27,'600814,杭州解百,3.37,3.48,3.32,3.32,3.31,0.06,1.8127,0.6773,686792,2339470.0,799938312.03,341709885.04
2005-04-26,'600814,杭州解百,3.31,3.33,3.2,3.21,3.21,0.1,3.1153,0.1878,190393,622599.0,785696086.89,335626029.52
2005-04-25,'600814,杭州解百,3.21,3.24,3.16,3.16,3.17,0.04,1.2618,0.267,270722,865113.0,761959044.99,325486270.32
2005-04-22,'600814,杭州解百,3.17,3.3,3.15,3.26,3.3,-0.13,-3.9394,0.406,411685,1323097.0,752464228.23,321430366.64
2005-04-21,'600814,杭州解百,3.3,3.45,3.26,3.41,3.36,-0.06,-1.7857,0.1999,202700,677627.0,783322382.7,334612053.6
2005-04-20,'600814,杭州解百,3.36,3.45,3.34,3.45,3.45,-0.09,-2.6087,0.1989,201652,679199.0,797564607.84,340695909.12
2005-04-19,'600814,杭州解百,3.45,3.47,3.33,3.34,3.4,0.05,1.4706,0.1145,116100,396078.0,818927945.55,349821692.4
2005-04-18,'600814,杭州解百,3.4,3.48,3.37,3.43,3.44,-0.04,-1.1628,0.1692,171563,583050.0,807059424.6,344751812.8
2005-04-15,'600814,杭州解百,3.44,3.55,3.43,3.55,3.56,-0.12,-3.3708,0.2562,259800,899169.0,816554241.36,348807716.48
2005-04-14,'600814,杭州解百,3.56,3.65,3.55,3.58,3.58,-0.02,-0.5587,0.272,275799,995622.0,845038691.64,360975427.52
2005-04-13,'600814,杭州解百,3.58,3.61,3.48,3.48,3.48,0.1,2.8736,0.2479,251365,894277.0,849786100.02,363003379.36
2005-04-12,'600814,杭州解百,3.48,3.62,3.46,3.56,3.6,-0.12,-3.3333,0.1909,193600,681211.0,826049058.12,352863620.16
2005-04-11,'600814,杭州解百,3.6,3.68,3.56,3.58,3.62,-0.02,-0.5525,0.2546,258151,934703.0,854533508.4,365031331.2
2005-04-08,'600814,杭州解百,3.62,3.62,3.53,3.55,3.55,0.07,1.9718,0.2918,295914,1061711.0,859280916.78,367059283.04
2005-04-07,'600814,杭州解百,3.55,3.63,3.49,3.52,3.53,0.02,0.5666,0.5067,513815,1839002.0,842664987.45,359961451.6
2005-04-06,'600814,杭州解百,3.53,3.55,3.35,3.48,3.43,0.1,2.9155,0.4158,421585,1455400.0,837917579.07,357933499.76
2005-04-05,'600814,杭州解百,3.43,3.45,3.35,3.38,3.45,-0.02,-0.5797,0.1362,138100,471626.0,814180537.17,347793740.56
2005-04-04,'600814,杭州解百,3.45,3.48,3.3,3.44,3.53,-0.08,-2.2663,0.2094,212360,729457.0,818927945.55,349821692.4
2005-04-01,'600814,杭州解百,3.53,3.56,3.34,3.45,3.45,0.08,2.3188,0.3906,396101,1366195.0,837917579.07,357933499.76
2005-03-31,'600814,杭州解百,3.45,3.45,3.34,3.35,3.38,0.07,2.071,0.1287,130500,443563.0,818927945.55,349821692.4
2005-03-30,'600814,杭州解百,3.38,3.48,3.37,3.45,3.48,-0.1,-2.8736,0.2603,263900,903311.0,802312016.22,342723860.96
2005-03-29,'600814,杭州解百,3.48,3.54,3.47,3.48,3.48,0.0,0.0,0.1717,174119,608515.0,826049058.12,352863620.16
2005-03-28,'600814,杭州解百,3.48,3.65,3.41,3.65,3.65,-0.17,-4.6575,0.5388,546342,1900137.0,826049058.12,352863620.16
2005-03-25,'600814,杭州解百,3.65,3.67,3.59,3.65,3.64,0.01,0.2747,0.2086,211542,768134.0,866402029.35,370101210.8
2005-03-24,'600814,杭州解百,3.64,3.7,3.58,3.7,3.59,0.05,1.3928,0.2018,204650,743620.0,864028325.16,369087234.88
2005-03-23,'600814,杭州解百,3.59,3.72,3.58,3.65,3.66,-0.07,-1.9126,0.2863,290313,1060181.0,852159804.21,364017355.28
2005-03-22,'600814,杭州解百,3.66,3.8,3.63,3.79,3.79,-0.13,-3.4301,0.3483,353200,1300429.0,868775733.54,371115186.72
2005-03-21,'600814,杭州解百,3.79,3.79,3.72,3.77,3.82,-0.03,-0.7853,0.1462,148241,556121.0,899633888.01,384296873.68
2005-03-18,'600814,杭州解百,3.82,3.84,3.76,3.8,3.8,0.02,0.5263,0.1857,188280,715392.0,906755000.58,387338801.44
2005-03-17,'600814,杭州解百,3.8,3.83,3.72,3.81,3.82,-0.02,-0.5236,0.3814,386700,1460462.0,902007592.2,385310849.6
2005-03-16,'600814,杭州解百,3.82,3.95,3.8,3.92,3.94,-0.12,-3.0457,0.4183,424101,1631348.0,906755000.58,387338801.44
2005-03-15,'600814,杭州解百,3.94,4.0,3.92,3.95,3.93,0.01,0.2545,0.3874,392841,1554291.0,935239450.86,399506512.48
2005-03-14,'600814,杭州解百,3.93,4.0,3.89,3.95,3.95,-0.02,-0.5063,0.4228,428750,1692120.0,932865746.67,398492536.56
2005-03-11,'600814,杭州解百,3.95,4.01,3.91,3.96,3.95,0.0,0.0,0.3491,353950,1406461.0,937613155.05,400520488.4
2005-03-10,'600814,杭州解百,3.95,4.13,3.93,4.13,4.11,-0.16,-3.8929,1.1269,1142626,4569103.0,937613155.05,400520488.4
2005-03-09,'600814,杭州解百,4.11,4.17,4.09,4.16,4.14,-0.03,-0.7246,0.6676,676925,2791666.0,975592422.09,416744103.12
2005-03-08,'600814,杭州解百,4.14,4.17,4.07,4.08,4.07,0.07,1.7199,0.4969,503878,2077977.0,982713534.66,419786030.88
2005-03-07,'600814,杭州解百,4.07,4.15,4.05,4.09,4.08,-0.01,-0.2451,0.4187,424599,1738810.0,966097605.33,412688199.44
2005-03-04,'600814,杭州解百,4.08,4.17,4.08,4.16,4.17,-0.09,-2.1583,0.5463,553900,2269783.0,968471309.52,413702175.36
2005-03-03,'600814,杭州解百,4.17,4.19,4.09,4.12,4.16,0.01,0.2404,0.7816,792550,3276563.0,989834647.23,422827958.64
2005-03-02,'600814,杭州解百,4.16,4.36,4.16,4.36,4.35,-0.19,-4.3678,1.024,1038296,4399805.0,987460943.04,421813982.72
2005-03-01,'600814,杭州解百,4.35,4.39,4.28,4.38,4.38,-0.03,-0.6849,0.6461,655133,2844098.0,1032561322.65,441079525.2
2005-02-28,'600814,杭州解百,4.38,4.4,4.22,4.26,4.27,0.11,2.5761,0.8941,906600,3898537.0,1039682435.22,444121452.96
2005-02-25,'600814,杭州解百,4.27,4.38,4.26,4.3,4.31,-0.04,-0.9281,1.0364,1050930,4551007.0,1013571689.13,432967717.84
2005-02-24,'600814,杭州解百,4.31,4.34,4.23,4.34,4.35,-0.04,-0.9195,0.9366,949704,4064617.0,1023066505.89,437023621.52
2005-02-23,'600814,杭州解百,4.35,4.45,4.14,4.2,4.18,0.17,4.067,2.7154,2753310,11914207.0,1032561322.65,441079525.2
2005-02-22,'600814,杭州解百,4.18,4.2,4.05,4.1,4.1,0.08,1.9512,1.0523,1067002,4421349.0,992208351.42,423841934.56
2005-02-21,'600814,杭州解百,4.1,4.12,4.01,4.08,4.06,0.04,0.9852,0.422,427856,1746817.0,973218717.9,415730127.2
2005-02-18,'600814,杭州解百,4.06,4.1,4.03,4.1,4.13,-0.07,-1.6949,0.4049,410509,1666971.0,963723901.14,411674223.52
2005-02-17,'600814,杭州解百,4.13,4.15,4.05,4.15,4.15,-0.02,-0.4819,0.5743,582300,2379943.0,980339830.47,418772054.96
2005-02-16,'600814,杭州解百,4.15,4.26,4.13,4.23,4.21,-0.06,-1.4252,0.7026,712407,2972892.0,985087238.85,420800006.8
2005-02-04,'600814,杭州解百,4.21,4.24,4.12,4.16,4.19,0.02,0.4773,1.6389,1661784,6942938.0,999329463.99,426883862.32
2005-02-03,'600814,杭州解百,4.19,4.23,4.03,4.1,4.1,0.09,2.1951,2.0732,2102164,8696723.0,994582055.61,424855910.48
2005-02-02,'600814,杭州解百,4.1,4.13,3.91,3.92,3.92,0.18,4.5918,1.4159,1435684,5799496.0,973218717.9,415730127.2
2005-02-01,'600814,杭州解百,3.92,4.07,3.89,4.03,4.02,-0.1,-2.4876,0.846,857860,3387632.0,930492042.48,397478560.64
2005-01-31,'600814,杭州解百,4.02,4.11,3.95,3.99,3.9,0.12,3.0769,1.8206,1846047,7448618.0,954229084.38,407618319.84
2005-01-28,'600814,杭州解百,3.9,4.0,3.89,3.91,3.92,-0.02,-0.5102,0.6922,701886,2767471.0,925744634.1,395450608.8
2005-01-27,'600814,杭州解百,3.92,4.16,3.9,4.14,4.14,-0.22,-5.314,1.1186,1134211,4593962.0,930492042.48,397478560.64
2005-01-26,'600814,杭州解百,4.14,4.18,3.94,3.98,3.99,0.15,3.7594,1.3553,1374289,5611339.0,982713534.66,419786030.88
2005-01-25,'600814,杭州解百,3.99,4.02,3.94,4.02,4.04,-0.05,-1.2376,0.3577,362740,1439061.0,947107971.81,404576392.08
2005-01-24,'600814,杭州解百,4.04,4.12,3.98,4.12,4.02,0.02,0.4975,0.9353,948323,3816427.0,958976492.76,409646271.68
2005-01-21,'600814,杭州解百,4.02,4.05,3.88,4.0,4.01,0.01,0.2494,1.0999,1115230,4450224.0,954229084.38,407618319.84
2005-01-20,'600814,杭州解百,4.01,4.03,3.84,3.86,3.9,0.11,2.8205,1.5932,1615436,6392722.0,951855380.19,406604343.92
2005-01-19,'600814,杭州解百,3.9,3.97,3.73,3.78,3.76,0.14,3.7234,1.1462,1162262,4520543.0,925744634.1,395450608.8
2005-01-18,'600814,杭州解百,3.76,3.79,3.71,3.72,3.73,0.03,0.8043,0.1775,179996,675601.0,892512775.44,381254945.92
2005-01-17,'600814,杭州解百,3.73,3.83,3.69,3.83,3.81,-0.08,-2.0997,0.305,309273,1150716.0,885391662.87,378213018.16
2005-01-14,'600814,杭州解百,3.81,3.91,3.78,3.83,3.85,-0.04,-1.039,0.3106,314931,1215216.0,904381296.39,386324825.52
2005-01-13,'600814,杭州解百,3.85,3.86,3.74,3.8,3.8,0.05,1.3158,0.415,420823,1613643.0,913876113.15,390380729.2
2005-01-12,'600814,杭州解百,3.8,3.82,3.73,3.82,3.86,-0.06,-1.5544,0.1608,163041,618058.0,902007592.2,385310849.6
2005-01-11,'600814,杭州解百,3.86,3.87,3.79,3.82,3.84,0.02,0.5208,0.2916,295684,1133194.0,916249817.34,391394705.12
2005-01-10,'600814,杭州解百,3.84,3.84,3.72,3.72,3.82,0.02,0.5236,0.1634,165700,631747.0,911502408.96,389366753.28
2005-01-07,'600814,杭州解百,3.82,3.87,3.61,3.61,3.72,0.1,2.6882,0.4563,462681,1759112.0,906755000.58,387338801.44
2005-01-06,'600814,杭州解百,3.72,3.76,3.63,3.75,3.77,-0.05,-1.3263,0.2539,257400,952914.0,883017958.68,377199042.24
2005-01-05,'600814,杭州解百,3.77,3.82,3.68,3.7,3.7,0.07,1.8919,0.201,203810,765461.0,894886479.63,382268921.84
2005-01-04,'600814,杭州解百,3.7,3.79,3.63,3.7,3.77,-0.07,-1.8568,0.1473,149400,552835.0,878270550.3,375171090.4
2004-12-31,'600814,杭州解百,3.77,3.85,3.75,3.85,3.84,-0.07,-1.8229,0.1835,186027,701653.0,894886479.63,382268921.84
2004-12-30,'600814,杭州解百,3.84,3.88,3.75,3.88,3.87,-0.03,-0.7752,0.2319,235180,899289.0,911502408.96,389366753.28
2004-12-29,'600814,杭州解百,3.87,3.93,3.82,3.85,3.82,0.05,1.3089,0.6228,631554,2447026.0,918623521.53,392408681.04
2004-12-28,'600814,杭州解百,3.82,3.86,3.75,3.81,3.84,-0.02,-0.5208,0.4422,448377,1708701.0,906755000.58,387338801.44
2004-12-27,'600814,杭州解百,3.84,3.94,3.8,3.9,3.87,-0.03,-0.7752,0.8839,896230,3479855.0,911502408.96,389366753.28
2004-12-24,'600814,杭州解百,3.87,3.88,3.73,3.77,3.72,0.15,4.0323,0.5359,543383,2085458.0,918623521.53,392408681.04
2004-12-23,'600814,杭州解百,3.72,3.88,3.71,3.85,3.88,-0.16,-4.1237,0.3673,372399,1409576.0,883017958.68,377199042.24
2004-12-22,'600814,杭州解百,3.88,3.9,3.78,3.78,3.75,0.13,3.4667,0.5683,576199,2222250.0,920997225.72,393422656.96
2004-12-21,'600814,杭州解百,3.75,3.83,3.68,3.75,3.74,0.01,0.2674,0.2544,257906,969447.0,890139071.25,380240970.0
2004-12-20,'600814,杭州解百,3.74,3.8,3.56,3.63,3.69,0.05,1.355,0.4575,463939,1725957.0,887765367.06,379226994.08
2004-12-17,'600814,杭州解百,3.69,3.77,3.64,3.74,3.75,-0.06,-1.6,0.6464,655409,2426960.0,875896846.11,374157114.48
2004-12-16,'600814,杭州解百,3.75,3.87,3.71,3.83,3.9,-0.15,-3.8462,0.5619,569723,2165442.0,890139071.25,380240970.0
2004-12-15,'600814,杭州解百,3.9,3.98,3.76,3.94,3.94,-0.04,-1.0152,0.8809,893223,3436790.0,925744634.1,395450608.8
2004-12-14,'600814,杭州解百,3.94,4.05,3.92,4.05,4.0,-0.06,-1.5,0.2425,245840,974374.0,935239450.86,399506512.48
2004-12-13,'600814,杭州解百,4.0,4.05,3.88,3.9,3.97,0.03,0.7557,0.6743,683684,2722395.0,949481676.0,405590368.0
2004-12-10,'600814,杭州解百,3.97,4.16,3.93,4.11,4.16,-0.19,-4.5673,0.8447,856529,3448954.0,942360563.43,402548440.24
2004-12-09,'600814,杭州解百,4.16,4.25,4.1,4.23,4.23,-0.07,-1.6548,0.8258,837334,3478151.0,987460943.04,421813982.72
2004-12-08,'600814,杭州解百,4.23,4.29,4.07,4.16,4.13,0.1,2.4213,1.1818,1198311,5009010.0,1004076872.37,428911814.16
2004-12-07,'600814,杭州解百,4.13,4.25,4.08,4.22,4.23,-0.1,-2.3641,0.9239,936821,3896600.0,980339830.47,418772054.96
2004-12-06,'600814,杭州解百,4.23,4.39,4.17,4.34,4.34,-0.11,-2.5346,1.706,1729841,7308953.0,1004076872.37,428911814.16
2004-12-03,'600814,杭州解百,4.34,4.43,4.25,4.3,4.39,-0.05,-1.1389,2.4565,2490813,10801333.0,1030187618.46,440065549.28
2004-12-02,'600814,杭州解百,4.39,4.39,3.94,3.96,3.99,0.4,10.0251,6.3679,6456906,27879264.0,1042056139.41,445135428.88
2004-12-01,'600814,杭州解百,3.99,4.03,3.9,4.03,4.0,-0.01,-0.25,0.4626,469057,1858897.0,947107971.81,404576392.08
2004-11-30,'600814,杭州解百,4.0,4.04,3.8,4.0,4.0,0.0,0.0,0.7392,749489,2982962.0,949481676.0,405590368.0
2004-11-29,'600814,杭州解百,4.0,4.04,3.95,3.95,3.99,0.01,0.2506,0.6288,637600,2552011.0,949481676.0,405590368.0
2004-11-26,'600814,杭州解百,3.99,4.08,3.93,4.05,4.09,-0.1,-2.445,1.2781,1295919,5183011.0,947107971.81,404576392.08
2004-11-25,'600814,杭州解百,4.09,4.34,4.07,4.18,4.06,0.03,0.7389,2.9132,2953927,12325888.0,970845013.71,414716151.28
2004-11-24,'600814,杭州解百,4.06,4.2,4.0,4.04,4.03,0.03,0.7444,2.0104,2038530,8380020.0,963723901.14,411674223.52
2004-11-23,'600814,杭州解百,4.03,4.04,3.88,4.0,4.02,0.01,0.2488,1.0074,1021433,4054247.0,956602788.57,408632295.76
2004-11-22,'600814,杭州解百,4.02,4.08,3.76,3.8,3.77,0.25,6.6313,2.0057,2033767,8081510.0,954229084.38,407618319.84
2004-11-19,'600814,杭州解百,3.77,3.8,3.66,3.72,3.71,0.06,1.6172,0.6052,613694,2303775.0,894886479.63,382268921.84
2004-11-18,'600814,杭州解百,3.71,3.74,3.59,3.64,3.68,0.03,0.8152,0.4878,494668,1819784.0,880644254.49,376185066.32
2004-11-17,'600814,杭州解百,3.68,3.72,3.61,3.64,3.67,0.01,0.2725,0.4675,474000,1741387.0,873523141.92,373143138.56
2004-11-16,'600814,杭州解百,3.67,3.71,3.61,3.65,3.65,0.02,0.5479,0.2835,287501,1049572.0,871149437.73,372129162.64
2004-11-15,'600814,杭州解百,3.65,3.69,3.59,3.65,3.64,0.01,0.2747,0.5079,514955,1878657.0,866402029.35,370101210.8
2004-11-12,'600814,杭州解百,3.64,3.69,3.49,3.5,3.5,0.14,4.0,1.3583,1377247,4994488.0,864028325.16,369087234.88
2004-11-11,'600814,杭州解百,3.5,3.61,3.5,3.54,3.54,-0.04,-1.1299,0.5917,599967,2126642.0,830796466.5,354891572.0
2004-11-10,'600814,杭州解百,3.54,3.55,3.38,3.42,3.42,0.12,3.5088,0.391,396505,1381492.0,840291283.26,358947475.68
2004-11-09,'600814,杭州解百,3.42,3.44,3.39,3.4,3.4,0.02,0.5882,0.0899,91110,310842.0,811806832.98,346779764.64
2004-11-08,'600814,杭州解百,3.4,3.45,3.37,3.38,3.4,0.0,0.0,0.0995,100900,342501.0,807059424.6,344751812.8
2004-11-05,'600814,杭州解百,3.4,3.49,3.37,3.4,3.4,0.0,0.0,0.1594,161632,549957.0,807059424.6,344751812.8
2004-11-04,'600814,杭州解百,3.4,3.53,3.4,3.52,3.53,-0.13,-3.6827,0.2492,252700,876844.0,807059424.6,344751812.8
2004-11-03,'600814,杭州解百,3.53,3.53,3.42,3.5,3.47,0.06,1.7291,0.249,252446,881259.0,837917579.07,357933499.76
2004-11-02,'600814,杭州解百,3.47,3.48,3.38,3.41,3.41,0.06,1.7595,0.2262,229313,788903.0,823675353.93,351849644.24
2004-11-01,'600814,杭州解百,3.41,3.46,3.38,3.38,3.38,0.03,0.8876,0.1612,163500,559686.0,809433128.79,345765788.72
2004-10-29,'600814,杭州解百,3.38,3.46,3.31,3.43,3.5,-0.12,-3.4286,0.2707,274489,934062.0,802312016.22,342723860.96
2004-10-28,'600814,杭州解百,3.5,3.59,3.45,3.55,3.54,-0.04,-1.1299,0.3734,378664,1333740.0,830796466.5,354891572.0
2004-10-27,'600814,杭州解百,3.54,3.55,3.37,3.46,3.44,0.1,2.907,0.4876,494450,1707265.0,840291283.26,358947475.68
2004-10-26,'600814,杭州解百,3.44,3.46,3.29,3.35,3.37,0.07,2.0772,0.3176,321996,1084453.0,816554241.36,348807716.48
2004-10-25,'600814,杭州解百,3.37,3.48,3.36,3.45,3.45,-0.08,-2.3188,0.241,244407,831746.0,799938312.03,341709885.04
2004-10-22,'600814,杭州解百,3.45,3.59,3.32,3.53,3.55,-0.1,-2.8169,0.5832,591400,2020209.0,818927945.55,349821692.4
2004-10-21,'600814,杭州解百,3.55,3.72,3.47,3.68,3.66,-0.11,-3.0055,0.3757,381000,1358101.0,842664987.45,359961451.6
2004-10-20,'600814,杭州解百,3.66,3.75,3.65,3.75,3.75,-0.09,-2.4,0.1619,164114,604182.0,868775733.54,371115186.72
2004-10-19,'600814,杭州解百,3.75,3.8,3.74,3.75,3.72,0.03,0.8065,0.1941,196850,740359.0,890139071.25,380240970.0
2004-10-18,'600814,杭州解百,3.72,3.77,3.69,3.76,3.72,0.0,0.0,0.1788,181345,677229.0,883017958.68,377199042.24
2004-10-15,'600814,杭州解百,3.72,3.78,3.68,3.74,3.74,-0.02,-0.5348,0.2999,304116,1135018.0,883017958.68,377199042.24
2004-10-14,'600814,杭州解百,3.74,3.93,3.72,3.93,3.93,-0.19,-4.8346,0.399,404604,1544640.0,887765367.06,379226994.08
2004-10-13,'600814,杭州解百,3.93,3.98,3.9,3.97,3.96,-0.03,-0.7576,0.185,187568,738325.0,932865746.67,398492536.56
2004-10-12,'600814,杭州解百,3.96,4.05,3.95,4.05,4.05,-0.09,-2.2222,0.27,273725,1088891.0,939986859.24,401534464.32
2004-10-11,'600814,杭州解百,4.05,4.13,4.02,4.06,4.06,-0.01,-0.2463,0.3567,361683,1473345.0,961350196.95,410660247.6
2004-10-08,'600814,杭州解百,4.06,4.06,3.94,3.98,3.99,0.07,1.7544,0.1836,186204,743063.0,963723901.14,411674223.52
2004-09-30,'600814,杭州解百,3.99,4.09,3.98,4.05,4.05,-0.06,-1.4815,0.236,239300,959733.0,947107971.81,404576392.08
2004-09-29,'600814,杭州解百,4.05,4.1,4.02,4.1,4.12,-0.07,-1.699,0.3458,350600,1420315.0,961350196.95,410660247.6
2004-09-28,'600814,杭州解百,4.12,4.12,4.01,4.12,4.1,0.02,0.4878,0.4139,419708,1710396.0,977966126.28,417758079.04
2004-09-27,'600814,杭州解百,4.1,4.22,4.08,4.13,4.16,-0.06,-1.4423,0.4498,456101,1888944.0,973218717.9,415730127.2
2004-09-24,'600814,杭州解百,4.16,4.34,4.14,4.32,4.32,-0.16,-3.7037,0.9246,937499,3988648.0,987460943.04,421813982.72
2004-09-23,'600814,杭州解百,4.32,4.34,4.16,4.18,4.2,0.12,2.8571,0.4795,486248,2069510.0,1025440210.08,438037597.44
2004-09-22,'600814,杭州解百,4.2,4.35,4.19,4.35,4.38,-0.18,-4.1096,0.7364,746742,3171987.0,996955759.8,425869886.4
2004-09-21,'600814,杭州解百,4.38,4.47,4.25,4.36,4.37,0.01,0.2288,1.5857,1607912,6999859.0,1039682435.22,444121452.96
2004-09-20,'600814,杭州解百,4.37,4.38,4.2,4.26,4.25,0.12,2.8235,1.1885,1205065,5151985.0,1037308731.03,443107477.04
2004-09-17,'600814,杭州解百,4.25,4.25,4.11,4.11,4.18,0.07,1.6746,0.8381,849777,3565247.0,1008824280.75,430939766.0
2004-09-16,'600814,杭州解百,4.18,4.21,4.11,4.2,4.2,-0.02,-0.4762,0.7288,738949,3066554.0,992208351.42,423841934.56
2004-09-15,'600814,杭州解百,4.2,4.28,4.04,4.05,4.05,0.15,3.7037,1.6327,1655513,6919543.0,996955759.8,425869886.4
2004-09-14,'600814,杭州解百,4.05,4.07,3.9,3.9,3.9,0.15,3.8462,0.6141,622667,2507406.0,961350196.95,410660247.6
2004-09-13,'600814,杭州解百,3.9,3.96,3.89,3.95,3.95,-0.05,-1.2658,0.2032,206000,806973.0,925744634.1,395450608.8
2004-09-10,'600814,杭州解百,3.95,3.99,3.88,3.88,3.92,0.03,0.7653,0.2543,257874,1016741.0,937613155.05,400520488.4
2004-09-09,'600814,杭州解百,3.92,4.03,3.91,4.03,4.03,-0.11,-2.7295,0.4013,406873,1606812.0,930492042.48,397478560.64
2004-09-08,'600814,杭州解百,4.03,4.07,3.99,4.06,4.08,-0.05,-1.2255,0.5063,513347,2063082.0,956602788.57,408632295.76
2004-09-07,'600814,杭州解百,4.08,4.1,3.93,3.93,3.96,0.12,3.0303,0.8008,811947,3270370.0,968471309.52,413702175.36
2004-09-06,'600814,杭州解百,3.96,4.03,3.92,3.95,3.96,0.0,0.0,0.3647,369747,1467131.0,939986859.24,401534464.32
2004-09-03,'600814,杭州解百,3.96,3.99,3.88,3.92,3.93,0.03,0.7634,0.5263,533643,2108427.0,939986859.24,401534464.32
2004-09-02,'600814,杭州解百,3.93,3.97,3.74,3.77,3.78,0.15,3.9683,0.4268,432727,1681442.0,932865746.67,398492536.56
2004-09-01,'600814,杭州解百,3.78,3.86,3.75,3.86,3.86,-0.08,-2.0725,0.0931,94435,357156.0,897260183.82,383282897.76
2004-08-31,'600814,杭州解百,3.86,3.93,3.8,3.9,3.77,0.09,2.3873,0.241,244358,941278.0,916249817.34,391394705.12
2004-08-30,'600814,杭州解百,3.77,3.81,3.7,3.81,3.81,-0.04,-1.0499,0.0835,84706,317304.0,894886479.63,382268921.84
2004-08-27,'600814,杭州解百,3.81,3.84,3.75,3.8,3.84,-0.03,-0.7813,0.1405,142420,537771.0,904381296.39,386324825.52
2004-08-26,'600814,杭州解百,3.84,3.87,3.82,3.87,3.89,-0.05,-1.2853,0.1226,124305,476962.0,911502408.96,389366753.28
2004-08-25,'600814,杭州解百,3.89,3.92,3.82,3.92,3.92,-0.03,-0.7653,0.2869,290919,1121287.0,923370929.91,394436632.88
2004-08-24,'600814,杭州解百,3.92,3.93,3.8,3.8,3.78,0.14,3.7037,0.6871,696685,2696659.0,930492042.48,397478560.64
2004-08-23,'600814,杭州解百,3.78,3.8,3.68,3.74,3.75,0.03,0.8,0.2489,252391,947183.0,897260183.82,383282897.76
2004-08-20,'600814,杭州解百,3.75,3.78,3.64,3.75,3.75,0.0,0.0,0.3886,394000,1456174.0,890139071.25,380240970.0
2004-08-19,'600814,杭州解百,3.75,3.83,3.73,3.81,3.81,-0.06,-1.5748,0.092,93300,352344.0,890139071.25,380240970.0
2004-08-18,'600814,杭州解百,3.81,3.88,3.78,3.79,3.79,0.02,0.5277,0.2172,220218,843556.0,904381296.39,386324825.52
2004-08-17,'600814,杭州解百,3.79,3.83,3.7,3.82,3.82,-0.03,-0.7853,0.2384,241693,913119.0,899633888.01,384296873.68
2004-08-16,'600814,杭州解百,3.82,3.97,3.79,3.9,3.79,0.03,0.7916,0.3506,355513,1372449.0,906755000.58,387338801.44
2004-08-13,'600814,杭州解百,3.79,3.85,3.75,3.81,3.81,-0.02,-0.5249,0.0946,95895,363625.0,899633888.01,384296873.68
2004-08-12,'600814,杭州解百,3.81,3.85,3.77,3.85,3.87,-0.06,-1.5504,0.1375,139400,530877.0,904381296.39,386324825.52
2004-08-11,'600814,杭州解百,3.87,3.93,3.85,3.9,3.92,-0.05,-1.2755,0.1289,130700,505870.0,918623521.53,392408681.04
2004-08-10,'600814,杭州解百,3.92,3.93,3.88,3.88,3.9,0.02,0.5128,0.0823,83433,325283.0,930492042.48,397478560.64
2004-08-09,'600814,杭州解百,3.9,3.93,3.88,3.91,3.93,-0.03,-0.7634,0.1191,120718,470441.0,925744634.1,395450608.8
2004-08-06,'600814,杭州解百,3.93,3.96,3.91,3.96,3.93,0.0,0.0,0.0956,96984,381240.0,932865746.67,398492536.56
2004-08-05,'600814,杭州解百,3.93,4.03,3.93,4.02,4.0,-0.07,-1.75,0.1533,155399,615325.0,932865746.67,398492536.56
2004-08-04,'600814,杭州解百,4.0,4.04,3.91,3.91,3.9,0.1,2.5641,0.1924,195100,779524.0,949481676.0,405590368.0
2004-08-03,'600814,杭州解百,3.9,3.95,3.88,3.9,3.91,-0.01,-0.2558,0.0838,84933,332368.0,925744634.1,395450608.8
2004-08-02,'600814,杭州解百,3.91,3.96,3.88,3.9,3.96,-0.05,-1.2626,0.1458,147800,579313.0,928118338.29,396464584.72
2004-07-30,'600814,杭州解百,3.96,4.05,3.96,4.05,4.06,-0.1,-2.4631,0.141,143000,574072.0,939986859.24,401534464.32
2004-07-29,'600814,杭州解百,4.06,4.08,3.98,4.05,4.05,0.01,0.2469,0.6805,689990,2792732.0,963723901.14,411674223.52
2004-07-28,'600814,杭州解百,4.05,4.07,3.85,3.91,3.87,0.18,4.6512,0.2738,277576,1096060.0,961350196.95,410660247.6
2004-07-27,'600814,杭州解百,3.87,3.93,3.81,3.93,3.87,0.0,0.0,0.1328,134700,517760.0,918623521.53,392408681.04
2004-07-26,'600814,杭州解百,3.87,3.95,3.83,3.91,3.96,-0.09,-2.2727,0.2104,213300,830127.0,918623521.53,392408681.04
2004-07-23,'600814,杭州解百,3.96,3.99,3.9,3.98,3.99,-0.03,-0.7519,0.1153,116921,459212.0,939986859.24,401534464.32
2004-07-22,'600814,杭州解百,3.99,4.06,3.93,4.03,4.05,-0.06,-1.4815,0.1962,198900,791956.0,947107971.81,404576392.08
2004-07-21,'600814,杭州解百,4.05,4.07,4.01,4.07,4.04,0.01,0.2475,0.1132,114745,463354.0,961350196.95,410660247.6
2004-07-20,'600814,杭州解百,4.04,4.06,4.0,4.05,4.08,-0.04,-0.9804,0.1808,183350,737743.0,958976492.76,409646271.68
2004-07-19,'600814,杭州解百,4.08,4.1,4.06,4.1,4.13,-0.05,-1.2107,0.1531,155245,633515.0,968471309.52,413702175.36
2004-07-16,'600814,杭州解百,4.13,4.13,3.98,3.98,3.98,0.15,3.7688,0.3857,391040,1589842.0,980339830.47,418772054.96
2004-07-15,'600814,杭州解百,3.98,4.01,3.94,3.96,3.99,-0.01,-0.2506,0.1252,127000,505078.0,944734267.62,403562416.16
2004-07-14,'600814,杭州解百,3.99,4.05,3.9,4.01,4.01,-0.02,-0.4988,0.1144,115955,460066.0,947107971.81,404576392.08
2004-07-13,'600814,杭州解百,4.01,4.05,3.96,4.0,4.0,0.01,0.25,0.1189,120521,482766.0,951855380.19,406604343.92
2004-07-12,'600814,杭州解百,4.0,4.09,3.97,4.08,4.08,-0.08,-1.9608,0.1564,158600,635822.0,949481676.0,405590368.0
2004-07-09,'600814,杭州解百,4.08,4.11,4.05,4.1,4.11,-0.03,-0.7299,0.0954,96750,394117.0,968471309.52,413702175.36
2004-07-08,'600814,杭州解百,4.11,4.11,4.08,4.08,4.1,0.01,0.2439,0.086,87189,356725.0,975592422.09,416744103.12
2004-07-07,'600814,杭州解百,4.1,4.15,4.1,4.15,4.15,-0.05,-1.2048,0.074,75000,309064.0,973218717.9,415730127.2
2004-07-06,'600814,杭州解百,4.15,4.19,4.1,4.12,4.13,0.02,0.4843,0.21,212899,885441.0,985087238.85,420800006.8
2004-07-05,'600814,杭州解百,4.13,4.15,4.08,4.1,4.1,0.03,0.7317,0.1071,108647,445577.0,980339830.47,418772054.96
2004-07-02,'600814,杭州解百,4.1,4.12,4.05,4.11,4.1,0.0,0.0,0.1444,146461,598218.0,973218717.9,415730127.2
2004-07-01,'600814,杭州解百,4.1,4.12,4.01,4.01,4.03,0.07,1.737,0.1629,165192,674903.0,973218717.9,415730127.2
2004-06-30,'600814,杭州解百,4.03,4.06,3.99,4.0,4.04,-0.01,-0.2475,0.1082,109700,441437.0,956602788.57,408632295.76
2004-06-29,'600814,杭州解百,4.04,4.05,3.98,4.0,4.0,0.04,1.0,0.1505,152577,611981.0,958976492.76,409646271.68
2004-06-28,'600814,杭州解百,4.0,4.05,4.0,4.03,4.06,-0.06,-1.4778,0.1584,160649,647340.0,949481676.0,405590368.0
2004-06-25,'600814,杭州解百,4.06,4.2,4.02,4.2,4.2,-0.14,-3.3333,0.1342,136069,561480.0,963723901.14,411674223.52
2004-06-24,'600814,杭州解百,4.2,4.24,4.16,4.19,4.24,-0.04,-0.9434,0.1175,119100,500144.0,996955759.8,425869886.4
2004-06-23,'600814,杭州解百,4.24,4.25,4.17,4.25,4.25,-0.01,-0.2353,0.0414,41984,176129.0,1006450576.56,429925790.08
2004-06-22,'600814,杭州解百,4.25,4.27,4.21,4.25,4.22,0.03,0.7109,0.1163,117900,500357.0,1008824280.75,430939766.0
2004-06-21,'600814,杭州解百,4.22,4.23,4.15,4.15,4.15,0.07,1.6867,0.1038,105284,442271.0,1001703168.18,427897838.24
2004-06-18,'600814,杭州解百,4.15,4.15,4.1,4.15,4.15,0.0,0.0,0.1587,160964,664025.0,985087238.85,420800006.8
2004-06-17,'600814,杭州解百,4.15,4.28,4.15,4.25,4.26,-0.11,-2.5822,0.1561,158300,663292.0,985087238.85,420800006.8
2004-06-16,'600814,杭州解百,4.26,4.31,4.22,4.22,4.28,-0.02,-0.4673,0.1168,118401,505319.0,1011197984.94,431953741.92
2004-06-15,'600814,杭州解百,4.28,4.3,4.15,4.22,4.2,0.08,1.9048,0.1592,161440,685621.0,1015945393.32,433981693.76
2004-06-14,'600814,杭州解百,4.2,4.4,4.2,4.3,4.33,-0.13,-3.0023,0.1354,137300,582952.0,996955759.8,425869886.4
2004-06-11,'600814,杭州解百,4.33,4.51,4.28,4.42,4.34,-0.01,-0.2304,0.1285,130342,573251.0,1027813914.27,439051573.36
2004-06-10,'600814,杭州解百,4.34,4.38,4.32,4.36,4.36,-0.02,-0.4587,0.1123,113916,495000.0,1030187618.46,440065549.28
2004-06-09,'600814,杭州解百,4.36,4.45,4.35,4.43,4.43,-0.07,-1.5801,0.1279,129702,570950.0,1034935026.84,442093501.12
2004-06-08,'600814,杭州解百,4.43,4.53,4.42,4.52,4.52,-0.09,-1.9912,0.1376,139552,623936.0,1051550956.17,449191332.56
2004-06-07,'600814,杭州解百,4.52,4.59,4.49,4.54,4.59,-0.07,-1.5251,0.103,104480,471787.0,1072914293.88,458317115.84
2004-06-04,'600814,杭州解百,4.59,4.68,4.46,4.6,4.6,-0.01,-0.2174,0.3122,316610,1435642.0,1089530223.21,465414947.28
2004-06-03,'600814,杭州解百,4.6,4.67,4.57,4.63,4.66,-0.06,-1.2876,0.1877,190300,876782.0,1091903927.4,466428923.2
2004-06-02,'600814,杭州解百,4.66,4.72,4.63,4.72,4.72,-0.06,-1.2712,0.2938,297879,1387965.0,1106146152.54,472512778.72
2004-06-01,'600814,杭州解百,4.72,4.74,4.65,4.7,4.69,0.03,0.6397,0.1738,176230,828529.0,1120388377.68,478596634.24
2004-05-31,'600814,杭州解百,4.69,4.69,4.6,4.65,4.65,0.04,0.8602,0.1088,110344,512926.0,1113267265.11,475554706.48
2004-05-28,'600814,杭州解百,4.65,4.73,4.63,4.7,4.7,-0.05,-1.0638,0.1077,109212,511821.0,1103772448.35,471498802.8
2004-05-27,'600814,杭州解百,4.7,4.74,4.58,4.62,4.62,0.08,1.7316,0.2071,209948,980071.0,1115640969.3,476568682.4
2004-05-26,'600814,杭州解百,4.62,4.75,4.61,4.75,4.67,-0.05,-1.0707,0.148,150100,698908.0,1096651335.78,468456875.04
2004-05-25,'600814,杭州解百,4.67,4.84,4.66,4.84,4.83,-0.16,-3.3126,0.2685,272301,1283515.0,1108519856.73,473526754.64
2004-05-24,'600814,杭州解百,4.83,4.94,4.83,4.94,4.9,-0.07,-1.4286,0.1228,124566,606550.0,1146499123.77,489750369.36
2004-05-21,'600814,杭州解百,4.9,4.95,4.83,4.95,4.96,-0.06,-1.2097,0.2626,266267,1298074.0,1163115053.1,496848200.8
2004-05-20,'600814,杭州解百,4.96,4.98,4.81,4.84,4.84,0.12,2.4793,0.6805,690025,3392373.0,1177357278.24,502932056.32
2004-05-19,'600814,杭州解百,4.84,4.88,4.76,4.85,4.85,-0.01,-0.2062,0.248,251424,1216014.0,1148872827.96,490764345.28
2004-05-18,'600814,杭州解百,4.85,4.86,4.7,4.8,4.82,0.03,0.6224,0.2664,270113,1292835.0,1151246532.15,491778321.2
2004-05-17,'600814,杭州解百,4.82,4.85,4.73,4.83,4.83,-0.01,-0.207,0.1824,184900,886308.0,1144125419.58,488736393.44
2004-05-14,'600814,杭州解百,4.83,4.88,4.68,4.73,4.75,0.08,1.6842,0.2656,269312,1285507.0,1146499123.77,489750369.36
2004-05-13,'600814,杭州解百,4.75,4.77,4.7,4.77,4.75,0.0,0.0,0.1203,122006,575596.0,1127509490.25,481638562.0
2004-05-12,'600814,杭州解百,4.75,4.76,4.65,4.65,4.65,0.1,2.1505,0.1598,162027,765015.0,1127509490.25,481638562.0
2004-05-11,'600814,杭州解百,4.65,4.78,4.61,4.61,4.74,-0.09,-1.8987,0.1367,138600,649161.0,1103772448.35,471498802.8
2004-05-10,'600814,杭州解百,4.74,4.87,4.7,4.82,4.81,-0.07,-1.4553,0.2103,213200,1021192.0,1125135786.06,480624586.08
2004-04-30,'600814,杭州解百,4.81,4.84,4.74,4.75,4.76,0.05,1.0504,0.188,190600,913871.0,1141751715.39,487722417.52
2004-04-29,'600814,杭州解百,4.76,4.86,4.76,4.81,4.84,-0.08,-1.6529,0.1552,157354,753709.0,1129883194.44,482652537.92
2004-04-28,'600814,杭州解百,4.84,4.91,4.72,4.8,4.82,0.02,0.4149,0.3324,337050,1625694.0,1148872827.96,490764345.28
2004-04-27,'600814,杭州解百,4.82,4.84,4.74,4.8,4.75,0.07,1.4737,0.2552,258742,1239957.0,1144125419.58,488736393.44
2004-04-26,'600814,杭州解百,4.75,4.84,4.75,4.8,4.8,-0.05,-1.0417,0.229,232200,1112119.0,1127509490.25,481638562.0
2004-04-23,'600814,杭州解百,4.8,4.88,4.78,4.88,4.9,-0.1,-2.0408,0.3034,307680,1480382.0,1139378011.2,486708441.6
2004-04-22,'600814,杭州解百,4.9,4.92,4.78,4.84,4.85,0.05,1.0309,0.2389,242228,1174787.0,1163115053.1,496848200.8
2004-04-21,'600814,杭州解百,4.85,4.91,4.84,4.86,4.88,-0.03,-0.6148,0.2257,228900,1114352.0,1151246532.15,491778321.2
2004-04-20,'600814,杭州解百,4.88,4.93,4.82,4.89,4.89,-0.01,-0.2045,0.1593,161493,787620.0,1158367644.72,494820248.96
2004-04-19,'600814,杭州解百,4.89,4.98,4.86,4.98,4.97,-0.08,-1.6097,0.1487,150745,740990.0,1160741348.91,495834224.88
2004-04-16,'600814,杭州解百,4.97,5.02,4.81,5.0,4.99,-0.02,-0.4008,0.626,634700,3122742.0,1179730982.43,503946032.24
2004-04-15,'600814,杭州解百,4.99,5.12,4.93,5.09,5.1,-0.11,-2.1569,0.4793,485981,2442691.0,1184478390.81,505973984.08
2004-04-14,'600814,杭州解百,5.1,5.2,5.03,5.14,5.16,-0.06,-1.1628,0.5196,526838,2685278.0,1210589136.9,517127719.2
2004-04-13,'600814,杭州解百,5.16,5.2,5.11,5.17,5.2,-0.04,-0.7692,0.4761,482736,2488415.0,1224831362.04,523211574.72
2004-04-12,'600814,杭州解百,5.2,5.21,5.07,5.1,5.2,0.0,0.0,0.7279,738055,3795949.0,1234326178.8,527267478.4
2004-04-09,'600814,杭州解百,5.2,5.38,5.15,5.37,5.34,-0.14,-2.6217,1.3857,1405112,7341224.0,1234326178.8,527267478.4
2004-04-08,'600814,杭州解百,0.0,0.0,0.0,0.0,5.34,None,None,0.0,0,0.0,1267558037.46,541463141.28
2004-04-07,'600814,杭州解百,5.34,5.39,5.23,5.28,5.25,0.09,1.7143,1.877,1903269,10160810.0,1267558037.46,541463141.28
2004-04-06,'600814,杭州解百,5.25,5.25,5.15,5.2,5.21,0.04,0.7678,0.7324,742644,3858916.0,1246194699.75,532337358.0
2004-04-05,'600814,杭州解百,5.21,5.25,5.14,5.25,5.24,-0.03,-0.5725,0.7496,760101,3935215.0,1236699882.99,528281454.32
2004-04-02,'600814,杭州解百,5.24,5.28,5.2,5.2,5.25,-0.01,-0.1905,0.9801,993774,5209191.0,1243820995.56,531323382.08
2004-04-01,'600814,杭州解百,5.25,5.31,5.16,5.2,5.19,0.06,1.1561,0.8642,876275,4606784.0,1246194699.75,532337358.0
2004-03-31,'600814,杭州解百,5.19,5.2,5.12,5.18,5.16,0.03,0.5814,0.4852,491932,2540627.0,1231952474.61,526253502.48
2004-03-30,'600814,杭州解百,5.16,5.18,5.1,5.13,5.17,-0.01,-0.1934,0.5606,568454,2916731.0,1224831362.04,523211574.72
2004-03-29,'600814,杭州解百,5.17,5.23,5.15,5.23,5.24,-0.07,-1.3359,0.7537,764264,3957367.0,1227205066.23,524225550.64
2004-03-26,'600814,杭州解百,5.24,5.28,5.14,5.25,5.25,-0.01,-0.1905,1.1278,1143540,5967070.0,1243820995.56,531323382.08
2004-03-25,'600814,杭州解百,5.25,5.28,5.19,5.25,5.26,-0.01,-0.1901,1.2614,1278990,6695379.0,1246194699.75,532337358.0
2004-03-24,'600814,杭州解百,5.26,5.32,5.16,5.16,5.17,0.09,1.7408,3.262,3307638,17447337.0,1248568403.94,533351333.92
2004-03-23,'600814,杭州解百,5.17,5.22,5.11,5.21,5.22,-0.05,-0.9579,2.0608,2089640,10812236.0,1227205066.23,524225550.64
2004-03-22,'600814,杭州解百,5.22,5.23,4.96,5.01,5.01,0.21,4.1916,3.2124,3257322,16765427.0,1239073587.18,529295430.24
2004-03-19,'600814,杭州解百,5.01,5.02,4.9,4.9,4.9,0.11,2.2449,0.8819,894210,4452836.0,1189225799.19,508001935.92
2004-03-18,'600814,杭州解百,4.9,5.07,4.89,5.0,5.03,-0.13,-2.5845,0.7054,715257,3560139.0,1163115053.1,496848200.8
2004-03-17,'600814,杭州解百,5.03,5.05,4.95,4.98,4.96,0.07,1.4113,1.0786,1093630,5469936.0,1193973207.57,510029887.76
2004-03-16,'600814,杭州解百,4.96,4.99,4.9,4.97,4.97,-0.01,-0.2012,0.6156,624224,3086429.0,1177357278.24,502932056.32
2004-03-15,'600814,杭州解百,4.97,4.98,4.88,4.93,4.91,0.06,1.222,0.6684,677764,3350042.0,1179730982.43,503946032.24
2004-03-12,'600814,杭州解百,4.91,4.97,4.82,4.85,4.85,0.06,1.2371,0.7374,747743,3670692.0,1165488757.29,497862176.72
2004-03-11,'600814,杭州解百,4.85,4.87,4.76,4.85,4.82,0.03,0.6224,0.7256,735736,3556556.0,1151246532.15,491778321.2
2004-03-10,'600814,杭州解百,4.82,4.84,4.7,4.75,4.75,0.07,1.4737,0.5461,553749,2626927.0,1144125419.58,488736393.44
2004-03-09,'600814,杭州解百,4.75,4.81,4.75,4.76,4.78,-0.03,-0.6276,0.4305,436493,2082990.0,1127509490.25,481638562.0
2004-03-08,'600814,杭州解百,4.78,5.0,4.76,4.98,5.0,-0.22,-4.4,0.7102,720163,3513069.0,1134630602.82,484680489.76
2004-03-05,'600814,杭州解百,5.0,5.13,4.98,5.1,5.1,-0.1,-1.9608,0.8048,816009,4113414.0,1186852095.0,506987960.0
2004-03-04,'600814,杭州解百,5.1,5.13,4.91,4.98,4.98,0.12,2.4096,1.6144,1636991,8285302.0,1210589136.9,517127719.2
2004-03-03,'600814,杭州解百,4.98,5.14,4.9,4.95,4.96,0.02,0.4032,1.6472,1670183,8405305.0,1182104686.62,504960008.16
2004-03-02,'600814,杭州解百,4.96,4.97,4.88,4.9,4.93,0.03,0.6085,0.672,681409,3355576.0,1177357278.24,502932056.32
2004-03-01,'600814,杭州解百,4.93,4.94,4.85,4.9,4.9,0.03,0.6122,0.7082,718121,3515167.0,1170236165.67,499890128.56
2004-02-27,'600814,杭州解百,4.9,4.92,4.79,4.82,4.81,0.09,1.8711,0.5761,584142,2826358.0,1163115053.1,496848200.8
2004-02-26,'600814,杭州解百,4.81,4.88,4.76,4.84,4.86,-0.05,-1.0288,0.6316,640402,3083185.0,1141751715.39,487722417.52
2004-02-25,'600814,杭州解百,4.86,5.09,4.83,5.04,5.02,-0.16,-3.1873,0.9667,980230,4882081.0,1153620236.34,492792297.12
2004-02-24,'600814,杭州解百,5.02,5.06,4.89,5.06,5.08,-0.06,-1.1811,0.9924,1006235,5002894.0,1191599503.38,509015911.84
2004-02-23,'600814,杭州解百,5.08,5.26,5.06,5.2,5.17,-0.09,-1.7408,2.0496,2078290,10815162.0,1205841728.52,515099767.36
2004-02-20,'600814,杭州解百,5.17,5.18,5.08,5.08,5.04,0.13,2.5794,2.402,2435587,12493770.0,1227205066.23,524225550.64
2004-02-19,'600814,杭州解百,5.04,5.04,4.97,5.02,5.02,0.02,0.3984,1.3201,1338572,6696273.0,1196346911.76,511043863.68
2004-02-18,'600814,杭州解百,5.02,5.05,4.95,5.05,5.02,0.0,0.0,1.13,1145772,5722072.0,1191599503.38,509015911.84
2004-02-17,'600814,杭州解百,5.02,5.05,4.9,4.91,4.91,0.11,2.2403,1.5234,1544663,7702875.0,1191599503.38,509015911.84
2004-02-16,'600814,杭州解百,4.91,4.92,4.81,4.84,4.84,0.07,1.4463,0.9295,942534,4582401.0,1165488757.29,497862176.72
2004-02-13,'600814,杭州解百,4.84,5.0,4.83,4.98,4.98,-0.14,-2.8112,0.9441,957302,4690646.0,1148872827.96,490764345.28
2004-02-12,'600814,杭州解百,4.98,5.02,4.92,5.0,4.99,-0.01,-0.2004,0.9459,959106,4763363.0,1182104686.62,504960008.16
2004-02-11,'600814,杭州解百,4.99,4.99,4.9,4.91,4.91,0.08,1.6293,1.0945,1109749,5481171.0,1184478390.81,505973984.08
2004-02-10,'600814,杭州解百,4.91,5.0,4.87,4.98,4.98,-0.07,-1.4056,1.2476,1265068,6220479.0,1165488757.29,497862176.72
2004-02-09,'600814,杭州解百,4.98,5.02,4.81,4.81,4.83,0.15,3.1056,1.6581,1681322,8329107.0,1182104686.62,504960008.16
2004-02-06,'600814,杭州解百,4.83,4.95,4.8,4.91,4.91,-0.08,-1.6293,1.6614,1684575,8169106.0,1146499123.77,489750369.36
2004-02-05,'600814,杭州解百,4.91,4.93,4.7,4.75,4.75,0.16,3.3684,1.6379,1660747,7971268.0,1165488757.29,497862176.72
2004-02-04,'600814,杭州解百,4.75,4.75,4.66,4.73,4.69,0.06,1.2793,1.1255,1141238,5368075.0,1127509490.25,481638562.0
2004-02-03,'600814,杭州解百,4.69,4.69,4.58,4.62,4.61,0.08,1.7354,0.8435,855303,3969408.0,1113267265.11,475554706.48
2004-02-02,'600814,杭州解百,4.61,4.64,4.5,4.5,4.49,0.12,2.6726,1.11,1125488,5157858.0,1094277631.59,467442899.12
2004-01-30,'600814,杭州解百,4.49,4.57,4.46,4.5,4.5,-0.01,-0.2222,0.832,843623,3798551.0,1065793181.31,455275188.08
2004-01-29,'600814,杭州解百,4.5,4.5,4.36,4.36,4.35,0.15,3.4483,0.5492,556848,2472057.0,1068166885.5,456289164.0
2004-01-16,'600814,杭州解百,4.35,4.38,4.32,4.35,4.36,-0.01,-0.2294,0.5476,555275,2412523.0,1032561322.65,441079525.2
2004-01-15,'600814,杭州解百,4.36,4.45,4.34,4.4,4.38,-0.02,-0.4566,0.5872,595453,2619625.0,1034935026.84,442093501.12
2004-01-14,'600814,杭州解百,4.38,4.42,4.34,4.4,4.39,-0.01,-0.2278,0.3995,405119,1769702.0,1039682435.22,444121452.96
2004-01-13,'600814,杭州解百,4.39,4.43,4.33,4.42,4.41,-0.02,-0.4535,0.4583,464734,2030464.0,1042056139.41,445135428.88
2004-01-12,'600814,杭州解百,4.41,4.45,4.27,4.33,4.34,0.07,1.6129,0.7161,726101,3169647.0,1046803547.79,447163380.72
2004-01-09,'600814,杭州解百,4.34,4.45,4.23,4.28,4.28,0.06,1.4019,0.9777,991368,4290415.0,1030187618.46,440065549.28
2004-01-08,'600814,杭州解百,4.28,4.29,4.19,4.25,4.2,0.08,1.9048,0.5644,572264,2433629.0,1015945393.32,433981693.76
2004-01-07,'600814,杭州解百,4.2,4.25,4.14,4.15,4.14,0.06,1.4493,0.4478,454074,1903317.0,996955759.8,425869886.4
2004-01-06,'600814,杭州解百,4.14,4.16,4.11,4.15,4.17,-0.03,-0.7194,0.5814,589493,2434435.0,982713534.66,419786030.88
2004-01-05,'600814,杭州解百,4.17,4.25,4.14,4.25,4.22,-0.05,-1.1848,0.4306,436655,1820195.0,989834647.23,422827958.64
2004-01-02,'600814,杭州解百,4.22,4.22,4.18,4.2,4.2,0.02,0.4762,0.2973,301425,1266229.0,1001703168.18,427897838.24
2003-12-31,'600814,杭州解百,4.2,4.25,4.19,4.25,4.25,-0.05,-1.1765,0.2239,227000,954909.0,996955759.8,425869886.4
2003-12-30,'600814,杭州解百,4.25,4.3,4.24,4.28,4.29,-0.04,-0.9324,0.2212,224243,954390.0,1008824280.75,430939766.0
2003-12-29,'600814,杭州解百,4.29,4.33,4.26,4.3,4.35,-0.06,-1.3793,0.282,285901,1224381.0,1018319097.51,434995669.68
2003-12-26,'600814,杭州解百,4.35,4.37,4.28,4.3,4.33,0.02,0.4619,0.225,228185,986561.0,1032561322.65,441079525.2
2003-12-25,'600814,杭州解百,4.33,4.45,4.3,4.4,4.42,-0.09,-2.0362,0.4087,414451,1796134.0,1027813914.27,439051573.36
2003-12-24,'600814,杭州解百,4.42,4.42,4.3,4.3,4.33,0.09,2.0785,0.6082,616746,2695238.0,1049177251.98,448177356.64
2003-12-23,'600814,杭州解百,4.33,4.47,4.25,4.4,4.38,-0.05,-1.1416,0.4801,486825,2110927.0,1027813914.27,439051573.36
2003-12-22,'600814,杭州解百,4.38,4.39,4.1,4.19,4.26,0.12,2.8169,0.8892,901603,3789492.0,1039682435.22,444121452.96
2003-12-19,'600814,杭州解百,4.26,4.5,4.14,4.5,4.51,-0.25,-5.5432,0.8738,885984,3787502.0,1011197984.94,431953741.92
2003-12-18,'600814,杭州解百,4.51,4.62,4.5,4.59,4.59,-0.08,-1.7429,0.4954,502315,2274613.0,1070540589.69,457303139.92
2003-12-17,'600814,杭州解百,4.59,4.7,4.59,4.7,4.7,-0.11,-2.3404,0.5685,576400,2675446.0,1089530223.21,465414947.28
2003-12-16,'600814,杭州解百,4.7,4.81,4.6,4.8,4.85,-0.15,-3.0928,1.0457,1060347,4950120.0,1115640969.3,476568682.4
2003-12-15,'600814,杭州解百,4.85,4.87,4.77,4.81,4.77,0.08,1.6771,3.1343,3178106,15303393.0,1151246532.15,491778321.2
2003-12-12,'600814,杭州解百,4.77,4.81,4.62,4.66,4.65,0.12,2.5806,1.5442,1565805,7440216.0,1132256898.63,483666513.84
2003-12-11,'600814,杭州解百,4.65,4.72,4.6,4.72,4.66,-0.01,-0.2146,0.3832,388515,1802467.0,1103772448.35,471498802.8
2003-12-10,'600814,杭州解百,4.66,4.67,4.6,4.64,4.65,0.01,0.2151,0.3055,309763,1433925.0,1106146152.54,472512778.72
2003-12-09,'600814,杭州解百,4.65,4.67,4.55,4.6,4.6,0.05,1.087,0.4639,470367,2167804.0,1103772448.35,471498802.8
2003-12-08,'600814,杭州解百,4.6,4.78,4.58,4.76,4.72,-0.12,-2.5424,0.5432,550839,2553124.0,1091903927.4,466428923.2
2003-12-05,'600814,杭州解百,4.72,4.73,4.63,4.64,4.61,0.11,2.3861,1.182,1198518,5617832.0,1120388377.68,478596634.24
2003-12-04,'600814,杭州解百,4.61,4.63,4.52,4.58,4.54,0.07,1.5419,0.7373,747654,3423196.0,1094277631.59,467442899.12
2003-12-03,'600814,杭州解百,4.54,4.66,4.53,4.57,4.58,-0.04,-0.8734,0.7182,728234,3334134.0,1077661702.26,460345067.68
2003-12-02,'600814,杭州解百,4.58,4.59,4.48,4.57,4.57,0.01,0.2188,0.9085,921165,4171775.0,1087156519.02,464400971.36
2003-12-01,'600814,杭州解百,4.57,4.58,4.39,4.4,4.4,0.17,3.8636,1.1258,1141525,5149070.0,1084782814.83,463386995.44
2003-11-28,'600814,杭州解百,4.4,4.42,4.33,4.35,4.36,0.04,0.9174,0.3187,323107,1415118.0,1044429843.6,446149404.8
2003-11-27,'600814,杭州解百,4.36,4.52,4.34,4.5,4.5,-0.14,-3.1111,0.5293,536699,2362970.0,1034935026.84,442093501.12
2003-11-26,'600814,杭州解百,4.5,4.58,4.41,4.43,4.43,0.07,1.5801,0.9014,914025,4103588.0,1068166885.5,456289164.0
2003-11-25,'600814,杭州解百,4.43,4.57,4.38,4.38,4.42,0.01,0.2262,1.0992,1114522,4990863.0,1051550956.17,449191332.56
2003-11-24,'600814,杭州解百,4.42,4.43,4.2,4.2,4.25,0.17,4.0,0.484,490780,2143691.0,1049177251.98,448177356.64
2003-11-21,'600814,杭州解百,4.25,4.4,4.24,4.39,4.37,-0.12,-2.746,0.4328,438807,1890261.0,1008824280.75,430939766.0
2003-11-20,'600814,杭州解百,4.37,4.42,4.1,4.1,4.2,0.17,4.0476,0.7374,747747,3229670.0,1037308731.03,443107477.04
2003-11-19,'600814,杭州解百,4.2,4.21,4.1,4.1,4.11,0.09,2.1898,0.251,254490,1062827.0,996955759.8,425869886.4
2003-11-18,'600814,杭州解百,4.11,4.21,4.08,4.21,4.17,-0.06,-1.4388,0.1161,117700,484815.0,975592422.09,416744103.12
2003-11-17,'600814,杭州解百,4.17,4.22,4.1,4.1,4.15,0.02,0.4819,0.1483,150400,627236.0,989834647.23,422827958.64
2003-11-14,'600814,杭州解百,4.15,4.16,4.06,4.06,4.11,0.04,0.9732,0.1674,169700,701884.0,985087238.85,420800006.8
2003-11-13,'600814,杭州解百,4.11,4.12,4.05,4.06,4.06,0.05,1.2315,0.0954,96700,394102.0,975592422.09,416744103.12
2003-11-12,'600814,杭州解百,4.06,4.13,4.02,4.13,4.13,-0.07,-1.6949,0.1093,110873,451380.0,963723901.14,411674223.52
2003-11-11,'600814,杭州解百,4.13,4.22,4.06,4.06,4.06,0.07,1.7241,0.3116,315936,1313961.0,980339830.47,418772054.96
2003-11-10,'600814,杭州解百,4.06,4.1,4.02,4.1,4.12,-0.06,-1.4563,0.2007,203509,826103.0,963723901.14,411674223.52
2003-11-07,'600814,杭州解百,4.12,4.16,4.05,4.15,4.18,-0.06,-1.4354,0.3677,372852,1524118.0,977966126.28,417758079.04
2003-11-06,'600814,杭州解百,4.18,4.4,4.15,4.4,4.41,-0.23,-5.2154,0.4275,433480,1832280.0,992208351.42,423841934.56
2003-11-05,'600814,杭州解百,4.41,4.51,4.4,4.51,4.5,-0.09,-2.0,0.2502,253650,1125011.0,1046803547.79,447163380.72
2003-11-04,'600814,杭州解百,4.5,4.57,4.45,4.5,4.44,0.06,1.3514,0.3519,356835,1603466.0,1068166885.5,456289164.0
2003-11-03,'600814,杭州解百,4.44,4.48,4.41,4.44,4.46,-0.02,-0.4484,0.158,160181,710891.0,1053924660.36,450205308.48
2003-10-31,'600814,杭州解百,4.46,4.53,4.4,4.42,4.42,0.04,0.905,0.0899,91143,406806.0,1058672068.74,452233260.32
2003-10-30,'600814,杭州解百,4.42,4.48,4.4,4.42,4.48,-0.06,-1.3393,0.1577,159892,706951.0,1049177251.98,448177356.64
2003-10-29,'600814,杭州解百,4.48,4.68,4.4,4.65,4.61,-0.13,-2.82,0.3303,334940,1506175.0,1063419477.12,454261212.16
2003-10-28,'600814,杭州解百,4.61,4.77,4.61,4.7,4.71,-0.1,-2.1231,0.2662,269931,1259896.0,1094277631.59,467442899.12
2003-10-27,'600814,杭州解百,4.71,4.8,4.67,4.8,4.8,-0.09,-1.875,0.1494,151500,712077.0,1118014673.49,477582658.32
2003-10-24,'600814,杭州解百,4.8,4.96,4.78,4.9,4.9,-0.1,-2.0408,0.3265,331094,1596588.0,1139378011.2,486708441.6
2003-10-23,'600814,杭州解百,4.9,5.04,4.9,5.02,5.02,-0.12,-2.3904,0.1975,200300,993168.0,1163115053.1,496848200.8
2003-10-22,'600814,杭州解百,5.02,5.06,4.93,4.93,4.96,0.06,1.2097,0.1945,197200,988122.0,1191599503.38,509015911.84
2003-10-21,'600814,杭州解百,4.96,4.99,4.9,4.93,4.95,0.01,0.202,0.1467,148700,732937.0,1177357278.24,502932056.32
2003-10-20,'600814,杭州解百,4.95,4.96,4.9,4.96,4.98,-0.03,-0.6024,0.1079,109411,538123.0,1174983574.05,501918080.4
2003-10-17,'600814,杭州解百,4.98,4.98,4.92,4.96,4.95,0.03,0.6061,0.0915,92780,458936.0,1182104686.62,504960008.16
2003-10-16,'600814,杭州解百,4.95,5.0,4.94,4.99,5.0,-0.05,-1.0,0.1828,185400,919649.0,1174983574.05,501918080.4
2003-10-15,'600814,杭州解百,5.0,5.08,4.98,5.04,5.04,-0.04,-0.7937,0.1309,132741,666678.0,1186852095.0,506987960.0
2003-10-14,'600814,杭州解百,5.04,5.11,5.0,5.04,5.05,-0.01,-0.198,0.1399,141806,715692.0,1196346911.76,511043863.68
2003-10-13,'600814,杭州解百,5.05,5.15,5.03,5.09,5.09,-0.04,-0.7859,0.1485,150620,765838.0,1198720615.95,512057839.6
2003-10-10,'600814,杭州解百,5.09,5.13,4.95,4.96,4.99,0.1,2.004,0.1627,164985,832770.0,1208215432.71,516113743.28
2003-10-09,'600814,杭州解百,4.99,5.04,4.97,5.04,5.04,-0.05,-0.9921,0.0875,88700,443209.0,1184478390.81,505973984.08
2003-10-08,'600814,杭州解百,5.04,5.05,4.95,4.96,5.04,0.0,0.0,0.0857,86930,433650.0,1196346911.76,511043863.68
2003-09-30,'600814,杭州解百,5.04,5.05,4.93,4.95,4.97,0.07,1.4085,0.2288,232019,1156002.0,1196346911.76,511043863.68
2003-09-29,'600814,杭州解百,4.97,5.06,4.97,5.06,5.06,-0.09,-1.7787,0.1629,165200,824782.0,1179730982.43,503946032.24
2003-09-26,'600814,杭州解百,5.06,5.1,5.03,5.08,5.1,-0.04,-0.7843,0.1103,111850,564364.0,1201094320.14,513071815.52
2003-09-25,'600814,杭州解百,5.1,5.16,5.04,5.16,5.17,-0.07,-1.354,0.1995,202291,1027530.0,1210589136.9,517127719.2
2003-09-24,'600814,杭州解百,5.17,5.22,5.1,5.21,5.2,-0.03,-0.5769,0.2179,220903,1134774.0,1227205066.23,524225550.64
2003-09-23,'600814,杭州解百,5.2,5.2,5.07,5.08,5.07,0.13,2.5641,0.3167,321170,1653173.0,1234326178.8,527267478.4
2003-09-22,'600814,杭州解百,5.07,5.08,5.03,5.04,5.03,0.04,0.7952,0.0898,91100,459974.0,1203468024.33,514085791.44
2003-09-19,'600814,杭州解百,5.03,5.04,4.98,5.04,5.04,-0.01,-0.1984,0.1524,154500,774284.0,1193973207.57,510029887.76
2003-09-18,'600814,杭州解百,5.04,5.1,5.0,5.0,5.01,0.03,0.5988,0.1638,166070,838804.0,1196346911.76,511043863.68
2003-09-17,'600814,杭州解百,5.01,5.06,5.0,5.04,5.02,-0.01,-0.1992,0.0984,99800,500760.0,1189225799.19,508001935.92
2003-09-16,'600814,杭州解百,5.02,5.03,4.96,5.01,5.01,0.01,0.1996,0.1502,152333,761050.0,1191599503.38,509015911.84
2003-09-15,'600814,杭州解百,5.01,5.06,5.0,5.03,5.03,-0.02,-0.3976,0.1329,134783,677045.0,1189225799.19,508001935.92
2003-09-12,'600814,杭州解百,5.03,5.13,5.0,5.13,5.13,-0.1,-1.9493,0.3098,314140,1587318.0,1193973207.57,510029887.76
2003-09-11,'600814,杭州解百,5.13,5.16,5.1,5.15,5.14,-0.01,-0.1946,0.1236,125300,641673.0,1217710249.47,520169646.96
2003-09-10,'600814,杭州解百,5.14,5.19,5.1,5.17,5.17,-0.03,-0.5803,0.2639,267630,1371246.0,1220083953.66,521183622.88
2003-09-09,'600814,杭州解百,5.17,5.3,5.16,5.27,5.3,-0.13,-2.4528,0.4354,441500,2305615.0,1227205066.23,524225550.64
2003-09-08,'600814,杭州解百,5.3,5.38,5.18,5.21,5.23,0.07,1.3384,0.7461,756550,4016228.0,1258063220.7,537407237.6
2003-09-05,'600814,杭州解百,5.23,5.4,5.09,5.17,5.18,0.05,0.9653,0.9816,995303,5228937.0,1241447291.37,530309406.16
2003-09-04,'600814,杭州解百,5.18,5.22,5.16,5.18,5.16,0.02,0.3876,0.4981,505070,2623116.0,1229578770.42,525239526.56
2003-09-03,'600814,杭州解百,5.16,5.2,5.11,5.18,5.18,-0.02,-0.3861,0.3331,337738,1739905.0,1224831362.04,523211574.72
2003-09-02,'600814,杭州解百,5.18,5.21,5.08,5.15,5.17,0.01,0.1934,0.5148,522013,2682455.0,1229578770.42,525239526.56
2003-09-01,'600814,杭州解百,5.17,5.2,5.01,5.08,5.07,0.1,1.9724,0.5527,560440,2890235.0,1227205066.23,524225550.64
2003-08-29,'600814,杭州解百,5.07,5.08,4.93,5.01,5.04,0.03,0.5952,0.3002,304430,1528807.0,1203468024.33,514085791.44
2003-08-28,'600814,杭州解百,5.04,5.13,4.89,4.9,4.93,0.11,2.2312,0.332,336650,1687635.0,1196346911.76,511043863.68
2003-08-27,'600814,杭州解百,4.93,4.97,4.91,4.95,4.95,-0.02,-0.404,0.0859,87091,429744.0,1170236165.67,499890128.56
2003-08-26,'600814,杭州解百,4.95,4.97,4.9,4.92,4.92,0.03,0.6098,0.2496,253101,1247173.0,1174983574.05,501918080.4
2003-08-25,'600814,杭州解百,4.92,5.04,4.91,5.04,5.05,-0.13,-2.5743,0.22,223100,1115758.0,1167862461.48,498876152.64
2003-08-22,'600814,杭州解百,5.05,5.11,5.01,5.01,5.08,-0.03,-0.5906,0.1086,110116,556837.0,1198720615.95,512057839.6
2003-08-21,'600814,杭州解百,5.08,5.09,5.02,5.06,5.06,0.02,0.3953,0.1972,199958,1013054.0,1205841728.52,515099767.36
2003-08-20,'600814,杭州解百,5.06,5.09,5.03,5.04,5.04,0.02,0.3968,0.1739,176335,892353.0,1201094320.14,513071815.52
2003-08-19,'600814,杭州解百,5.04,5.06,5.02,5.05,5.03,0.01,0.1988,0.0829,84025,423616.0,1196346911.76,511043863.68
2003-08-18,'600814,杭州解百,5.03,5.11,5.03,5.11,5.05,-0.02,-0.396,0.0747,75700,381314.0,1193973207.57,510029887.76
2003-08-15,'600814,杭州解百,5.05,5.07,5.01,5.03,5.05,0.0,0.0,0.0881,89300,449637.0,1198720615.95,512057839.6
2003-08-14,'600814,杭州解百,5.05,5.09,5.02,5.08,5.05,0.0,0.0,0.104,105500,532826.0,1198720615.95,512057839.6
2003-08-13,'600814,杭州解百,5.05,5.09,5.04,5.06,5.1,-0.05,-0.9804,0.1287,130500,660276.0,1198720615.95,512057839.6
2003-08-12,'600814,杭州解百,5.1,5.12,5.01,5.12,5.12,-0.02,-0.3906,0.2014,204262,1033377.0,1210589136.9,517127719.2
2003-08-11,'600814,杭州解百,5.12,5.12,5.01,5.06,5.06,0.06,1.1858,0.2257,228900,1153895.0,1215336545.28,519155671.04
2003-08-08,'600814,杭州解百,5.06,5.14,5.06,5.11,5.15,-0.09,-1.7476,0.1359,137803,700190.0,1201094320.14,513071815.52
2003-08-07,'600814,杭州解百,5.15,5.19,5.13,5.15,5.15,0.0,0.0,0.0905,91799,472748.0,1222457657.85,522197598.8
2003-08-06,'600814,杭州解百,5.15,5.18,5.1,5.14,5.17,-0.02,-0.3868,0.0866,87800,451525.0,1222457657.85,522197598.8
2003-08-05,'600814,杭州解百,5.17,5.19,5.1,5.13,5.12,0.05,0.9766,0.2635,267195,1377782.0,1227205066.23,524225550.64
2003-08-04,'600814,杭州解百,5.12,5.13,5.03,5.05,5.08,0.04,0.7874,0.183,185550,943362.0,1215336545.28,519155671.04
2003-08-01,'600814,杭州解百,5.08,5.1,5.01,5.03,5.03,0.05,0.994,0.1139,115500,582624.0,1205841728.52,515099767.36
2003-07-31,'600814,杭州解百,5.03,5.09,5.01,5.01,5.04,-0.01,-0.1984,0.0657,66605,335943.0,1193973207.57,510029887.76
2003-07-30,'600814,杭州解百,5.04,5.1,5.0,5.08,5.08,-0.04,-0.7874,0.1103,111851,563168.0,1196346911.76,511043863.68
2003-07-29,'600814,杭州解百,5.08,5.09,5.06,5.06,5.06,0.02,0.3953,0.1033,104715,530702.0,1205841728.52,515099767.36
2003-07-28,'600814,杭州解百,5.06,5.07,5.0,5.01,5.02,0.04,0.7968,0.1956,198345,997909.0,1201094320.14,513071815.52
2003-07-25,'600814,杭州解百,5.02,5.13,5.02,5.11,5.13,-0.11,-2.1442,0.2367,240048,1219160.0,1191599503.38,509015911.84
2003-07-24,'600814,杭州解百,5.13,5.16,5.1,5.16,5.15,-0.02,-0.3883,0.1032,104605,537621.0,1217710249.47,520169646.96
2003-07-23,'600814,杭州解百,5.15,5.15,5.08,5.1,5.13,0.02,0.3899,0.1587,160907,824556.0,1222457657.85,522197598.8
2003-07-22,'600814,杭州解百,5.13,5.2,5.08,5.12,5.17,-0.04,-0.7737,0.2898,293837,1500406.0,1217710249.47,520169646.96
2003-07-21,'600814,杭州解百,0.0,0.0,0.0,0.0,5.17,None,None,0.0,0,0.0,1227205066.23,524225550.64
2003-07-18,'600814,杭州解百,5.17,5.31,5.17,5.26,5.26,-0.09,-1.711,0.4199,425800,2224414.0,1227205066.23,524225550.64
2003-07-17,'600814,杭州解百,5.26,5.29,5.24,5.29,5.29,-0.03,-0.5671,0.2873,291334,1530538.0,1248568403.94,533351333.92
2003-07-16,'600814,杭州解百,5.29,5.29,5.25,5.25,5.25,0.04,0.7619,0.1579,160118,843815.0,1255689516.51,536393261.68
2003-07-15,'600814,杭州解百,5.25,5.3,5.23,5.27,5.26,-0.01,-0.1901,0.172,174389,916173.0,1246194699.75,532337358.0
2003-07-14,'600814,杭州解百,5.26,5.36,5.24,5.35,5.38,-0.12,-2.2305,0.2393,242650,1285252.0,1248568403.94,533351333.92
2003-07-11,'600814,杭州解百,5.38,5.41,5.35,5.41,5.42,-0.04,-0.738,0.158,160200,861043.0,1277052854.22,545519044.96
2003-07-10,'600814,杭州解百,5.42,5.44,5.35,5.36,5.41,0.01,0.1848,0.2807,284624,1536928.0,1286547670.98,549574948.64
2003-07-09,'600814,杭州解百,5.41,5.42,5.36,5.36,5.39,0.02,0.3711,0.2036,206474,1112792.0,1284173966.79,548560972.72
2003-07-08,'600814,杭州解百,5.39,5.4,5.33,5.33,5.36,0.03,0.5597,0.094,95290,511536.0,1279426558.41,546533020.88
2003-07-07,'600814,杭州解百,5.36,5.37,5.31,5.35,5.4,-0.04,-0.7407,0.132,133824,713095.0,1272305445.84,543491093.12
2003-07-04,'600814,杭州解百,5.4,5.42,5.35,5.38,5.38,0.02,0.3717,0.2144,217421,1170298.0,1281800262.6,547546996.8
2003-07-03,'600814,杭州解百,5.38,5.4,5.32,5.37,5.36,0.02,0.3731,0.1135,115063,616063.0,1277052854.22,545519044.96
2003-07-02,'600814,杭州解百,5.36,5.36,5.26,5.31,5.33,0.03,0.5629,0.2064,209301,1108331.0,1272305445.84,543491093.12
2003-07-01,'600814,杭州解百,5.33,5.39,5.21,5.31,5.3,0.03,0.566,0.3216,326098,1738078.0,1265184333.27,540449165.36
2003-06-30,'600814,杭州解百,5.3,5.36,5.3,5.35,5.39,-0.09,-1.6698,0.4805,487263,2593877.0,1258063220.7,537407237.6
2003-06-27,'600814,杭州解百,5.39,5.45,5.38,5.44,5.44,-0.05,-0.9191,0.2916,295709,1596892.0,1279426558.41,546533020.88
2003-06-26,'600814,杭州解百,5.44,5.48,5.36,5.43,5.48,-0.04,-0.7299,0.4924,499240,2702886.0,1291295079.36,551602900.48
2003-06-25,'600814,杭州解百,5.48,5.53,5.46,5.48,5.48,0.0,0.0,0.1989,201700,1107087.0,1300789896.12,555658804.16
2003-06-24,'600814,杭州解百,5.48,5.55,5.42,5.46,5.47,0.01,0.1828,0.1859,188484,1034830.0,1300789896.12,555658804.16
2003-06-23,'600814,杭州解百,5.47,5.59,5.46,5.59,5.58,-0.11,-1.9713,0.3098,314150,1731301.0,1298416191.93,554644828.24
2003-06-20,'600814,杭州解百,5.58,5.68,5.58,5.58,5.61,-0.03,-0.5348,0.3195,323964,1825274.0,1324526938.02,565798563.36
2003-06-19,'600814,杭州解百,5.61,5.69,5.55,5.68,5.7,-0.09,-1.5789,0.6267,635500,3556295.0,1331648050.59,568840491.12
2003-06-18,'600814,杭州解百,5.7,5.79,5.65,5.75,5.79,-0.09,-1.5544,0.6543,663428,3790715.0,1353011388.3,577966274.4
2003-06-17,'600814,杭州解百,5.79,5.82,5.61,5.72,5.75,0.04,0.6957,1.3369,1355568,7766447.0,1374374726.01,587092057.68
2003-06-16,'600814,杭州解百,5.75,5.99,5.71,5.71,5.54,0.21,3.7906,5.1946,5267162,30716474.0,1364879909.25,583036154.0
2003-06-13,'600814,杭州解百,5.54,5.55,5.38,5.44,5.39,0.15,2.7829,0.7809,791826,4355623.0,1315032121.26,561742659.68
2003-06-12,'600814,杭州解百,5.39,5.42,5.36,5.42,5.42,-0.03,-0.5535,0.16,162231,872279.0,1279426558.41,546533020.88
2003-06-11,'600814,杭州解百,5.42,5.45,5.28,5.28,5.33,0.09,1.6886,0.2797,283615,1527963.0,1286547670.98,549574948.64
2003-06-10,'600814,杭州解百,5.33,5.35,5.25,5.26,5.29,0.04,0.7561,0.1765,178924,951012.0,1265184333.27,540449165.36
2003-06-09,'600814,杭州解百,5.29,5.4,5.28,5.35,5.37,-0.08,-1.4898,0.2616,265210,1410032.0,1255689516.51,536393261.68
2003-06-06,'600814,杭州解百,5.37,5.43,5.36,5.41,5.4,-0.03,-0.5556,0.4005,406094,2191534.0,1274679150.03,544505069.04
2003-06-05,'600814,杭州解百,5.4,5.51,5.36,5.51,5.51,-0.11,-1.9964,1.0135,1027674,5567917.0,1281800262.6,547546996.8
2003-06-04,'600814,杭州解百,5.51,5.59,5.44,5.59,5.6,-0.09,-1.6071,0.3846,390000,2141599.0,1307911008.69,558700731.92
2003-06-03,'600814,杭州解百,5.6,5.6,5.46,5.55,5.55,0.05,0.9009,0.881,893275,4952518.0,1329274346.4,567826515.2
2003-06-02,'600814,杭州解百,5.55,5.6,5.5,5.6,5.58,-0.03,-0.5376,0.3927,398178,2206624.0,1317405825.45,562756635.6
2003-05-30,'600814,杭州解百,5.58,5.62,5.49,5.53,5.55,0.03,0.5405,0.4521,458377,2548729.0,1324526938.02,565798563.36
2003-05-29,'600814,杭州解百,5.55,5.57,5.42,5.51,5.52,0.03,0.5435,0.3552,360203,1971838.0,1317405825.45,562756635.6
2003-05-28,'600814,杭州解百,5.52,5.61,5.49,5.5,5.48,0.04,0.7299,0.581,589138,3266628.0,1310284712.88,559714707.84
2003-05-27,'600814,杭州解百,5.48,5.55,5.46,5.52,5.52,-0.04,-0.7246,0.2946,298719,1638102.0,1300789896.12,555658804.16
2003-05-26,'600814,杭州解百,5.52,5.53,5.4,5.45,5.48,0.04,0.7299,0.5629,570743,3125888.0,1310284712.88,559714707.84
2003-05-23,'600814,杭州解百,5.48,5.49,5.31,5.31,5.45,0.03,0.5505,0.6943,704054,3808269.0,1300789896.12,555658804.16
2003-05-22,'600814,杭州解百,5.45,5.46,5.25,5.26,5.31,0.14,2.6365,0.4757,482322,2587298.0,1293668783.55,552616876.4
2003-05-21,'600814,杭州解百,5.31,5.35,5.27,5.3,5.31,0.0,0.0,0.252,255537,1356000.0,1260436924.89,538421213.52
2003-05-20,'600814,杭州解百,5.31,5.4,5.28,5.4,5.41,-0.1,-1.8484,0.2926,296700,1576372.0,1260436924.89,538421213.52
2003-05-19,'600814,杭州解百,5.41,5.5,5.37,5.38,5.38,0.03,0.5576,0.5715,579525,3141526.0,1284173966.79,548560972.72
2003-05-16,'600814,杭州解百,5.38,5.4,5.22,5.35,5.3,0.08,1.5094,0.5927,600990,3191710.0,1277052854.22,545519044.96
2003-05-15,'600814,杭州解百,5.3,5.32,5.11,5.18,5.19,0.11,2.1195,0.7397,749989,3912214.0,1258063220.7,537407237.6
2003-05-14,'600814,杭州解百,5.19,5.22,5.06,5.1,5.08,0.11,2.1654,0.3981,403664,2079113.0,1231952474.61,526253502.48
2003-05-13,'600814,杭州解百,5.08,5.25,5.05,5.25,5.25,-0.17,-3.2381,0.4668,473342,2422938.0,1205841728.52,515099767.36
2003-05-12,'600814,杭州解百,5.25,5.55,5.0,5.51,5.52,-0.27,-4.8913,0.3876,393000,2074328.0,1246194699.75,532337358.0
2003-04-30,'600814,杭州解百,5.52,5.62,5.5,5.5,5.52,0.0,0.0,0.4306,436619,2421856.0,1310284712.88,559714707.84
2003-04-29,'600814,杭州解百,5.52,5.68,5.51,5.65,5.65,-0.13,-2.3009,0.3813,386600,2148984.0,1310284712.88,559714707.84
2003-04-28,'600814,杭州解百,5.65,5.65,5.51,5.54,5.58,0.07,1.2545,0.358,362970,2029632.0,1341142867.35,572896394.8
2003-04-25,'600814,杭州解百,5.58,5.75,5.55,5.58,5.6,-0.02,-0.3571,0.2624,266101,1500826.0,1324526938.02,565798563.36
2003-04-24,'600814,杭州解百,5.6,5.8,5.6,5.8,5.82,-0.22,-3.7801,0.6346,643489,3654656.0,1329274346.4,567826515.2
2003-04-23,'600814,杭州解百,5.82,5.94,5.8,5.94,5.94,-0.12,-2.0202,0.4691,475700,2784642.0,1381495838.58,590133985.44
2003-04-22,'600814,杭州解百,5.94,6.04,5.92,6.03,6.0,-0.06,-1.0,0.2828,286800,1709790.0,1409980288.86,602301696.48
2003-04-21,'600814,杭州解百,6.0,6.15,5.93,6.13,6.13,-0.13,-2.1207,0.5825,590602,3562804.0,1424222514.0,608385552.0
2003-04-18,'600814,杭州解百,6.13,6.15,6.03,6.09,6.09,0.04,0.6568,0.5359,543354,3305359.0,1455080668.47,621567238.96
2003-04-17,'600814,杭州解百,6.09,6.17,6.02,6.08,6.08,0.01,0.1645,0.5371,544633,3309880.0,1445585851.71,617511335.28
2003-04-16,'600814,杭州解百,6.08,6.28,6.07,6.27,6.27,-0.19,-3.0303,1.4705,1491020,9157314.0,1443212147.52,616497359.36
2003-04-15,'600814,杭州解百,6.27,6.35,6.2,6.35,6.35,-0.08,-1.2598,0.8413,853105,5348125.0,1488312527.13,635762901.84
2003-04-14,'600814,杭州解百,6.35,6.44,6.0,6.0,6.01,0.34,5.6572,1.5851,1607231,9976690.0,1507302160.65,643874709.2
2003-04-11,'600814,杭州解百,6.01,6.04,5.86,6.0,6.0,0.01,0.1667,0.9195,932371,5542509.0,1426596218.19,609399527.92
2003-04-10,'600814,杭州解百,6.0,6.15,5.85,6.03,5.99,0.01,0.1669,0.8713,883502,5267044.0,1424222514.0,608385552.0
2003-04-09,'600814,杭州解百,0.0,0.0,0.0,0.0,5.99,None,None,0.0,0,0.0,1421848809.81,607371576.08
2003-04-08,'600814,杭州解百,5.99,6.17,5.97,6.17,6.15,-0.16,-2.6016,0.4154,421242,2542081.0,1421848809.81,607371576.08
2003-04-07,'600814,杭州解百,6.15,6.18,6.08,6.09,6.08,0.07,1.1513,0.8545,866392,5322711.0,1459828076.85,623595190.8
2003-04-04,'600814,杭州解百,6.08,6.09,6.03,6.05,6.03,0.05,0.8292,0.3505,355400,2152847.0,1443212147.52,616497359.36
2003-04-03,'600814,杭州解百,6.03,6.08,6.01,6.05,6.05,-0.02,-0.3306,0.2424,245818,1484536.0,1431343626.57,611427479.76
2003-04-02,'600814,杭州解百,6.05,6.1,5.98,6.09,6.09,-0.04,-0.6568,0.3967,402257,2426941.0,1436091034.95,613455431.6
2003-04-01,'600814,杭州解百,6.09,6.1,6.0,6.07,6.06,0.03,0.495,0.6553,664436,4019486.0,1445585851.71,617511335.28
2003-03-31,'600814,杭州解百,6.06,6.06,5.96,6.01,6.04,0.02,0.3311,0.2777,281558,1691438.0,1438464739.14,614469407.52
2003-03-28,'600814,杭州解百,6.04,6.08,5.81,6.04,6.09,-0.05,-0.821,0.3679,372994,2248000.0,1433717330.76,612441455.68
2003-03-27,'600814,杭州解百,6.09,6.14,5.82,5.9,5.98,0.11,1.8395,0.4745,481090,2879339.0,1445585851.71,617511335.28
2003-03-26,'600814,杭州解百,5.98,6.09,5.9,5.91,5.8,0.18,3.1034,0.7967,807828,4866398.0,1419475105.62,606357600.16
2003-03-25,'600814,杭州解百,5.8,6.0,5.8,6.0,5.99,-0.19,-3.172,0.2091,212000,1250549.0,1376748430.2,588106033.6
2003-03-24,'600814,杭州解百,5.99,6.01,5.92,5.96,5.98,0.01,0.1672,0.1401,142045,848976.0,1421848809.81,607371576.08
2003-03-21,'600814,杭州解百,5.98,6.0,5.9,5.96,5.96,0.02,0.3356,0.1152,116772,696306.0,1419475105.62,606357600.16
2003-03-20,'600814,杭州解百,5.96,6.08,5.9,6.07,5.96,0.0,0.0,0.1507,152800,910980.0,1414727697.24,604329648.32
2003-03-19,'600814,杭州解百,5.96,6.0,5.9,5.94,5.96,0.0,0.0,0.1946,197278,1173400.0,1414727697.24,604329648.32
2003-03-18,'600814,杭州解百,5.96,6.06,5.95,6.0,6.0,-0.04,-0.6667,0.2692,272990,1644361.0,1414727697.24,604329648.32
2003-03-17,'600814,杭州解百,6.0,6.09,5.88,6.09,6.05,-0.05,-0.8264,0.324,328512,1958397.0,1424222514.0,608385552.0
2003-03-14,'600814,杭州解百,6.05,6.1,6.02,6.07,6.07,-0.02,-0.3295,0.2017,204497,1237871.0,1436091034.95,613455431.6
2003-03-13,'600814,杭州解百,6.07,6.15,6.06,6.11,6.14,-0.07,-1.1401,0.2031,205902,1253689.0,1440838443.33,615483383.44
2003-03-12,'600814,杭州解百,6.14,6.14,6.03,6.09,6.04,0.1,1.6556,0.2554,258936,1573421.0,1457454372.66,622581214.88
2003-03-11,'600814,杭州解百,6.04,6.07,6.0,6.01,6.03,0.01,0.1658,0.211,213948,1290867.0,1433717330.76,612441455.68
2003-03-10,'600814,杭州解百,6.03,6.13,6.02,6.1,6.1,-0.07,-1.1475,0.4313,437300,2648038.0,1431343626.57,611427479.76
2003-03-07,'600814,杭州解百,6.1,6.17,6.1,6.12,6.14,-0.04,-0.6515,0.4278,433800,2657684.0,1447959555.9,618525311.2
2003-03-06,'600814,杭州解百,6.14,6.26,6.13,6.25,6.27,-0.13,-2.0734,0.4647,471200,2912189.0,1457454372.66,622581214.88
2003-03-05,'600814,杭州解百,6.27,6.34,6.25,6.34,6.35,-0.08,-1.2598,0.3585,363493,2280796.0,1488312527.13,635762901.84
2003-03-04,'600814,杭州解百,6.35,6.36,6.29,6.33,6.35,0.0,0.0,0.4433,449518,2840539.0,1507302160.65,643874709.2
2003-03-03,'600814,杭州解百,6.35,6.36,6.28,6.34,6.33,0.02,0.316,0.4392,445362,2811969.0,1507302160.65,643874709.2
2003-02-28,'600814,杭州解百,6.33,6.44,6.28,6.44,6.43,-0.1,-1.5552,0.4268,432787,2737565.0,1502554752.27,641846757.36
2003-02-27,'600814,杭州解百,6.43,6.52,6.38,6.46,6.46,-0.03,-0.4644,0.3332,337856,2176377.0,1526291794.17,651986516.56
2003-02-26,'600814,杭州解百,6.46,6.54,6.42,6.5,6.46,0.0,0.0,0.2729,276700,1787051.0,1533412906.74,655028444.32
2003-02-25,'600814,杭州解百,6.46,6.46,6.32,6.35,6.32,0.14,2.2152,0.4509,457206,2940356.0,1533412906.74,655028444.32
2003-02-24,'600814,杭州解百,6.32,6.39,6.3,6.35,6.33,-0.01,-0.158,0.4181,423930,2686099.0,1500181048.08,640832781.44
2003-02-21,'600814,杭州解百,6.33,6.52,6.3,6.52,6.52,-0.19,-2.9141,0.6587,667901,4264816.0,1502554752.27,641846757.36
2003-02-20,'600814,杭州解百,6.52,6.58,6.45,6.47,6.49,0.03,0.4622,0.5198,527100,3446171.0,1547655131.88,661112299.84
2003-02-19,'600814,杭州解百,6.49,6.54,6.43,6.44,6.4,0.09,1.4063,0.7687,779449,5055551.0,1540534019.31,658070372.08
2003-02-18,'600814,杭州解百,6.4,6.48,6.38,6.46,6.49,-0.09,-1.3867,0.7205,730585,4691200.0,1519170681.6,648944588.8
2003-02-17,'600814,杭州解百,6.49,6.61,6.45,6.55,6.57,-0.08,-1.2177,0.8028,813974,5299944.0,1540534019.31,658070372.08
2003-02-14,'600814,杭州解百,6.57,6.63,6.45,6.46,6.5,0.07,1.0769,0.9747,988300,6475294.0,1559523652.83,666182179.44
2003-02-13,'600814,杭州解百,6.5,6.73,6.48,6.61,6.6,-0.1,-1.5152,1.3778,1397055,9212936.0,1542907723.5,659084348.0
2003-02-12,'600814,杭州解百,6.6,6.6,6.46,6.55,6.57,0.03,0.4566,1.0396,1054086,6878512.0,1566644765.4,669224107.2
2003-02-11,'600814,杭州解百,6.57,6.58,6.39,6.45,6.5,0.07,1.0769,0.8592,871180,5650108.0,1559523652.83,666182179.44
2003-02-10,'600814,杭州解百,6.5,6.64,6.44,6.57,6.58,-0.08,-1.2158,0.7993,810450,5267662.0,1542907723.5,659084348.0
2003-01-29,'600814,杭州解百,6.58,6.71,6.54,6.7,6.73,-0.15,-2.2288,2.219,2250040,14867446.0,1561897357.02,667196155.36
2003-01-28,'600814,杭州解百,6.73,7.0,6.67,6.78,6.74,-0.01,-0.1484,6.013,6097037,41660780.0,1597502919.87,682405794.16
2003-01-27,'600814,杭州解百,6.74,6.79,6.51,6.58,6.58,0.16,2.4316,2.988,3029749,20132025.0,1599876624.06,683419770.08
2003-01-24,'600814,杭州解百,6.58,6.68,6.29,6.5,6.51,0.07,1.0753,4.601,4665349,30290462.0,1561897357.02,667196155.36
2003-01-23,'600814,杭州解百,6.51,6.69,6.41,6.56,6.56,-0.05,-0.7622,4.9852,5054915,33085428.0,1545281427.69,660098323.92
2003-01-22,'600814,杭州解百,6.56,6.56,5.91,5.91,5.96,0.6,10.0671,6.4408,6530783,41529190.0,1557149948.64,665168203.52
2003-01-21,'600814,杭州解百,5.96,6.08,5.94,6.02,6.0,-0.04,-0.6667,0.547,554615,3338232.0,1414727697.24,604329648.32
2003-01-20,'600814,杭州解百,6.0,6.02,5.91,6.0,6.05,-0.05,-0.8264,0.4678,474383,2828286.0,1424222514.0,608385552.0
2003-01-17,'600814,杭州解百,6.05,6.12,6.0,6.1,6.08,-0.03,-0.4934,0.6155,624095,3772876.0,1436091034.95,613455431.6
2003-01-16,'600814,杭州解百,6.08,6.1,5.93,6.0,5.96,0.12,2.0134,1.0253,1039636,6245667.0,1443212147.52,616497359.36
2003-01-15,'600814,杭州解百,5.96,6.13,5.9,6.05,6.03,-0.07,-1.1609,0.9307,943724,5676038.0,1414727697.24,604329648.32
2003-01-14,'600814,杭州解百,6.03,6.15,5.75,5.75,5.79,0.24,4.1451,0.8508,862675,5175890.0,1431343626.57,611427479.76
2003-01-13,'600814,杭州解百,5.79,5.83,5.74,5.78,5.78,0.01,0.173,0.1627,164960,954619.0,1374374726.01,587092057.68
2003-01-10,'600814,杭州解百,5.78,5.92,5.77,5.91,5.89,-0.11,-1.8676,0.3845,389900,2280031.0,1372001021.82,586078081.76
2003-01-09,'600814,杭州解百,5.89,5.92,5.7,5.85,5.83,0.06,1.0292,0.5012,508165,2969567.0,1398111767.91,597231816.88
2003-01-08,'600814,杭州解百,5.83,5.85,5.69,5.7,5.67,0.16,2.8219,0.4852,492031,2841071.0,1383869542.77,591147961.36
2003-01-07,'600814,杭州解百,5.67,5.74,5.58,5.58,5.6,0.07,1.25,0.1931,195753,1104889.0,1345890275.73,574924346.64
2003-01-06,'600814,杭州解百,5.6,5.61,5.45,5.5,5.52,0.08,1.4493,0.1519,154039,855831.0,1329274346.4,567826515.2
2003-01-03,'600814,杭州解百,5.52,5.55,5.45,5.49,5.49,0.03,0.5464,0.1529,155000,854871.0,1310284712.88,559714707.84
2003-01-02,'600814,杭州解百,5.49,5.6,5.44,5.5,5.55,-0.06,-1.0811,0.1504,152550,838047.0,1303163600.31,556672780.08
2002-12-31,'600814,杭州解百,5.55,5.69,5.5,5.66,5.64,-0.09,-1.5957,0.1383,140200,785431.0,1317405825.45,562756635.6
2002-12-30,'600814,杭州解百,5.64,5.74,5.61,5.68,5.72,-0.08,-1.3986,0.1559,158071,893834.0,1338769163.16,571882418.88
2002-12-27,'600814,杭州解百,5.72,5.75,5.6,5.65,5.7,0.02,0.3509,0.2626,266250,1509349.0,1357758796.68,579994226.24
2002-12-26,'600814,杭州解百,5.7,5.97,5.63,5.92,5.91,-0.21,-3.5533,0.3885,393894,2290934.0,1353011388.3,577966274.4
2002-12-25,'600814,杭州解百,5.91,5.98,5.9,5.98,5.97,-0.06,-1.005,0.164,166300,986340.0,1402859176.29,599259768.72
2002-12-24,'600814,杭州解百,5.97,5.98,5.83,5.98,5.98,-0.01,-0.1672,0.3613,366299,2159591.0,1417101401.43,605343624.24
2002-12-23,'600814,杭州解百,5.98,6.05,5.97,6.04,6.01,-0.03,-0.4992,0.4388,444886,2674121.0,1419475105.62,606357600.16
2002-12-20,'600814,杭州解百,6.01,6.06,5.8,5.9,5.91,0.1,1.692,0.709,718950,4290492.0,1426596218.19,609399527.92
2002-12-19,'600814,杭州解百,5.91,5.92,5.75,5.76,5.76,0.15,2.6042,0.3527,357638,2083725.0,1402859176.29,599259768.72
2002-12-18,'600814,杭州解百,5.76,5.89,5.75,5.86,5.86,-0.1,-1.7065,0.2299,233142,1360345.0,1367253613.44,584050129.92
2002-12-17,'600814,杭州解百,5.86,5.89,5.7,5.82,5.82,0.04,0.6873,0.2341,237402,1381928.0,1390990655.34,594189889.12
2002-12-16,'600814,杭州解百,5.82,5.87,5.73,5.76,5.76,0.06,1.0417,0.1777,180200,1047946.0,1381495838.58,590133985.44
2002-12-13,'600814,杭州解百,5.76,5.8,5.52,5.56,5.61,0.15,2.6738,0.1888,191474,1094092.0,1367253613.44,584050129.92
2002-12-12,'600814,杭州解百,5.61,5.75,5.6,5.6,5.62,-0.01,-0.1779,0.1032,104673,592107.0,1331648050.59,568840491.12
2002-12-11,'600814,杭州解百,5.62,5.66,5.53,5.56,5.6,0.02,0.3571,0.1036,105034,588174.0,1334021754.78,569854467.04
2002-12-10,'600814,杭州解百,5.6,5.75,5.6,5.75,5.71,-0.11,-1.9264,0.1278,129600,735891.0,1329274346.4,567826515.2
2002-12-09,'600814,杭州解百,5.71,5.78,5.7,5.7,5.76,-0.05,-0.8681,0.0937,95050,544379.0,1355385092.49,578980250.32
2002-12-06,'600814,杭州解百,5.76,5.8,5.68,5.75,5.75,0.01,0.1739,0.158,160250,917584.0,1367253613.44,584050129.92
2002-12-05,'600814,杭州解百,5.75,5.78,5.7,5.74,5.78,-0.03,-0.519,0.1272,128951,738268.0,1364879909.25,583036154.0
2002-12-04,'600814,杭州解百,5.78,5.9,5.72,5.86,5.81,-0.03,-0.5164,0.1858,188400,1100313.0,1372001021.82,586078081.76
2002-12-03,'600814,杭州解百,5.81,5.82,5.69,5.7,5.71,0.1,1.7513,0.1766,179092,1032599.0,1379122134.39,589120009.52
2002-12-02,'600814,杭州解百,5.71,5.88,5.7,5.85,5.89,-0.18,-3.056,0.3051,309414,1788895.0,1355385092.49,578980250.32
2002-11-29,'600814,杭州解百,5.89,6.0,5.75,5.87,5.86,0.03,0.5119,0.7788,789639,4666988.0,1398111767.91,597231816.88
2002-11-28,'600814,杭州解百,5.86,5.87,5.53,5.53,5.68,0.18,3.169,0.3752,380484,2185093.0,1390990655.34,594189889.12
2002-11-27,'600814,杭州解百,5.68,5.72,5.49,5.54,5.6,0.08,1.4286,0.2843,288253,1608758.0,1348263979.92,575938322.56
2002-11-26,'600814,杭州解百,5.6,5.77,5.56,5.74,5.7,-0.1,-1.7544,0.2289,232100,1320220.0,1329274346.4,567826515.2
2002-11-25,'600814,杭州解百,5.7,5.72,5.52,5.61,5.68,0.02,0.3521,0.21,212930,1205119.0,1353011388.3,577966274.4
2002-11-22,'600814,杭州解百,5.68,5.79,5.55,5.66,5.6,0.08,1.4286,0.2953,299407,1696920.0,1348263979.92,575938322.56
2002-11-21,'600814,杭州解百,5.6,5.72,5.6,5.6,5.71,-0.11,-1.9264,0.35,354889,2003891.0,1329274346.4,567826515.2
2002-11-20,'600814,杭州解百,5.71,5.95,5.7,5.95,5.98,-0.27,-4.5151,0.423,428900,2479812.0,1355385092.49,578980250.32
2002-11-19,'600814,杭州解百,5.98,5.99,5.85,5.92,5.92,0.06,1.0135,0.6025,610901,3606106.0,1419475105.62,606357600.16
2002-11-18,'600814,杭州解百,5.92,6.16,5.9,6.09,6.1,-0.18,-2.9508,0.3962,401722,2396208.0,1405232880.48,600273744.64
2002-11-15,'600814,杭州解百,6.1,6.22,6.02,6.05,6.09,0.01,0.1642,0.4749,481564,2946414.0,1447959555.9,618525311.2
2002-11-14,'600814,杭州解百,6.09,6.3,6.05,6.3,6.32,-0.23,-3.6392,0.4954,502338,3092901.0,1445585851.71,617511335.28
2002-11-13,'600814,杭州解百,6.32,6.44,6.06,6.42,6.38,-0.06,-0.9404,0.8419,853686,5332307.0,1500181048.08,640832781.44
2002-11-12,'600814,杭州解百,6.38,6.82,6.3,6.8,6.82,-0.44,-6.4516,1.2704,1288114,8379555.0,1514423273.22,646916636.96
2002-11-11,'600814,杭州解百,6.82,6.88,6.67,6.7,6.78,0.04,0.59,1.3807,1399975,9494982.0,1618866257.58,691531577.44
2002-11-08,'600814,杭州解百,6.78,6.95,6.56,6.58,6.54,0.24,3.6697,3.7247,3776787,25533543.0,1609371440.82,687475673.76
2002-11-07,'600814,杭州解百,6.54,6.61,6.48,6.6,6.6,-0.06,-0.9091,0.1807,183231,1195373.0,1552402540.26,663140251.68
2002-11-06,'600814,杭州解百,6.6,6.64,6.56,6.64,6.62,-0.02,-0.3021,0.1774,179876,1184716.0,1566644765.4,669224107.2
2002-11-05,'600814,杭州解百,6.62,6.64,6.45,6.5,6.48,0.14,2.1605,0.3679,372993,2453601.0,1571392173.78,671252059.04
2002-11-04,'600814,杭州解百,6.48,6.48,6.38,6.44,6.35,0.13,2.0472,0.1346,136484,877371.0,1538160315.12,657056396.16
2002-11-01,'600814,杭州解百,6.35,6.38,6.3,6.38,6.43,-0.08,-1.2442,0.2513,254833,1611408.0,1507302160.65,643874709.2
2002-10-31,'600814,杭州解百,6.43,6.45,6.34,6.42,6.45,-0.02,-0.3101,0.3429,347710,2221944.0,1526291794.17,651986516.56
2002-10-30,'600814,杭州解百,6.45,6.48,6.31,6.46,6.46,-0.01,-0.1548,0.3428,347628,2210092.0,1531039202.55,654014468.4
2002-10-29,'600814,杭州解百,6.46,6.49,6.3,6.49,6.49,-0.03,-0.4622,0.4609,467313,2984405.0,1533412906.74,655028444.32
2002-10-28,'600814,杭州解百,6.49,6.68,6.4,6.68,6.48,0.01,0.1543,0.3623,367384,2375568.0,1540534019.31,658070372.08
2002-10-25,'600814,杭州解百,6.48,6.66,6.45,6.6,6.55,-0.07,-1.0687,0.0966,97940,641977.0,1538160315.12,657056396.16
2002-10-24,'600814,杭州解百,6.55,6.68,6.55,6.61,6.61,-0.06,-0.9077,0.0888,90030,594207.0,1554776244.45,664154227.6
2002-10-23,'600814,杭州解百,6.61,6.65,6.4,6.62,6.62,-0.01,-0.1511,0.2106,213565,1399520.0,1569018469.59,670238083.12
2002-10-22,'600814,杭州解百,6.62,6.65,6.48,6.48,6.51,0.11,1.6897,0.2065,209384,1377599.0,1571392173.78,671252059.04
2002-10-21,'600814,杭州解百,6.51,6.51,6.41,6.44,6.44,0.07,1.087,0.0991,100444,648688.0,1545281427.69,660098323.92
2002-10-18,'600814,杭州解百,6.44,6.51,6.3,6.45,6.51,-0.07,-1.0753,0.3393,343993,2191717.0,1528665498.36,653000492.48
2002-10-17,'600814,杭州解百,6.51,6.66,6.5,6.61,6.62,-0.11,-1.6616,0.134,135900,888387.0,1545281427.69,660098323.92
2002-10-16,'600814,杭州解百,6.62,6.69,6.53,6.53,6.58,0.04,0.6079,0.1571,159253,1055816.0,1571392173.78,671252059.04
2002-10-15,'600814,杭州解百,6.58,6.63,6.55,6.6,6.63,-0.05,-0.7541,0.0809,82061,540106.0,1561897357.02,667196155.36
2002-10-14,'600814,杭州解百,6.63,6.65,6.5,6.61,6.63,0.0,0.0,0.1289,130697,856537.0,1573765877.97,672266034.96
2002-10-11,'600814,杭州解百,6.63,6.73,6.62,6.7,6.67,-0.04,-0.5997,0.1318,133600,892088.0,1573765877.97,672266034.96
2002-10-10,'600814,杭州解百,6.67,6.73,6.61,6.62,6.82,-0.15,-2.1994,0.1346,136442,910611.0,1583260694.73,676321938.64
2002-10-09,'600814,杭州解百,0.0,0.0,0.0,0.0,6.82,None,None,0.0,0,0.0,1618866257.58,691531577.44
2002-10-08,'600814,杭州解百,6.82,6.93,6.74,6.81,6.86,-0.04,-0.5831,0.0809,82048,556295.0,1618866257.58,691531577.44
2002-09-27,'600814,杭州解百,6.86,6.96,6.83,6.88,6.89,-0.03,-0.4354,0.1304,132194,909005.0,1628361074.34,695587481.12
2002-09-26,'600814,杭州解百,6.89,7.05,6.87,7.03,7.01,-0.12,-1.7118,0.1791,181600,1259786.0,1635482186.91,698629408.88
2002-09-25,'600814,杭州解百,7.01,7.05,6.93,6.97,6.97,0.04,0.5739,0.1757,178176,1249917.0,1663966637.19,710797119.92
2002-09-24,'600814,杭州解百,6.97,7.06,6.96,7.06,7.06,-0.09,-1.2748,0.0655,66445,464152.0,1654471820.43,706741216.24
2002-09-23,'600814,杭州解百,7.06,7.07,6.95,6.97,7.0,0.06,0.8571,0.0742,75281,527671.0,1675835158.14,715866999.52
2002-09-20,'600814,杭州解百,7.0,7.1,6.97,6.97,7.15,-0.15,-2.0979,0.0854,86610,608248.0,1661592933.0,709783144.0
2002-09-19,'600814,杭州解百,7.15,7.16,6.92,6.92,7.0,0.15,2.1429,0.1665,168849,1182334.0,1697198495.85,724992782.8
2002-09-18,'600814,杭州解百,7.0,7.06,6.99,7.06,7.06,-0.06,-0.8499,0.1076,109100,765581.0,1661592933.0,709783144.0
2002-09-17,'600814,杭州解百,7.06,7.12,6.99,7.03,7.03,0.03,0.4267,0.1798,182276,1279025.0,1675835158.14,715866999.52
2002-09-16,'600814,杭州解百,7.03,7.14,7.03,7.12,7.16,-0.13,-1.8156,0.1249,126600,895482.0,1668714045.57,712825071.76
2002-09-13,'600814,杭州解百,7.16,7.18,7.14,7.16,7.18,-0.02,-0.2786,0.0825,83676,598708.0,1699572200.04,726006758.72
2002-09-12,'600814,杭州解百,7.18,7.23,7.16,7.16,7.16,0.02,0.2793,0.0644,65338,470281.0,1704319608.42,728034710.56
2002-09-11,'600814,杭州解百,7.16,7.2,7.12,7.19,7.19,-0.03,-0.4172,0.1032,104622,747787.0,1699572200.04,726006758.72
2002-09-10,'600814,杭州解百,7.19,7.21,7.12,7.16,7.15,0.04,0.5594,0.0902,91457,655866.0,1706693312.61,729048686.48
2002-09-09,'600814,杭州解百,7.15,7.23,7.13,7.23,7.24,-0.09,-1.2431,0.1847,187295,1343554.0,1697198495.85,724992782.8
2002-09-06,'600814,杭州解百,7.24,7.32,7.21,7.3,7.33,-0.09,-1.2278,0.1691,171430,1248877.0,1718561833.56,734118566.08
2002-09-05,'600814,杭州解百,7.33,7.44,7.31,7.44,7.44,-0.11,-1.4785,0.1799,182411,1343014.0,1739925171.27,743244349.36
2002-09-04,'600814,杭州解百,7.44,7.47,7.4,7.4,7.42,0.02,0.2695,0.2691,272817,2028199.0,1766035917.36,754398084.48
2002-09-03,'600814,杭州解百,7.42,7.5,7.38,7.4,7.4,0.02,0.2703,0.1556,157772,1173940.0,1761288508.98,752370132.64
2002-09-02,'600814,杭州解百,7.4,7.42,7.32,7.34,7.34,0.06,0.8174,0.0945,95804,705471.0,1756541100.6,750342180.8
2002-08-30,'600814,杭州解百,7.34,7.36,7.32,7.35,7.35,-0.01,-0.1361,0.0976,98975,726408.0,1742298875.46,744258325.28
2002-08-29,'600814,杭州解百,7.35,7.45,7.33,7.4,7.4,-0.05,-0.6757,0.1223,124024,915690.0,1744672579.65,745272301.2
2002-08-28,'600814,杭州解百,7.4,7.47,7.39,7.44,7.39,0.01,0.1353,0.1499,152000,1128990.0,1756541100.6,750342180.8
2002-08-27,'600814,杭州解百,7.39,7.45,7.38,7.4,7.34,0.05,0.6812,0.1493,151400,1121443.0,1754167396.41,749328204.88
2002-08-26,'600814,杭州解百,7.34,7.44,7.3,7.44,7.45,-0.11,-1.4765,0.2117,214653,1576495.0,1742298875.46,744258325.28
2002-08-23,'600814,杭州解百,7.45,7.5,7.4,7.5,7.49,-0.04,-0.534,0.1473,149352,1111824.0,1768409621.55,755412060.4
2002-08-22,'600814,杭州解百,7.49,7.53,7.41,7.42,7.41,0.08,1.0796,0.2999,304102,2271002.0,1777904438.31,759467964.08
2002-08-21,'600814,杭州解百,7.41,7.46,7.38,7.41,7.45,-0.04,-0.5369,0.1947,197449,1462184.0,1758914804.79,751356156.72
2002-08-20,'600814,杭州解百,7.45,7.49,7.35,7.4,7.4,0.05,0.6757,0.1863,188863,1404609.0,1768409621.55,755412060.4
2002-08-19,'600814,杭州解百,7.4,7.42,7.3,7.38,7.4,0.0,0.0,0.1177,119297,878566.0,1756541100.6,750342180.8
2002-08-16,'600814,杭州解百,7.4,7.45,7.23,7.31,7.31,0.09,1.2312,0.1727,175122,1284365.0,1756541100.6,750342180.8
2002-08-15,'600814,杭州解百,7.31,7.45,7.29,7.42,7.44,-0.13,-1.7473,0.3253,329891,2421758.0,1735177762.89,741216397.52
2002-08-14,'600814,杭州解百,7.44,7.44,7.37,7.4,7.4,0.04,0.5405,0.1711,173511,1285166.0,1766035917.36,754398084.48
2002-08-13,'600814,杭州解百,7.4,7.5,7.38,7.45,7.45,-0.05,-0.6711,0.4684,474921,3519259.0,1756541100.6,750342180.8
2002-08-12,'600814,杭州解百,7.45,7.63,7.41,7.6,7.57,-0.12,-1.5852,0.9824,996149,7513041.0,1768409621.55,755412060.4
2002-08-09,'600814,杭州解百,7.57,7.7,7.54,7.7,7.68,-0.11,-1.4323,0.5496,557288,4241412.0,1796894071.83,767579771.44
2002-08-08,'600814,杭州解百,7.68,7.73,7.58,7.62,7.6,0.08,1.0526,0.5368,544332,4168422.0,1823004817.92,778733506.56
2002-08-07,'600814,杭州解百,7.6,7.68,7.59,7.6,7.6,0.0,0.0,0.3386,343317,2620023.0,1804015184.4,770621699.2
2002-08-06,'600814,杭州解百,7.6,7.61,7.36,7.36,7.43,0.17,2.288,0.452,458359,3459362.0,1804015184.4,770621699.2
2002-08-05,'600814,杭州解百,7.43,7.5,7.4,7.5,7.5,-0.07,-0.9333,0.0878,89050,661320.0,1763662213.17,753384108.56
2002-08-02,'600814,杭州解百,7.5,7.51,7.44,7.45,7.49,0.01,0.1335,0.1042,105631,790908.0,1780278142.5,760481940.0
2002-08-01,'600814,杭州解百,7.49,7.49,7.41,7.42,7.5,-0.01,-0.1333,0.1075,108984,811600.0,1777904438.31,759467964.08
2002-07-31,'600814,杭州解百,7.5,7.58,7.45,7.48,7.58,-0.08,-1.0554,0.2765,280355,2099293.0,1780278142.5,760481940.0
2002-07-30,'600814,杭州解百,7.58,7.65,7.45,7.63,7.57,0.01,0.1321,0.316,320380,2422761.0,1799267776.02,768593747.36
2002-07-29,'600814,杭州解百,7.57,7.57,7.36,7.41,7.49,0.08,1.0681,0.2821,286001,2131259.0,1796894071.83,767579771.44
2002-07-26,'600814,杭州解百,7.49,7.55,7.35,7.4,7.52,-0.03,-0.3989,0.5066,513712,3842939.0,1777904438.31,759467964.08
2002-07-25,'600814,杭州解百,7.52,7.58,7.46,7.54,7.47,0.05,0.6693,0.314,318390,2390306.0,1785025550.88,762509891.84
2002-07-24,'600814,杭州解百,7.47,7.63,7.44,7.6,7.57,-0.1,-1.321,0.3234,327887,2462706.0,1773157029.93,757440012.24
2002-07-23,'600814,杭州解百,7.57,7.69,7.56,7.59,7.6,-0.03,-0.3947,0.2852,289190,2199894.0,1796894071.83,767579771.44
2002-07-22,'600814,杭州解百,7.6,7.81,7.59,7.75,7.76,-0.16,-2.0619,0.3984,404000,3100667.0,1804015184.4,770621699.2
2002-07-19,'600814,杭州解百,7.76,7.83,7.73,7.78,7.76,0.0,0.0,0.2149,217861,1692567.0,1841994451.44,786845313.92
2002-07-18,'600814,杭州解百,7.76,7.8,7.7,7.78,7.72,0.04,0.5181,0.2822,286126,2223057.0,1841994451.44,786845313.92
2002-07-17,'600814,杭州解百,7.72,7.73,7.65,7.66,7.65,0.07,0.915,0.3123,316706,2436830.0,1832499634.68,782789410.24
2002-07-16,'600814,杭州解百,7.65,7.84,7.64,7.72,7.74,-0.09,-1.1628,0.1663,168592,1304175.0,1815883705.35,775691578.8
2002-07-15,'600814,杭州解百,7.74,7.78,7.69,7.69,7.73,0.01,0.1294,0.1556,157757,1220976.0,1837247043.06,784817362.08
2002-07-12,'600814,杭州解百,7.73,7.88,7.69,7.75,7.7,0.03,0.3896,0.4267,432668,3345909.0,1834873338.87,783803386.16
2002-07-11,'600814,杭州解百,7.7,7.79,7.66,7.68,7.68,0.02,0.2604,0.2862,290217,2241816.0,1827752226.3,780761458.4
2002-07-10,'600814,杭州解百,7.68,7.85,7.67,7.82,7.82,-0.14,-1.7903,0.6912,700900,5422843.0,1823004817.92,778733506.56
2002-07-09,'600814,杭州解百,7.82,7.96,7.8,7.96,7.94,-0.12,-1.5113,0.5135,520684,4101433.0,1856236676.58,792929169.44
2002-07-08,'600814,杭州解百,7.94,8.05,7.86,7.93,7.9,0.04,0.5063,0.782,792904,6307570.0,1884721126.86,805096880.48
2002-07-05,'600814,杭州解百,7.9,7.95,7.8,7.88,7.9,0.0,0.0,0.5717,579643,4553292.0,1875226310.1,801040976.8
2002-07-04,'600814,杭州解百,7.9,8.1,7.86,8.1,8.09,-0.19,-2.3486,0.8832,895543,7125602.0,1875226310.1,801040976.8
2002-07-03,'600814,杭州解百,8.09,8.15,7.98,8.15,8.15,-0.06,-0.7362,1.4473,1467501,11839768.0,1920326689.71,820306519.28
2002-07-02,'600814,杭州解百,8.15,8.19,7.8,7.82,7.79,0.36,4.6213,4.983,5052638,40545432.0,1934568914.85,826390374.8
2002-07-01,'600814,杭州解百,7.79,7.82,7.61,7.68,7.71,0.08,1.0376,0.7914,802499,6203831.0,1849115564.01,789887241.68
2002-06-28,'600814,杭州解百,7.71,7.87,7.61,7.83,7.82,-0.11,-1.4066,0.8032,814472,6302176.0,1830125930.49,781775434.32
2002-06-27,'600814,杭州解百,7.82,7.98,7.76,7.8,7.8,0.02,0.2564,0.6379,646832,5074289.0,1856236676.58,792929169.44
2002-06-26,'600814,杭州解百,7.8,7.87,7.6,7.65,7.77,0.03,0.3861,0.849,860866,6674932.0,1851489268.2,790901217.6
2002-06-25,'600814,杭州解百,7.77,8.12,7.75,7.96,7.96,-0.19,-2.3869,1.814,1839390,14618292.0,1844368155.63,787859289.84
2002-06-24,'600814,杭州解百,7.96,7.96,7.61,7.96,7.24,0.72,9.9448,3.7064,3758165,29565048.0,1889468535.24,807124832.32
2002-06-21,'600814,杭州解百,7.24,7.28,6.94,6.98,7.0,0.24,3.4286,0.5686,576596,4153558.0,1718561833.56,734118566.08
2002-06-20,'600814,杭州解百,7.0,7.1,6.97,7.0,6.94,0.06,0.8646,0.0717,72750,511343.0,1661592933.0,709783144.0
2002-06-19,'600814,杭州解百,6.94,7.02,6.9,7.01,7.04,-0.1,-1.4205,0.0815,82656,575827.0,1647350707.86,703699288.48
2002-06-18,'600814,杭州解百,7.04,7.12,6.9,6.9,6.84,0.2,2.924,0.2508,254332,1792838.0,1671087749.76,713839047.68
2002-06-17,'600814,杭州解百,6.84,6.93,6.81,6.85,6.85,-0.01,-0.146,0.0645,65387,447848.0,1623613665.96,693559529.28
2002-06-14,'600814,杭州解百,6.85,6.99,6.75,6.9,6.92,-0.07,-1.0116,0.1057,107200,739582.0,1625987370.15,694573505.2
2002-06-13,'600814,杭州解百,6.92,7.04,6.9,6.95,6.95,-0.03,-0.4317,0.0926,93900,653006.0,1642603299.48,701671336.64
2002-06-12,'600814,杭州解百,6.95,7.06,6.9,7.02,7.08,-0.13,-1.8362,0.2558,259359,1801265.0,1649724412.05,704713264.4
2002-06-11,'600814,杭州解百,7.08,7.1,6.97,7.02,7.02,0.06,0.8547,0.1174,119023,840719.0,1680582566.52,717894951.36
2002-06-10,'600814,杭州解百,7.02,7.17,7.0,7.1,7.08,-0.06,-0.8475,0.1904,193093,1355817.0,1666340341.38,711811095.84
2002-06-07,'600814,杭州解百,7.08,7.19,6.98,7.05,7.03,0.05,0.7112,0.4978,504773,3576817.0,1680582566.52,717894951.36
2002-06-06,'600814,杭州解百,7.03,7.1,6.61,6.7,6.71,0.32,4.769,0.721,731054,5022239.0,1668714045.57,712825071.76
2002-06-05,'600814,杭州解百,6.71,7.0,6.71,7.0,7.0,-0.29,-4.1429,0.3377,342400,2330902.0,1592755511.49,680377842.32
2002-06-04,'600814,杭州解百,7.0,7.12,6.82,7.11,7.03,-0.03,-0.4267,0.3992,404733,2825760.0,1661592933.0,709783144.0
2002-06-03,'600814,杭州解百,7.03,7.16,7.0,7.12,7.18,-0.15,-2.0891,0.3219,326372,2303890.0,1668714045.57,712825071.76
2002-05-31,'600814,杭州解百,7.18,7.4,7.17,7.32,7.31,-0.13,-1.7784,0.4276,433577,3154402.0,1704319608.42,728034710.56
2002-05-30,'600814,杭州解百,7.31,7.38,7.2,7.25,7.27,0.04,0.5502,0.236,239267,1741211.0,1735177762.89,741216397.52
2002-05-29,'600814,杭州解百,7.27,7.39,7.19,7.39,7.41,-0.14,-1.8893,0.3918,397320,2891207.0,1725682946.13,737160493.84
2002-05-28,'600814,杭州解百,7.41,7.64,7.4,7.61,7.59,-0.18,-2.3715,0.5004,507392,3830798.0,1758914804.79,751356156.72
2002-05-27,'600814,杭州解百,0.0,0.0,0.0,0.0,7.59,None,None,0.0,0,0.0,1801641480.21,769607723.28
2002-05-24,'600814,杭州解百,7.59,7.72,7.48,7.65,7.65,-0.06,-0.7843,1.5948,1617108,12208874.0,1801641480.21,769607723.28
2002-05-23,'600814,杭州解百,7.65,7.65,7.35,7.35,7.34,0.31,4.2234,1.2585,1276051,9585268.0,1815883705.35,775691578.8
2002-05-22,'600814,杭州解百,7.34,7.54,7.29,7.54,7.54,-0.2,-2.6525,0.3686,373785,2760640.0,1742298875.46,744258325.28
2002-05-21,'600814,杭州解百,7.54,7.99,7.42,7.99,7.3,0.24,3.2877,0.9003,912853,6920512.0,1789772959.26,764537843.68
2002-05-20,'600814,杭州解百,7.3,7.3,7.02,7.27,7.3,0.0,0.0,0.2875,291505,2092581.0,1732804058.7,740202421.6
2002-05-17,'600814,杭州解百,7.3,7.31,7.14,7.17,7.14,0.16,2.2409,0.4322,438224,3178057.0,1732804058.7,740202421.6
2002-05-16,'600814,杭州解百,7.14,7.5,7.08,7.45,7.46,-0.32,-4.2895,0.6687,677995,4953604.0,1694824791.66,723978806.88
2002-05-15,'600814,杭州解百,7.46,7.59,7.45,7.45,7.49,-0.03,-0.4005,0.2257,228846,1716458.0,1770783325.74,756426036.32
2002-05-14,'600814,杭州解百,7.49,7.65,7.38,7.48,7.48,0.01,0.1337,0.3139,318280,2415212.0,1777904438.31,759467964.08
2002-05-13,'600814,杭州解百,7.48,7.54,7.37,7.48,7.55,-0.07,-0.9272,0.3286,333150,2482904.0,1775530734.12,758453988.16
2002-05-10,'600814,杭州解百,7.55,7.75,7.54,7.7,7.71,-0.16,-2.0752,0.3348,339517,2581329.0,1792146663.45,765551819.6
2002-05-09,'600814,杭州解百,7.71,7.72,7.57,7.59,7.6,0.11,1.4474,0.3959,401420,3077917.0,1830125930.49,781775434.32
2002-05-08,'600814,杭州解百,7.6,7.76,7.6,7.71,7.71,-0.11,-1.4267,0.4814,488124,3739403.0,1804015184.4,770621699.2
2002-04-30,'600814,杭州解百,7.71,7.78,7.6,7.6,7.59,0.12,1.581,1.5145,1535717,11819593.0,1830125930.49,781775434.32
2002-04-29,'600814,杭州解百,7.59,7.63,7.3,7.37,7.38,0.21,2.8455,1.1451,1161106,8735928.0,1801641480.21,769607723.28
2002-04-26,'600814,杭州解百,7.38,7.49,7.27,7.45,7.13,0.25,3.5063,0.7955,806666,5935924.0,1751793692.22,748314228.96
2002-04-25,'600814,杭州解百,7.13,7.16,7.01,7.11,7.15,-0.02,-0.2797,0.7838,794725,5629948.0,1692451087.47,722964830.96
2002-04-24,'600814,杭州解百,7.15,7.35,7.08,7.2,7.48,-0.33,-4.4118,0.9357,948754,6861044.0,1697198495.85,724992782.8
2002-04-23,'600814,杭州解百,7.48,7.55,7.31,7.41,7.42,0.06,0.8086,0.6698,679114,5068659.0,1775530734.12,758453988.16
2002-04-22,'600814,杭州解百,7.42,7.46,7.2,7.37,7.38,0.04,0.542,0.629,637812,4698856.0,1761288508.98,752370132.64
2002-04-19,'600814,杭州解百,7.38,7.38,7.01,7.36,7.37,0.01,0.1357,0.7729,783679,5685407.0,1751793692.22,748314228.96
2002-04-18,'600814,杭州解百,7.37,7.46,7.31,7.43,7.45,-0.08,-1.0738,0.9053,917973,6781967.0,1749419988.03,747300253.04
2002-04-17,'600814,杭州解百,7.45,7.64,7.38,7.38,7.26,0.19,2.6171,2.8953,2935810,22092427.0,1768409621.55,755412060.4
2002-04-16,'600814,杭州解百,7.26,7.28,7.16,7.22,7.26,0.0,0.0,0.4454,451638,3262508.0,1723309241.94,736146517.92
2002-04-15,'600814,杭州解百,7.26,7.35,7.11,7.29,7.25,0.01,0.1379,0.3403,345045,2510582.0,1723309241.94,736146517.92
2002-04-12,'600814,杭州解百,7.25,7.35,7.11,7.11,7.2,0.05,0.6944,0.5054,512479,3723860.0,1720935537.75,735132542.0
2002-04-11,'600814,杭州解百,7.2,7.36,7.13,7.26,7.31,-0.11,-1.5048,0.611,619581,4491093.0,1709067016.8,730062662.4
2002-04-10,'600814,杭州解百,7.31,7.4,7.21,7.36,7.33,-0.02,-0.2729,0.686,695593,5093814.0,1735177762.89,741216397.52
2002-04-09,'600814,杭州解百,7.33,7.49,7.16,7.16,7.16,0.17,2.3743,1.6747,1698097,12449840.0,1739925171.27,743244349.36
2002-04-08,'600814,杭州解百,7.16,7.16,7.0,7.05,7.05,0.11,1.5603,0.4884,495271,3520083.0,1699572200.04,726006758.72
2002-04-05,'600814,杭州解百,7.05,7.16,6.99,7.11,7.11,-0.06,-0.8439,0.6456,654604,4625434.0,1673461453.95,714853023.6
2002-04-04,'600814,杭州解百,7.11,7.13,6.7,6.76,6.74,0.37,5.4896,1.3749,1394124,9717754.0,1687703679.09,720936879.12
2002-04-03,'600814,杭州解百,6.74,6.8,6.7,6.72,6.74,0.0,0.0,0.2262,229374,1550832.0,1599876624.06,683419770.08
2002-04-02,'600814,杭州解百,6.74,6.95,6.71,6.9,6.9,-0.16,-2.3188,0.2208,223900,1532887.0,1599876624.06,683419770.08
2002-04-01,'600814,杭州解百,6.9,6.92,6.7,6.8,6.85,0.05,0.7299,0.2268,229948,1565880.0,1637855891.1,699643384.8
2002-03-29,'600814,杭州解百,6.85,7.05,6.82,7.05,7.04,-0.19,-2.6989,0.6836,693196,4786488.0,1625987370.15,694573505.2
2002-03-28,'600814,杭州解百,7.04,7.16,7.01,7.12,7.14,-0.1,-1.4006,0.2868,290767,2064487.0,1671087749.76,713839047.68
2002-03-27,'600814,杭州解百,7.14,7.15,6.95,7.03,7.03,0.11,1.5647,0.3666,371687,2615654.0,1694824791.66,723978806.88
2002-03-26,'600814,杭州解百,7.03,7.2,6.95,7.2,7.09,-0.06,-0.8463,0.4351,441221,3111405.0,1668714045.57,712825071.76
2002-03-25,'600814,杭州解百,7.09,7.13,7.01,7.1,7.12,-0.03,-0.4213,0.269,272764,1927392.0,1682956270.71,718908927.28
2002-03-22,'600814,杭州解百,7.12,7.25,7.05,7.23,7.25,-0.13,-1.7931,0.4375,443578,3160406.0,1690077383.28,721950855.04
2002-03-21,'600814,杭州解百,7.25,7.38,7.15,7.2,7.16,0.09,1.257,1.1615,1177781,8535038.0,1720935537.75,735132542.0
2002-03-20,'600814,杭州解百,7.16,7.28,7.03,7.12,7.11,0.05,0.7032,0.8126,823960,5894883.0,1699572200.04,726006758.72
2002-03-19,'600814,杭州解百,7.11,7.12,6.81,6.86,6.86,0.25,3.6443,0.5702,578213,4054746.0,1687703679.09,720936879.12
2002-03-18,'600814,杭州解百,6.86,7.05,6.8,6.94,6.84,0.02,0.2924,0.5773,585337,4053628.0,1628361074.34,695587481.12
2002-03-15,'600814,杭州解百,6.84,7.25,6.7,7.2,7.17,-0.33,-4.6025,0.9136,926372,6472104.0,1623613665.96,693559529.28
2002-03-14,'600814,杭州解百,7.17,7.18,6.81,6.88,6.88,0.29,4.2151,0.6011,609473,4244675.0,1701945904.23,727020734.64
2002-03-13,'600814,杭州解百,6.88,7.13,6.87,7.0,7.03,-0.15,-2.1337,0.8641,876178,6125857.0,1633108482.72,697615432.96
2002-03-12,'600814,杭州解百,7.03,7.26,7.01,7.26,7.27,-0.24,-3.3012,1.3056,1323880,9438356.0,1668714045.57,712825071.76
2002-03-11,'600814,杭州解百,7.27,7.3,6.9,7.0,6.96,0.31,4.454,1.6158,1638334,11664267.0,1725682946.13,737160493.84
2002-03-08,'600814,杭州解百,6.96,6.97,6.75,6.88,6.85,0.11,1.6058,1.6297,1652468,11321646.0,1652098116.24,705727240.32
2002-03-07,'600814,杭州解百,6.85,6.86,6.43,6.55,6.55,0.3,4.5802,1.3563,1375219,9230879.0,1625987370.15,694573505.2
2002-03-06,'600814,杭州解百,6.55,6.73,6.45,6.5,6.5,0.05,0.7692,1.1145,1130099,7457351.0,1554776244.45,664154227.6
2002-03-05,'600814,杭州解百,6.5,6.58,6.25,6.26,6.25,0.25,4.0,1.0611,1075963,6963601.0,1542907723.5,659084348.0
2002-03-04,'600814,杭州解百,6.25,6.26,6.08,6.18,6.16,0.09,1.461,0.2843,288226,1782161.0,1483565118.75,633734950.0
2002-03-01,'600814,杭州解百,6.16,6.4,6.15,6.35,6.37,-0.21,-3.2967,0.4582,464600,2903873.0,1462201781.04,624609166.72
2002-02-28,'600814,杭州解百,6.37,6.52,6.35,6.43,6.46,-0.09,-1.3932,0.5674,575302,3708911.0,1512049569.03,645902661.04
2002-02-27,'600814,杭州解百,6.46,6.5,6.28,6.38,6.38,0.08,1.2539,0.5905,598729,3850761.0,1533412906.74,655028444.32
2002-02-26,'600814,杭州解百,6.38,6.38,6.23,6.33,6.3,0.08,1.2698,0.3251,329668,2077314.0,1514423273.22,646916636.96
2002-02-25,'600814,杭州解百,6.3,6.45,6.25,6.3,6.22,0.08,1.2862,0.3275,332030,2098118.0,1495433639.7,638804829.6
2002-02-08,'600814,杭州解百,6.22,6.3,6.19,6.27,6.2,0.02,0.3226,0.4634,469869,2932512.0,1476444006.18,630693022.24
2002-02-07,'600814,杭州解百,6.2,6.27,6.05,6.05,6.1,0.1,1.6393,0.3908,396222,2458662.0,1471696597.8,628665070.4
2002-02-06,'600814,杭州解百,6.1,6.4,6.05,6.32,6.33,-0.23,-3.6335,0.5443,551909,3426099.0,1447959555.9,618525311.2
2002-02-05,'600814,杭州解百,6.33,6.42,6.24,6.25,6.27,0.06,0.9569,0.7938,804890,5098572.0,1502554752.27,641846757.36
2002-02-04,'600814,杭州解百,6.27,6.34,6.03,6.15,6.13,0.14,2.2838,0.7671,777778,4841059.0,1488312527.13,635762901.84
2002-02-01,'600814,杭州解百,6.13,6.25,6.02,6.15,6.2,-0.07,-1.129,1.1467,1162705,7112247.0,1455080668.47,621567238.96
2002-01-31,'600814,杭州解百,6.2,6.44,6.01,6.11,5.85,0.35,5.9829,1.5301,1551504,9704034.0,1471696597.8,628665070.4
2002-01-30,'600814,杭州解百,5.85,5.95,5.55,5.59,5.61,0.24,4.2781,0.3823,387610,2251898.0,1388616951.15,593175913.2
2002-01-29,'600814,杭州解百,5.61,5.63,5.15,5.4,5.45,0.16,2.9358,0.3006,304815,1678367.0,1331648050.59,568840491.12
2002-01-28,'600814,杭州解百,5.45,5.9,5.45,5.9,5.92,-0.47,-7.9392,0.4045,410200,2319529.0,1293668783.55,552616876.4
2002-01-25,'600814,杭州解百,5.92,5.97,5.72,5.83,5.9,0.02,0.339,0.3495,354424,2073867.0,1405232880.48,600273744.64
2002-01-24,'600814,杭州解百,5.9,6.05,5.51,5.78,5.81,0.09,1.5491,0.7523,762811,4487805.0,1400485472.1,598245792.8
2002-01-23,'600814,杭州解百,5.81,5.82,5.13,5.32,5.33,0.48,9.0056,0.5136,520738,2828937.0,1379122134.39,589120009.52
2002-01-22,'600814,杭州解百,5.33,5.68,5.28,5.5,5.51,-0.18,-3.2668,0.3215,326000,1791323.0,1265184333.27,540449165.36
2002-01-21,'600814,杭州解百,5.51,5.94,5.46,5.94,6.01,-0.5,-8.3195,0.32,324500,1850630.0,1307911008.69,558700731.92
2002-01-18,'600814,杭州解百,6.01,6.2,5.85,6.04,6.13,-0.12,-1.9576,0.3663,371428,2229017.0,1426596218.19,609399527.92
2002-01-17,'600814,杭州解百,6.13,6.5,6.11,6.5,6.57,-0.44,-6.6971,0.2006,203392,1284361.0,1455080668.47,621567238.96
2002-01-16,'600814,杭州解百,6.57,6.6,6.38,6.45,6.44,0.13,2.0186,0.1604,162628,1056220.0,1559523652.83,666182179.44
2002-01-15,'600814,杭州解百,6.44,6.6,6.43,6.45,6.49,-0.05,-0.7704,0.1687,171057,1112186.0,1528665498.36,653000492.48
2002-01-14,'600814,杭州解百,6.49,6.74,6.47,6.68,6.8,-0.31,-4.5588,0.4187,424539,2785281.0,1540534019.31,658070372.08
2002-01-11,'600814,杭州解百,6.8,7.01,6.8,7.01,7.0,-0.2,-2.8571,0.1393,141199,971751.0,1614118849.2,689503625.6
2002-01-10,'600814,杭州解百,7.0,7.09,6.78,6.89,6.89,0.11,1.5965,0.2099,212881,1462837.0,1661592933.0,709783144.0
2002-01-09,'600814,杭州解百,6.89,7.0,6.85,7.0,7.01,-0.12,-1.7118,0.1977,200436,1384932.0,1635482186.91,698629408.88
2002-01-08,'600814,杭州解百,7.01,7.13,7.01,7.01,7.06,-0.05,-0.7082,0.1176,119200,840029.0,1663966637.19,710797119.92
2002-01-07,'600814,杭州解百,7.06,7.11,7.03,7.09,7.2,-0.14,-1.9444,0.1538,155925,1100869.0,1675835158.14,715866999.52
2002-01-04,'600814,杭州解百,7.2,7.32,7.18,7.32,7.31,-0.11,-1.5048,0.0723,73350,529260.0,1709067016.8,730062662.4
2001-12-31,'600814,杭州解百,7.31,7.34,7.2,7.27,7.28,0.03,0.4121,0.1065,108016,787217.0,1735177762.89,741216397.52
2001-12-28,'600814,杭州解百,7.28,7.3,7.18,7.2,7.17,0.11,1.5342,0.15,152124,1098819.0,1728056650.32,738174469.76
2001-12-27,'600814,杭州解百,7.17,7.32,7.1,7.29,7.28,-0.11,-1.511,0.2059,208770,1513372.0,1701945904.23,727020734.64
2001-12-26,'600814,杭州解百,7.28,7.3,7.14,7.15,7.17,0.11,1.5342,0.3305,335137,2409502.0,1728056650.32,738174469.76
2001-12-25,'600814,杭州解百,7.17,7.19,7.01,7.16,7.18,-0.01,-0.1393,0.2559,259432,1852555.0,1701945904.23,727020734.64
2001-12-24,'600814,杭州解百,7.18,7.39,7.16,7.37,7.41,-0.23,-3.1039,0.1751,177500,1288118.0,1704319608.42,728034710.56
2001-12-21,'600814,杭州解百,7.41,7.44,7.31,7.34,7.38,0.03,0.4065,0.2062,209034,1540890.0,1758914804.79,751356156.72
2001-12-20,'600814,杭州解百,7.38,7.66,7.36,7.66,7.67,-0.29,-3.781,0.2969,301100,2248095.0,1751793692.22,748314228.96
2001-12-19,'600814,杭州解百,7.67,7.87,7.66,7.87,7.87,-0.2,-2.5413,0.1927,195400,1519844.0,1820631113.73,777719530.64
2001-12-18,'600814,杭州解百,7.87,7.89,7.64,7.68,7.67,0.2,2.6076,0.2652,268952,2093494.0,1868105197.53,797999049.04
2001-12-17,'600814,杭州解百,7.67,7.7,7.61,7.61,7.65,0.02,0.2614,0.1953,198049,1517221.0,1820631113.73,777719530.64
2001-12-14,'600814,杭州解百,7.65,7.75,7.6,7.7,7.71,-0.06,-0.7782,0.2372,240543,1842993.0,1815883705.35,775691578.8
2001-12-13,'600814,杭州解百,7.71,7.9,7.71,7.82,7.84,-0.13,-1.6582,0.3058,310030,2423949.0,1830125930.49,781775434.32
2001-12-12,'600814,杭州解百,7.84,7.98,7.83,7.95,8.01,-0.17,-2.1223,0.3288,333365,2638108.0,1860984084.96,794957121.28
2001-12-11,'600814,杭州解百,8.01,8.21,7.98,8.17,8.17,-0.16,-1.9584,0.2846,288600,2336459.0,1901337056.19,812194711.92
2001-12-10,'600814,杭州解百,8.17,8.24,8.1,8.24,8.2,-0.03,-0.3659,0.2449,248350,2021875.0,1939316323.23,828418326.64
2001-12-07,'600814,杭州解百,8.2,8.3,8.11,8.18,8.18,0.02,0.2445,0.524,531299,4361527.0,1946437435.8,831460254.4
2001-12-06,'600814,杭州解百,8.18,8.19,8.05,8.08,8.15,0.03,0.3681,0.5458,553465,4495768.0,1941690027.42,829432302.56
2001-12-05,'600814,杭州解百,8.15,8.3,8.1,8.19,8.2,-0.05,-0.6098,1.4142,1433956,11772740.0,1934568914.85,826390374.8
2001-12-04,'600814,杭州解百,8.2,8.45,8.1,8.1,7.83,0.37,4.7254,3.8735,3927683,32401942.0,1946437435.8,831460254.4
2001-12-03,'600814,杭州解百,7.83,7.87,7.68,7.8,7.78,0.05,0.6427,0.5295,536860,4197549.0,1858610380.77,793943145.36
2001-11-30,'600814,杭州解百,7.78,7.79,7.68,7.68,7.69,0.09,1.1704,0.3215,326041,2523522.0,1846741859.82,788873265.76
2001-11-29,'600814,杭州解百,7.69,7.73,7.62,7.71,7.68,0.01,0.1302,0.3703,375462,2885900.0,1825378522.11,779747482.48
2001-11-28,'600814,杭州解百,7.68,7.7,7.63,7.7,7.63,0.05,0.6553,0.384,389357,2985014.0,1823004817.92,778733506.56
2001-11-27,'600814,杭州解百,7.63,7.63,7.48,7.49,7.49,0.14,1.8692,0.2913,295357,2228162.0,1811136296.97,773663626.96
2001-11-26,'600814,杭州解百,7.49,7.53,7.4,7.5,7.5,-0.01,-0.1333,0.199,201787,1506096.0,1777904438.31,759467964.08
2001-11-23,'600814,杭州解百,7.5,7.59,7.49,7.57,7.57,-0.07,-0.9247,0.2582,261812,1971285.0,1780278142.5,760481940.0
2001-11-22,'600814,杭州解百,7.57,7.58,7.43,7.51,7.51,0.06,0.7989,0.3213,325801,2446753.0,1796894071.83,767579771.44
2001-11-21,'600814,杭州解百,7.51,7.53,7.42,7.5,7.5,0.01,0.1333,0.229,232150,1734196.0,1782651846.69,761495915.92
2001-11-20,'600814,杭州解百,7.5,7.56,7.31,7.31,7.35,0.15,2.0408,0.1135,115060,840168.0,1780278142.5,760481940.0
2001-11-19,'600814,杭州解百,7.35,7.36,7.21,7.21,7.2,0.15,2.0833,0.4924,499310,3712461.0,1744672579.65,745272301.2
2001-11-16,'600814,杭州解百,7.2,7.68,7.2,7.5,7.09,0.11,1.5515,0.4924,499310,3712461.0,1709067016.8,730062662.4
2001-11-15,'600814,杭州解百,7.09,7.15,7.03,7.05,7.04,0.05,0.7102,0.0874,88647,627976.0,1682956270.71,718908927.28
2001-11-14,'600814,杭州解百,7.04,7.15,7.02,7.02,7.08,-0.04,-0.565,0.0855,86680,611980.0,1671087749.76,713839047.68
2001-11-13,'600814,杭州解百,7.08,7.1,6.82,6.82,7.1,-0.02,-0.2817,0.1368,138668,972114.0,1680582566.52,717894951.36
2001-11-12,'600814,杭州解百,7.1,7.15,7.01,7.1,7.15,-0.05,-0.6993,0.1237,125400,891306.0,1685329974.9,719922903.2
2001-11-09,'600814,杭州解百,7.15,7.2,6.91,7.05,7.0,0.15,2.1429,0.1894,192034,1360863.0,1697198495.85,724992782.8
2001-11-08,'600814,杭州解百,7.0,7.06,6.68,6.9,6.95,0.05,0.7194,0.171,173383,1192578.0,1661592933.0,709783144.0
2001-11-07,'600814,杭州解百,6.95,7.38,6.95,7.38,7.38,-0.43,-5.8266,0.2128,215800,1537407.0,1649724412.05,704713264.4
2001-11-06,'600814,杭州解百,7.38,7.45,7.35,7.37,7.36,0.02,0.2717,0.0662,67160,495778.0,1751793692.22,748314228.96
2001-11-05,'600814,杭州解百,7.36,7.4,7.28,7.34,7.41,-0.05,-0.6748,0.1201,121819,894073.0,1747046283.84,746286277.12
2001-11-02,'600814,杭州解百,7.41,7.6,7.38,7.6,7.46,-0.05,-0.6702,0.1803,182831,1370038.0,1758914804.79,751356156.72
2001-11-01,'600814,杭州解百,7.46,7.49,7.31,7.32,7.34,0.12,1.6349,0.2233,226457,1683180.0,1770783325.74,756426036.32
2001-10-31,'600814,杭州解百,7.34,7.34,7.2,7.23,7.36,-0.02,-0.2717,0.0973,98635,716396.0,1742298875.46,744258325.28
2001-10-30,'600814,杭州解百,7.36,7.45,7.34,7.38,7.37,-0.01,-0.1357,0.1288,130647,964323.0,1747046283.84,746286277.12
2001-10-29,'600814,杭州解百,7.37,7.41,7.23,7.28,7.23,0.14,1.9364,0.1866,189180,1392555.0,1749419988.03,747300253.04
2001-10-26,'600814,杭州解百,7.23,7.35,7.12,7.23,7.25,-0.02,-0.2759,0.2342,237466,1710095.0,1716188129.37,733104590.16
2001-10-25,'600814,杭州解百,7.25,7.5,7.25,7.42,7.58,-0.33,-4.3536,0.2993,303500,2232530.0,1720935537.75,735132542.0
2001-10-24,'600814,杭州解百,7.58,7.77,7.36,7.41,7.26,0.32,4.4077,0.9356,948674,7137680.0,1799267776.02,768593747.36
2001-10-23,'600814,杭州解百,7.26,7.26,7.01,7.25,6.6,0.66,10.0,0.5591,566940,4086605.0,1723309241.94,736146517.92
2001-10-22,'600814,杭州解百,6.6,6.88,6.58,6.88,6.93,-0.33,-4.7619,0.2288,231965,1563518.0,1566644765.4,669224107.2
2001-10-19,'600814,杭州解百,6.93,7.15,6.88,7.15,7.16,-0.23,-3.2123,0.3101,314448,2206426.0,1644977003.67,702685312.56
2001-10-18,'600814,杭州解百,7.16,7.36,7.16,7.34,7.36,-0.2,-2.7174,0.1346,136500,988340.0,1699572200.04,726006758.72
2001-10-17,'600814,杭州解百,7.36,7.5,7.35,7.5,7.4,-0.04,-0.5405,0.0873,88500,654645.0,1747046283.84,746286277.12
2001-10-16,'600814,杭州解百,7.4,7.63,7.4,7.63,7.53,-0.13,-1.7264,0.1273,129100,966597.0,1756541100.6,750342180.8
2001-10-15,'600814,杭州解百,7.53,7.65,7.39,7.65,7.65,-0.12,-1.5686,0.2136,216560,1629899.0,1787399255.07,763523867.76
2001-10-12,'600814,杭州解百,7.65,7.7,7.3,7.52,7.4,0.25,3.3784,0.2836,287551,2158342.0,1815883705.35,775691578.8
2001-10-11,'600814,杭州解百,7.4,7.68,7.28,7.5,7.52,-0.12,-1.5957,0.1931,195825,1454497.0,1756541100.6,750342180.8
2001-10-10,'600814,杭州解百,7.52,7.94,7.48,7.94,7.95,-0.43,-5.4088,0.2636,267265,2038799.0,1785025550.88,762509891.84
2001-10-09,'600814,杭州解百,7.95,8.03,7.87,7.87,7.87,0.08,1.0165,0.1746,177030,1400688.0,1887094831.05,806110856.4
2001-10-08,'600814,杭州解百,7.87,8.08,7.87,7.96,8.02,-0.15,-1.8703,0.1599,162165,1283991.0,1868105197.53,797999049.04
2001-09-28,'600814,杭州解百,8.02,8.1,8.0,8.08,8.04,-0.02,-0.2488,0.1361,137958,1107088.0,1903710760.38,813208687.84
2001-09-27,'600814,杭州解百,8.04,8.13,7.92,7.98,7.98,0.06,0.7519,0.1395,141408,1133434.0,1908458168.76,815236639.68
2001-09-26,'600814,杭州解百,7.98,8.08,7.96,8.02,8.05,-0.07,-0.8696,0.1944,197098,1576452.0,1894215943.62,809152784.16
2001-09-25,'600814,杭州解百,8.05,8.15,8.02,8.15,8.09,-0.04,-0.4944,0.0996,100962,815741.0,1910831872.95,816250615.6
2001-09-24,'600814,杭州解百,8.09,8.25,8.04,8.25,8.36,-0.27,-3.2297,0.3621,367142,2978050.0,1920326689.71,820306519.28
2001-09-21,'600814,杭州解百,0.0,0.0,0.0,0.0,8.3,None,None,0.0,0,0.0,1970174477.7,841600013.6
2001-09-20,'600814,杭州解百,8.3,8.6,8.25,8.36,8.36,-0.06,-0.7177,0.7949,805966,6817293.0,1970174477.7,841600013.6
2001-09-19,'600814,杭州解百,8.36,8.37,8.12,8.19,8.15,0.21,2.5767,0.2704,274201,2259444.0,1984416702.84,847683869.12
2001-09-18,'600814,杭州解百,8.15,8.25,8.09,8.16,8.07,0.08,0.9913,0.2521,255615,2082162.0,1934568914.85,826390374.8
2001-09-17,'600814,杭州解百,8.07,8.19,8.0,8.0,7.94,0.13,1.6373,0.7217,731786,5939070.0,1915579281.33,818278567.44
2001-09-14,'600814,杭州解百,7.94,8.18,7.9,8.18,8.1,-0.16,-1.9753,0.1946,197278,1575021.0,1884721126.86,805096880.48
2001-09-13,'600814,杭州解百,8.1,8.23,8.01,8.13,8.1,0.0,0.0,0.1041,105527,858176.0,1922700393.9,821320495.2
2001-09-12,'600814,杭州解百,8.1,8.15,7.86,8.0,8.23,-0.13,-1.5796,0.3145,318859,2565594.0,1922700393.9,821320495.2
2001-09-11,'600814,杭州解百,8.23,8.35,8.15,8.2,8.16,0.07,0.8578,0.2433,246663,2028454.0,1953558548.37,834502182.16
2001-09-10,'600814,杭州解百,8.16,8.16,7.84,7.9,8.02,0.14,1.7456,0.2789,282766,2281183.0,1936942619.04,827404350.72
2001-09-07,'600814,杭州解百,8.02,8.22,8.01,8.22,8.2,-0.18,-2.1951,0.2428,246148,2004372.0,1903710760.38,813208687.84
2001-09-06,'600814,杭州解百,8.2,8.22,8.1,8.2,8.2,0.0,0.0,0.1138,115345,942380.0,1946437435.8,831460254.4
2001-09-05,'600814,杭州解百,8.2,8.26,8.14,8.16,8.14,0.06,0.7371,0.2031,205950,1688749.0,1946437435.8,831460254.4
2001-09-04,'600814,杭州解百,8.14,8.16,7.94,7.94,7.96,0.18,2.2613,0.2169,219885,1773037.0,1932195210.66,825376398.88
2001-09-03,'600814,杭州解百,7.96,8.08,7.93,8.08,8.04,-0.08,-0.995,0.1084,109945,874850.0,1889468535.24,807124832.32
2001-08-31,'600814,杭州解百,8.05,8.1,8.02,8.04,8.04,0.01,0.1244,0.0667,67617,544273.0,1910831872.95,816250615.6
2001-08-30,'600814,杭州解百,8.04,8.1,8.01,8.06,8.07,-0.03,-0.3717,0.0833,84430,681398.0,1908458168.76,815236639.68
2001-08-29,'600814,杭州解百,8.07,8.16,8.01,8.09,8.08,-0.01,-0.1238,0.1739,176340,1427297.0,1915579281.33,818278567.44
2001-08-28,'600814,杭州解百,8.08,8.1,7.87,7.95,8.0,0.08,1.0,0.255,258575,2054126.0,1917952985.52,819292543.36
2001-08-27,'600814,杭州解百,8.0,8.18,7.9,8.13,8.21,-0.21,-2.5579,0.3919,397414,3210595.0,1898963352.0,811180736.0
2001-08-24,'600814,杭州解百,8.21,8.3,8.2,8.2,8.23,-0.02,-0.243,0.1198,121500,1002054.0,1948811139.99,832474230.32
2001-08-23,'600814,杭州解百,8.23,8.3,8.1,8.25,8.26,-0.03,-0.3632,0.2074,210312,1727693.0,1953558548.37,834502182.16
2001-08-22,'600814,杭州解百,8.26,8.46,8.2,8.46,8.46,-0.2,-2.3641,0.3424,347200,2869846.0,1960679660.94,837544109.92
2001-08-21,'600814,杭州解百,8.46,8.51,8.43,8.48,8.4,0.06,0.7143,0.127,128815,1091309.0,2008153744.74,857823628.32
2001-08-20,'600814,杭州解百,8.4,8.45,8.37,8.4,8.36,0.04,0.4785,0.1168,118400,995948.0,1993911519.6,851739772.8
2001-08-17,'600814,杭州解百,8.36,8.41,8.34,8.39,8.4,-0.04,-0.4762,0.1351,136957,1146304.0,1984416702.84,847683869.12
2001-08-16,'600814,杭州解百,8.4,8.58,8.39,8.58,8.51,-0.11,-1.2926,0.1865,189130,1595618.0,1993911519.6,851739772.8
2001-08-15,'600814,杭州解百,8.51,8.57,8.43,8.55,8.53,-0.02,-0.2345,0.1434,145431,1236503.0,2020022265.69,862893507.92
2001-08-14,'600814,杭州解百,8.53,8.68,8.5,8.6,8.6,-0.07,-0.814,0.1595,161755,1387934.0,2024769674.07,864921459.76
2001-08-13,'600814,杭州解百,8.6,8.71,8.51,8.64,8.66,-0.06,-0.6928,0.1534,155505,1342413.0,2041385603.4,872019291.2
2001-08-10,'600814,杭州解百,8.66,8.72,8.45,8.54,8.45,0.21,2.4852,0.2624,266080,2295494.0,2055627828.54,878103146.72
2001-08-09,'600814,杭州解百,8.45,8.5,8.22,8.34,8.34,0.11,1.3189,0.1999,202713,1706895.0,2005780040.55,856809652.4
2001-08-08,'600814,杭州解百,8.34,8.4,8.17,8.31,8.31,0.03,0.361,0.1314,133201,1104262.0,1979669294.46,845655917.28
2001-08-07,'600814,杭州解百,8.31,8.4,8.15,8.24,8.24,0.07,0.8495,0.3031,307303,2529119.0,1972548181.89,842613989.52
2001-08-06,'600814,杭州解百,8.24,8.62,8.1,8.62,8.62,-0.38,-4.4084,0.3355,340175,2823019.0,1955932252.56,835516158.08
2001-08-03,'600814,杭州解百,8.62,8.63,8.5,8.6,8.6,0.02,0.2326,0.1715,173905,1491370.0,2046133011.78,874047243.04
2001-08-02,'600814,杭州解百,8.6,8.78,8.3,8.76,8.76,-0.16,-1.8265,0.286,289968,2467922.0,2041385603.4,872019291.2
2001-08-01,'600814,杭州解百,8.76,8.78,8.45,8.5,8.44,0.32,3.7915,0.3691,374240,3223278.0,2079364870.44,888242905.92
2001-07-31,'600814,杭州解百,8.44,8.8,8.4,8.7,8.7,-0.26,-2.9885,0.398,403562,3469496.0,2003406336.36,855795676.48
2001-07-30,'600814,杭州解百,8.7,9.2,8.7,9.2,9.25,-0.55,-5.9459,0.5764,584484,5206225.0,2065122645.3,882159050.4
2001-07-27,'600814,杭州解百,9.25,9.5,9.19,9.28,9.28,-0.03,-0.3233,0.258,261650,2425483.0,2195676375.75,937927726.0
2001-07-26,'600814,杭州解百,9.28,9.39,9.26,9.35,9.37,-0.09,-0.9605,0.4218,427657,3974881.0,2202797488.32,940969653.76
2001-07-25,'600814,杭州解百,9.37,9.5,9.33,9.45,9.47,-0.1,-1.056,0.3227,327251,3079141.0,2224160826.03,950095437.04
2001-07-24,'600814,杭州解百,9.47,9.55,9.42,9.55,9.61,-0.14,-1.4568,0.3189,323396,3067034.0,2247897867.93,960235196.24
2001-07-23,'600814,杭州解百,9.61,9.75,9.6,9.75,9.63,-0.02,-0.2077,0.2681,271897,2616426.0,2281129726.59,974430859.12
2001-07-20,'600814,杭州解百,9.63,9.65,9.45,9.48,9.45,0.18,1.9048,0.3085,312817,2987019.0,2285877134.97,976458810.96
2001-07-19,'600814,杭州解百,9.45,9.51,9.42,9.5,9.49,-0.04,-0.4215,0.2255,228604,2162628.0,2243150459.55,958207244.4
2001-07-18,'600814,杭州解百,9.49,9.6,9.46,9.6,9.55,-0.06,-0.6283,0.2017,204500,1940942.0,2252645276.31,962263148.08
2001-07-17,'600814,杭州解百,9.55,9.6,9.41,9.6,9.6,-0.05,-0.5208,0.3662,371354,3521000.0,2266887501.45,968347003.6
2001-07-16,'600814,杭州解百,9.6,9.76,9.58,9.72,9.62,-0.02,-0.2079,0.3736,378832,3648350.0,2278756022.4,973416883.2
2001-07-13,'600814,杭州解百,9.62,9.72,9.6,9.62,9.62,0.0,0.0,0.132,133800,1292257.0,2283503430.78,975444835.04
2001-07-12,'600814,杭州解百,9.62,9.69,9.6,9.69,9.69,-0.07,-0.7224,0.2997,303859,2925139.0,2283503430.78,975444835.04
2001-07-11,'600814,杭州解百,9.69,9.85,9.66,9.85,9.8,-0.11,-1.1224,0.2199,222980,2169484.0,2300119360.11,982542666.48
2001-07-10,'600814,杭州解百,9.8,9.84,9.7,9.8,9.75,0.05,0.5128,0.4858,492611,4797652.0,2326230106.2,993696401.6
2001-07-09,'600814,杭州解百,9.75,10.0,9.68,10.0,9.6,0.15,1.5625,0.3503,355165,3464963.0,2314361585.25,988626522.0
2001-07-06,'600814,杭州解百,9.6,9.8,9.6,9.73,9.73,-0.13,-1.3361,0.3048,309015,3010188.0,2278756022.4,973416883.2
2001-07-05,'600814,杭州解百,9.73,9.89,9.71,9.85,9.9,-0.17,-1.7172,0.2903,294365,2872630.0,2309614176.87,986598570.16
2001-07-04,'600814,杭州解百,9.9,9.99,9.88,9.98,9.95,-0.05,-0.5025,0.2801,284000,2820444.0,2349967148.1,1003836160.8
2001-07-03,'600814,杭州解百,9.95,9.98,9.88,9.93,9.92,0.03,0.3024,0.3176,322051,3197588.0,2361835669.05,1008906040.4
2001-07-02,'600814,杭州解百,9.92,10.0,9.9,9.98,9.98,-0.06,-0.6012,0.3292,333830,3327116.0,2354714556.48,1005864112.64
2001-06-29,'600814,杭州解百,9.98,10.07,9.97,9.97,9.97,0.01,0.1003,0.4286,434610,4346317.0,2368956781.62,1011947968.16
2001-06-28,'600814,杭州解百,9.97,10.15,9.96,10.15,10.15,-0.18,-1.7734,0.6712,680568,6826808.0,2366583077.43,1010933992.24
2001-06-27,'600814,杭州解百,10.15,10.19,10.1,10.16,10.15,0.0,0.0,0.6512,660302,6690153.0,2409309752.85,1029185558.8
2001-06-26,'600814,杭州解百,10.15,10.2,10.04,10.08,10.04,0.11,1.0956,0.7393,749665,7589557.0,2409309752.85,1029185558.8
2001-06-25,'600814,杭州解百,10.04,10.06,9.93,10.0,10.0,0.04,0.4,0.6399,648812,6493410.0,2383199006.76,1018031823.68
2001-06-22,'600814,杭州解百,10.0,10.0,9.89,10.0,10.0,0.0,0.0,0.4046,410259,4080994.0,2373704190.0,1013975920.0
2001-06-21,'600814,杭州解百,10.0,10.01,9.81,9.81,9.84,0.16,1.626,0.319,323488,3208310.0,2373704190.0,1013975920.0
2001-06-20,'600814,杭州解百,9.84,9.95,9.8,9.83,9.88,-0.04,-0.4049,0.3434,348245,3439601.0,2335724922.96,997752305.28
2001-06-19,'600814,杭州解百,9.88,9.88,9.72,9.88,9.82,0.06,0.611,0.461,467472,4584799.0,2345219739.72,1001808208.96
2001-06-18,'600814,杭州解百,9.82,10.18,9.8,10.15,10.08,-0.26,-2.5794,0.8841,896406,8906122.0,2330977514.58,995724353.44
2001-06-15,'600814,杭州解百,10.08,10.15,10.02,10.06,10.08,0.0,0.0,0.8325,844101,8503465.0,2392693823.52,1022087727.36
2001-06-14,'600814,杭州解百,10.08,10.38,10.06,10.38,10.35,-0.27,-2.6087,1.4356,1455700,14848826.0,2392693823.52,1022087727.36
2001-06-13,'600814,杭州解百,10.35,10.36,10.19,10.2,10.19,0.16,1.5702,2.1982,2228930,22946031.0,2456783836.65,1049465077.2
2001-06-12,'600814,杭州解百,10.19,10.28,10.15,10.27,10.25,-0.06,-0.5854,1.1046,1119988,11416959.0,2418804569.61,1033241462.48
2001-06-11,'600814,杭州解百,10.25,10.25,9.98,10.0,9.99,0.26,2.6026,1.7572,1781764,18019148.0,2433046794.75,1039325318.0
2001-06-08,'600814,杭州解百,9.99,10.07,9.88,9.9,9.96,0.03,0.3012,0.5499,557587,5579666.0,2371330485.81,1012961944.08
2001-06-07,'600814,杭州解百,9.96,10.05,9.93,10.01,10.01,-0.05,-0.4995,0.6684,677760,6752053.0,2364209373.24,1009920016.32
2001-06-06,'600814,杭州解百,10.01,10.1,9.91,10.0,10.05,-0.04,-0.398,0.8591,871122,8713925.0,2376077894.19,1014989895.92
2001-06-05,'600814,杭州解百,10.05,10.1,9.9,9.9,9.91,0.14,1.4127,1.2231,1240188,12431437.0,2385572710.95,1019045799.6
2001-06-04,'600814,杭州解百,9.91,10.04,9.9,10.0,10.0,-0.09,-0.9,1.0122,1026365,10214253.0,2352340852.29,1004850136.72
2001-06-01,'600814,杭州解百,10.0,10.09,9.98,10.06,10.06,-0.06,-0.5964,0.9802,993857,9949355.0,2373704190.0,1013975920.0
2001-05-31,'600814,杭州解百,10.06,10.1,9.99,10.03,10.0,0.06,0.6,1.1691,1185458,11883535.0,2387946415.14,1020059775.52
2001-05-30,'600814,杭州解百,10.0,10.06,9.95,10.05,10.0,0.0,0.0,1.2694,1287179,12854651.0,2373704190.0,1013975920.0
2001-05-29,'600814,杭州解百,10.0,10.08,9.85,9.85,9.81,0.19,1.9368,3.0011,3043048,30401920.0,2373704190.0,1013975920.0
2001-05-28,'600814,杭州解百,9.81,9.88,9.56,9.7,9.68,0.13,1.343,0.7663,777028,7576361.0,2328603810.39,994710377.52
2001-05-25,'600814,杭州解百,9.68,9.7,9.51,9.57,9.6,0.08,0.8333,0.5874,595586,5737550.0,2297745655.92,981528690.56
2001-05-24,'600814,杭州解百,9.6,9.69,9.5,9.58,9.59,0.01,0.1043,0.7434,753761,7219965.0,2278756022.4,973416883.2
2001-05-23,'600814,杭州解百,9.59,9.75,9.55,9.7,9.68,-0.09,-0.9298,0.6814,690916,6643615.0,2276382318.21,972402907.28
2001-05-22,'600814,杭州解百,9.68,9.78,9.64,9.75,9.74,-0.06,-0.616,0.5484,556038,5386562.0,2297745655.92,981528690.56
2001-05-21,'600814,杭州解百,9.74,9.75,9.6,9.7,9.7,0.04,0.4124,0.863,875062,8453227.0,2311987881.06,987612546.08
2001-05-18,'600814,杭州解百,9.7,9.8,9.65,9.77,9.77,-0.07,-0.7165,0.7912,802237,7766392.0,2302493064.3,983556642.4
2001-05-17,'600814,杭州解百,9.77,9.91,9.7,9.78,9.89,-0.12,-1.2133,0.4725,479148,4687403.0,2319108993.63,990654473.84
2001-05-16,'600814,杭州解百,0.0,0.0,0.0,0.0,9.89,None,None,0.0,0,0.0,2347593443.91,1002822184.88
2001-05-15,'600814,杭州解百,9.89,9.9,9.82,9.85,9.82,0.07,0.7128,0.6927,702377,6920114.0,2347593443.91,1002822184.88
2001-05-14,'600814,杭州解百,9.82,9.82,9.7,9.8,9.77,0.05,0.5118,0.7582,768789,7507447.0,2330977514.58,995724353.44
2001-05-11,'600814,杭州解百,9.77,9.8,9.7,9.73,9.71,0.06,0.6179,0.356,361011,3516816.0,2319108993.63,990654473.84
2001-05-10,'600814,杭州解百,9.71,9.75,9.61,9.62,9.61,0.1,1.0406,0.3744,379600,3680341.0,2304866768.49,984570618.32
2001-05-09,'600814,杭州解百,9.61,9.7,9.6,9.7,9.68,-0.07,-0.7231,0.4852,491973,4740154.0,2281129726.59,974430859.12
2001-05-08,'600814,杭州解百,9.68,9.72,9.65,9.66,9.62,0.06,0.6237,0.261,264661,2560263.0,2297745655.92,981528690.56
2001-04-30,'600814,杭州解百,9.62,9.75,9.6,9.75,9.75,-0.13,-1.3333,0.5042,511278,4929564.0,2283503430.78,975444835.04
2001-04-27,'600814,杭州解百,9.75,9.82,9.7,9.72,9.71,0.04,0.4119,0.5399,547430,5341766.0,2314361585.25,988626522.0
2001-04-26,'600814,杭州解百,9.71,9.8,9.7,9.8,9.8,-0.09,-0.9184,0.7363,746608,7271176.0,2304866768.49,984570618.32
2001-04-25,'600814,杭州解百,9.8,10.17,9.78,10.14,10.15,-0.35,-3.4483,1.7472,1771580,17616852.0,2326230106.2,993696401.6
2001-04-24,'600814,杭州解百,10.15,10.28,10.13,10.25,10.21,-0.06,-0.5877,1.5644,1586306,16142387.0,2409309752.85,1029185558.8
2001-04-23,'600814,杭州解百,10.21,10.26,10.08,10.2,10.01,0.2,1.998,5.9367,6019709,61244839.0,2423551977.99,1035269414.32
2001-04-20,'600814,杭州解百,10.01,10.18,9.88,9.92,9.93,0.08,0.8056,4.1975,4256178,42984017.0,2376077894.19,1014989895.92
2001-04-19,'600814,杭州解百,9.93,9.96,9.63,9.8,9.85,0.08,0.8122,1.4176,1437382,14166434.0,2357088260.67,1006878088.56
2001-04-18,'600814,杭州解百,9.85,9.88,9.78,9.88,9.85,0.0,0.0,1.1851,1201702,11825159.0,2338098627.15,998766281.2
2001-04-17,'600814,杭州解百,9.85,9.86,9.72,9.85,9.82,0.03,0.3055,1.2768,1294672,12719037.0,2338098627.15,998766281.2
2001-04-16,'600814,杭州解百,9.82,9.87,9.68,9.75,9.7,0.12,1.2371,1.3465,1365313,13362565.0,2330977514.58,995724353.44
2001-04-13,'600814,杭州解百,9.7,9.75,9.65,9.7,9.68,0.02,0.2066,0.519,526248,5096068.0,2302493064.3,983556642.4
2001-04-12,'600814,杭州解百,9.68,9.8,9.65,9.78,9.73,-0.05,-0.5139,0.6492,658308,6394375.0,2297745655.92,981528690.56
2001-04-11,'600814,杭州解百,9.73,9.77,9.62,9.62,9.56,0.17,1.7782,0.9653,978768,9513745.0,2309614176.87,986598570.16
2001-04-10,'600814,杭州解百,9.56,9.65,9.5,9.51,9.49,0.07,0.7376,0.3445,349311,3349496.0,2269261205.64,969360979.52
2001-04-09,'600814,杭州解百,9.49,9.5,9.35,9.4,9.4,0.09,0.9574,0.4368,442904,4169725.0,2252645276.31,962263148.08
2001-04-06,'600814,杭州解百,9.4,9.5,9.39,9.49,9.48,-0.08,-0.8439,0.4884,495239,4670259.0,2231281938.6,953137364.8
2001-04-05,'600814,杭州解百,9.48,9.48,9.35,9.4,9.41,0.07,0.7439,0.4442,450379,4240512.0,2250271572.12,961249172.16
2001-04-04,'600814,杭州解百,9.41,9.68,9.4,9.63,9.63,-0.22,-2.2845,0.6149,623479,5946958.0,2233655642.79,954151340.72
2001-04-03,'600814,杭州解百,9.63,9.71,9.58,9.7,9.7,-0.07,-0.7216,0.4941,500965,4819622.0,2285877134.97,976458810.96
2001-04-02,'600814,杭州解百,9.7,9.8,9.67,9.67,9.67,0.03,0.3102,0.5657,573643,5566160.0,2302493064.3,983556642.4
2001-03-30,'600814,杭州解百,9.67,9.71,9.56,9.67,9.67,0.0,0.0,0.6212,629901,6056271.0,2295371951.73,980514714.64
2001-03-29,'600814,杭州解百,9.67,9.75,9.66,9.69,9.68,-0.01,-0.1033,0.6902,699890,6784329.0,2295371951.73,980514714.64
2001-03-28,'600814,杭州解百,9.68,9.75,9.61,9.73,9.73,-0.05,-0.5139,0.643,651973,6309826.0,2297745655.92,981528690.56
2001-03-27,'600814,杭州解百,9.73,9.8,9.56,9.6,9.56,0.17,1.7782,0.9907,1004570,9745368.0,2309614176.87,986598570.16
2001-03-26,'600814,杭州解百,9.56,9.6,9.4,9.4,9.38,0.18,1.919,0.4808,487542,4633513.0,2269261205.64,969360979.52
2001-03-23,'600814,杭州解百,9.38,9.64,9.37,9.6,9.6,-0.22,-2.2917,0.5583,566100,5394967.0,2226534530.22,951109412.96
2001-03-22,'600814,杭州解百,9.6,9.64,9.55,9.6,9.59,0.01,0.1043,0.6404,649351,6232663.0,2278756022.4,973416883.2
2001-03-21,'600814,杭州解百,9.59,9.61,9.54,9.58,9.58,0.01,0.1044,0.4132,419000,4011615.0,2276382318.21,972402907.28
2001-03-20,'600814,杭州解百,9.58,9.59,9.46,9.46,9.44,0.14,1.4831,0.538,545527,5203583.0,2274008614.02,971388931.36
2001-03-19,'600814,杭州解百,9.44,9.45,9.35,9.36,9.36,0.08,0.8547,0.4432,449432,4230263.0,2240776755.36,957193268.48
2001-03-16,'600814,杭州解百,9.36,9.41,9.33,9.41,9.41,-0.05,-0.5313,0.2928,296852,2780831.0,2221787121.84,949081461.12
2001-03-15,'600814,杭州解百,9.41,9.48,9.35,9.38,9.39,0.02,0.213,0.2526,256141,2408607.0,2233655642.79,954151340.72
2001-03-14,'600814,杭州解百,9.39,9.39,9.29,9.34,9.35,0.04,0.4278,0.189,191606,1790147.0,2228908234.41,952123388.88
2001-03-13,'600814,杭州解百,9.35,9.47,9.35,9.46,9.47,-0.12,-1.2672,0.2229,226034,2120088.0,2219413417.65,948067485.2
2001-03-12,'600814,杭州解百,9.47,9.49,9.28,9.35,9.35,0.12,1.2834,0.3788,384047,3597600.0,2247897867.93,960235196.24
2001-03-09,'600814,杭州解百,9.35,9.35,9.25,9.3,9.31,0.04,0.4296,0.4221,428006,3976653.0,2219413417.65,948067485.2
2001-03-08,'600814,杭州解百,9.31,9.34,9.28,9.31,9.31,0.0,0.0,0.2209,223971,2082788.0,2209918600.89,944011581.52
2001-03-07,'600814,杭州解百,9.31,9.34,9.25,9.29,9.28,0.03,0.3233,0.2276,230811,2143965.0,2209918600.89,944011581.52
2001-03-06,'600814,杭州解百,9.28,9.33,9.25,9.33,9.37,-0.09,-0.9605,0.3526,357567,3315069.0,2202797488.32,940969653.76
2001-03-05,'600814,杭州解百,9.37,9.47,9.33,9.45,9.44,-0.07,-0.7415,0.2097,212582,1992734.0,2224160826.03,950095437.04
2001-03-02,'600814,杭州解百,9.44,9.5,9.41,9.41,9.37,0.07,0.7471,0.4043,409937,3875760.0,2240776755.36,957193268.48
2001-03-01,'600814,杭州解百,9.37,9.4,9.32,9.35,9.32,0.05,0.5365,0.1683,170673,1597076.0,2224160826.03,950095437.04
2001-02-28,'600814,杭州解百,9.32,9.35,9.28,9.31,9.3,0.02,0.2151,0.1651,167456,1558055.0,2212292305.08,945025557.44
2001-02-27,'600814,杭州解百,9.3,9.31,9.26,9.3,9.29,0.01,0.1076,0.1932,195874,1819443.0,2207544896.7,942997605.6
2001-02-26,'600814,杭州解百,9.29,9.3,9.16,9.18,9.15,0.14,1.5301,0.2656,269329,2488396.0,2205171192.51,941983629.68
2001-02-23,'600814,杭州解百,9.15,9.15,9.0,9.07,9.07,0.08,0.882,0.2598,263416,2390609.0,2171939333.85,927787966.8
2001-02-22,'600814,杭州解百,9.07,9.14,9.0,9.04,9.1,-0.03,-0.3297,0.2536,257180,2334399.0,2152949700.33,919676159.44
2001-02-21,'600814,杭州解百,9.1,9.25,9.07,9.25,9.25,-0.15,-1.6216,0.3729,378097,3455296.0,2160070812.9,922718087.2
2001-02-20,'600814,杭州解百,9.25,9.43,9.25,9.43,9.4,-0.15,-1.5957,0.2041,206948,1934155.0,2195676375.75,937927726.0
2001-02-19,'600814,杭州解百,9.4,9.45,9.18,9.26,9.26,0.14,1.5119,0.1958,198567,1846487.0,2231281938.6,953137364.8
2001-02-16,'600814,杭州解百,9.26,9.3,9.2,9.28,9.29,-0.03,-0.3229,0.2609,264561,2447493.0,2198050079.94,938941701.92
2001-02-15,'600814,杭州解百,9.29,9.35,9.28,9.33,9.33,-0.04,-0.4287,0.1825,185003,1720522.0,2205171192.51,941983629.68
2001-02-14,'600814,杭州解百,9.33,9.4,9.3,9.4,9.4,-0.07,-0.7447,0.2249,228055,2129280.0,2214666009.27,946039533.36
2001-02-13,'600814,杭州解百,9.4,9.48,9.38,9.44,9.43,-0.03,-0.3181,0.1835,186020,1751636.0,2231281938.6,953137364.8
2001-02-12,'600814,杭州解百,9.43,9.43,9.27,9.39,9.39,0.04,0.426,0.2412,244591,2281760.0,2238403051.17,956179292.56
2001-02-09,'600814,杭州解百,9.39,9.45,9.3,9.3,9.27,0.12,1.2945,0.2466,250041,2342709.0,2228908234.41,952123388.88
2001-02-08,'600814,杭州解百,9.27,9.5,9.25,9.3,9.36,-0.09,-0.9615,0.2802,284141,2650611.0,2200423784.13,939955677.84
2001-02-07,'600814,杭州解百,9.36,9.45,9.35,9.38,9.35,0.01,0.107,0.2825,286423,2690546.0,2221787121.84,949081461.12
2001-02-06,'600814,杭州解百,9.35,9.41,9.25,9.4,9.46,-0.11,-1.1628,0.4221,427971,3989778.0,2219413417.65,948067485.2
2001-02-05,'600814,杭州解百,9.46,9.76,9.4,9.72,9.72,-0.26,-2.6749,0.3967,402233,3864621.0,2245524163.74,959221220.32
2001-01-19,'600814,杭州解百,9.72,9.76,9.65,9.65,9.55,0.17,1.7801,0.4201,425944,4130457.0,2307240472.68,985584594.24
2001-01-18,'600814,杭州解百,9.55,9.65,9.53,9.53,9.58,-0.03,-0.3132,0.4457,451970,4341109.0,2266887501.45,968347003.6
2001-01-17,'600814,杭州解百,9.58,9.75,9.58,9.7,9.71,-0.13,-1.3388,0.4547,461088,4449028.0,2274008614.02,971388931.36
2001-01-16,'600814,杭州解百,9.71,9.75,9.5,9.65,9.65,0.06,0.6218,0.5898,598068,5752011.0,2304866768.49,984570618.32
2001-01-15,'600814,杭州解百,9.65,9.96,9.62,9.95,10.0,-0.35,-3.5,0.8355,847174,8283644.0,2290624543.35,978486762.8
2001-01-12,'600814,杭州解百,10.0,10.12,9.98,10.1,10.15,-0.15,-1.4778,1.1769,1193317,11957425.0,2373704190.0,1013975920.0
2001-01-11,'600814,杭州解百,10.15,10.35,10.14,10.32,10.28,-0.13,-1.2646,2.1321,2161892,22133331.0,2409309752.85,1029185558.8
2001-01-10,'600814,杭州解百,10.28,10.33,10.05,10.1,10.08,0.2,1.9841,2.5763,2612298,26695460.0,2440167907.32,1042367245.76
2001-01-09,'600814,杭州解百,10.08,10.14,9.96,10.05,10.03,0.05,0.4985,1.2209,1238006,12448975.0,2392693823.52,1022087727.36
2001-01-08,'600814,杭州解百,10.03,10.15,9.89,10.12,10.07,-0.04,-0.3972,1.3963,1415802,14164392.0,2380825302.57,1017017847.76
2001-01-05,'600814,杭州解百,10.07,10.09,9.73,9.82,9.81,0.26,2.6504,1.821,1846413,18289301.0,2390320119.33,1021073751.44
2001-01-04,'600814,杭州解百,9.81,9.9,9.78,9.88,9.86,-0.05,-0.5071,0.7488,759221,7451979.0,2328603810.39,994710377.52
2001-01-03,'600814,杭州解百,9.86,9.9,9.75,9.85,9.82,0.04,0.4073,1.091,1106212,10862531.0,2340472331.34,999780257.12
2001-01-02,'600814,杭州解百,9.82,9.88,9.73,9.73,9.72,0.1,1.0288,0.7206,730693,7172729.0,2330977514.58,995724353.44
2000-12-29,'600814,杭州解百,9.72,9.75,9.66,9.7,9.68,0.04,0.4132,0.4453,451530,4379472.0,2307240472.68,985584594.24
2000-12-28,'600814,杭州解百,9.68,9.77,9.56,9.65,9.66,0.02,0.207,0.4908,497695,4824087.0,2297745655.92,981528690.56
2000-12-27,'600814,杭州解百,9.66,9.9,9.62,9.88,9.87,-0.21,-2.1277,0.6523,661392,6442329.0,2292998247.54,979500738.72
2000-12-26,'600814,杭州解百,9.87,9.9,9.7,9.75,9.6,0.27,2.8125,2.3996,2433110,23808199.0,2342846035.53,1000794233.04
2000-12-25,'600814,杭州解百,9.6,9.6,9.25,9.34,9.36,0.24,2.5641,0.8065,817750,7736738.0,2278756022.4,973416883.2
2000-12-22,'600814,杭州解百,9.36,9.45,9.31,9.45,9.43,-0.07,-0.7423,0.4652,471733,4408516.0,2221787121.84,949081461.12
2000-12-21,'600814,杭州解百,9.43,9.56,9.36,9.39,9.33,0.1,1.0718,0.5133,520456,4922597.0,2238403051.17,956179292.56
2000-12-20,'600814,杭州解百,9.33,9.45,9.22,9.22,9.22,0.11,1.1931,0.3611,366144,3408019.0,2214666009.27,946039533.36
2000-12-19,'600814,杭州解百,9.22,9.29,9.18,9.2,9.15,0.07,0.765,0.2387,242033,2238302.0,2188555263.18,934885798.24
2000-12-18,'600814,杭州解百,9.15,9.3,9.03,9.21,9.2,-0.05,-0.5435,0.5765,584575,5330717.0,2171939333.85,927787966.8
2000-12-15,'600814,杭州解百,9.2,9.31,9.2,9.28,9.28,-0.08,-0.8621,0.4609,467369,4321868.0,2183807854.8,932857846.4
2000-12-14,'600814,杭州解百,9.28,9.44,9.26,9.37,9.37,-0.09,-0.9605,0.4972,504143,4693752.0,2202797488.32,940969653.76
2000-12-13,'600814,杭州解百,9.37,9.5,9.32,9.5,9.45,-0.08,-0.8466,0.365,370123,3474787.0,2224160826.03,950095437.04
2000-12-12,'600814,杭州解百,9.45,9.53,9.26,9.28,9.28,0.17,1.8319,0.4271,433092,4058674.0,2243150459.55,958207244.4
2000-12-11,'600814,杭州解百,9.28,9.49,9.25,9.49,9.52,-0.24,-2.521,0.7503,760815,7124260.0,2202797488.32,940969653.76
2000-12-08,'600814,杭州解百,9.52,9.62,9.5,9.6,9.6,-0.08,-0.8333,0.7559,766467,7303389.0,2259766388.88,965305075.84
2000-12-07,'600814,杭州解百,9.6,9.73,9.56,9.73,9.73,-0.13,-1.3361,0.5242,531554,5118166.0,2278756022.4,973416883.2
2000-12-06,'600814,杭州解百,9.73,9.73,9.61,9.61,9.61,0.12,1.2487,0.9126,925365,8960572.0,2309614176.87,986598570.16
2000-12-05,'600814,杭州解百,9.61,9.69,9.55,9.68,9.68,-0.07,-0.7231,0.3564,361364,3467982.0,2281129726.59,974430859.12
2000-12-04,'600814,杭州解百,9.68,9.69,9.45,9.53,9.53,0.15,1.574,0.8174,828810,7894458.0,2297745655.92,981528690.56
2000-12-01,'600814,杭州解百,9.53,9.6,9.46,9.5,9.5,0.03,0.3158,0.5538,561537,5349769.0,2262140093.07,966319051.76
2000-11-30,'600814,杭州解百,9.5,9.61,9.41,9.58,9.58,-0.08,-0.8351,0.6117,620284,5887614.0,2255018980.5,963277124.0
2000-11-29,'600814,杭州解百,9.58,9.75,9.4,9.7,9.67,-0.09,-0.9307,1.0622,1077035,10257536.0,2274008614.02,971388931.36
2000-11-28,'600814,杭州解百,9.67,9.7,9.49,9.49,9.42,0.25,2.6539,1.1294,1145143,11018180.0,2295371951.73,980514714.64
2000-11-27,'600814,杭州解百,9.42,9.62,9.32,9.5,9.65,-0.23,-2.3834,1.531,1552370,14679342.0,2236029346.98,955165316.64
2000-11-24,'600814,杭州解百,9.65,10.15,9.56,10.07,10.03,-0.38,-3.7886,1.621,1643686,16322234.0,2290624543.35,978486762.8
2000-11-23,'600814,杭州解百,10.03,10.1,9.92,9.98,9.92,0.11,1.1089,1.7346,1758872,17599087.0,2380825302.57,1017017847.76
2000-11-22,'600814,杭州解百,9.92,9.94,9.78,9.85,9.85,0.07,0.7107,0.8258,837318,8260256.0,2354714556.48,1005864112.64
2000-11-21,'600814,杭州解百,9.85,10.05,9.75,9.75,9.75,0.1,1.0256,1.5193,1540549,15238316.0,2338098627.15,998766281.2
2000-11-20,'600814,杭州解百,9.75,9.81,9.6,9.79,9.8,-0.05,-0.5102,1.1307,1146531,11098485.0,2314361585.25,988626522.0
2000-11-17,'600814,杭州解百,9.8,10.1,9.6,10.02,9.98,-0.18,-1.8036,1.6201,1642759,16159568.0,2326230106.2,993696401.6
2000-11-16,'600814,杭州解百,9.98,10.09,9.62,9.9,9.89,0.09,0.91,1.2878,1305806,13006728.0,2368956781.62,1011947968.16
2000-11-15,'600814,杭州解百,9.89,10.1,9.86,10.08,10.04,-0.15,-1.494,1.3441,1362857,13580716.0,2347593443.91,1002822184.88
2000-11-14,'600814,杭州解百,10.04,10.2,9.94,9.94,9.93,0.11,1.1078,2.2117,2242575,22596995.0,2383199006.76,1018031823.68
2000-11-13,'600814,杭州解百,9.93,9.95,9.82,9.86,9.84,0.09,0.9146,1.3061,1324367,13084469.0,2357088260.67,1006878088.56
2000-11-10,'600814,杭州解百,9.84,9.86,9.7,9.82,9.8,0.04,0.4082,1.0967,1111986,10871562.0,2335724922.96,997752305.28
2000-11-09,'600814,杭州解百,9.8,9.83,9.68,9.8,9.8,0.0,0.0,0.7675,778188,7570466.0,2326230106.2,993696401.6
2000-11-08,'600814,杭州解百,9.8,9.89,9.71,9.88,9.73,0.07,0.7194,0.6209,629557,6171087.0,2326230106.2,993696401.6
2000-11-07,'600814,杭州解百,9.73,9.85,9.59,9.6,9.6,0.13,1.3542,0.4792,485927,4728713.0,2309614176.87,986598570.16
2000-11-06,'600814,杭州解百,9.6,9.67,9.59,9.64,9.67,-0.07,-0.7239,0.4644,470917,4528805.0,2278756022.4,973416883.2
2000-11-03,'600814,杭州解百,9.67,9.77,9.58,9.6,9.64,0.03,0.3112,0.5404,547938,5306486.0,2295371951.73,980514714.64
2000-11-02,'600814,杭州解百,9.64,9.71,9.56,9.63,9.61,0.03,0.3122,0.5408,548384,5286487.0,2288250839.16,977472786.88
2000-11-01,'600814,杭州解百,9.61,9.68,9.51,9.6,9.6,0.01,0.1042,0.4652,471728,4523325.0,2281129726.59,974430859.12
2000-10-31,'600814,杭州解百,9.6,9.9,9.55,9.7,9.67,-0.07,-0.7239,0.5301,537502,5232833.0,2278756022.4,973416883.2
2000-10-30,'600814,杭州解百,9.67,9.7,9.52,9.66,9.65,0.02,0.2073,0.5367,544192,5217583.0,2295371951.73,980514714.64
2000-10-27,'600814,杭州解百,9.65,9.76,9.51,9.65,9.64,0.01,0.1037,0.6381,647058,6222553.0,2290624543.35,978486762.8
2000-10-26,'600814,杭州解百,9.64,9.92,9.6,9.85,9.87,-0.23,-2.3303,1.102,1117427,10890973.0,2288250839.16,977472786.88
2000-10-25,'600814,杭州解百,9.87,9.96,9.75,9.9,9.88,-0.01,-0.1012,1.3045,1322769,13029728.0,2342846035.53,1000794233.04
2000-10-24,'600814,杭州解百,9.88,9.96,9.71,9.86,9.99,-0.11,-1.1011,1.9266,1953509,19176432.0,2345219739.72,1001808208.96
2000-10-23,'600814,杭州解百,9.99,10.18,9.51,9.55,9.3,0.69,7.4194,5.6166,5695062,55611078.0,2371330485.81,1012961944.08
2000-10-20,'600814,杭州解百,9.3,9.3,8.9,9.0,9.05,0.25,2.7624,0.829,840560,7675942.0,2207544896.7,942997605.6
2000-10-19,'600814,杭州解百,9.05,9.13,8.95,9.07,9.06,-0.01,-0.1104,0.455,461356,4161545.0,2148202291.95,917648207.6
2000-10-18,'600814,杭州解百,9.06,9.07,8.9,9.0,8.98,0.08,0.8909,0.3837,389066,3503495.0,2150575996.14,918662183.52
2000-10-17,'600814,杭州解百,8.98,9.08,8.89,8.89,8.88,0.1,1.1261,0.2556,259127,2322015.0,2131586362.62,910550376.16
2000-10-16,'600814,杭州解百,8.88,9.05,8.84,8.95,9.02,-0.14,-1.5521,0.3589,363868,3237356.0,2107849320.72,900410616.96
2000-10-13,'600814,杭州解百,9.02,9.12,8.96,9.1,9.11,-0.09,-0.9879,0.4077,413355,3727549.0,2141081179.38,914606279.84
2000-10-12,'600814,杭州解百,9.11,9.17,8.85,9.0,9.0,0.11,1.2222,0.4629,469376,4204570.0,2162444517.09,923732063.12
2000-10-11,'600814,杭州解百,9.0,9.2,8.95,9.2,9.2,-0.2,-2.1739,0.4772,483887,4382207.0,2136333771.0,912578328.0
2000-10-10,'600814,杭州解百,9.2,9.2,8.8,8.85,8.85,0.35,3.9548,0.7179,727971,6580724.0,2183807854.8,932857846.4
2000-10-09,'600814,杭州解百,8.85,8.95,8.7,8.95,8.82,0.03,0.3401,0.2907,294748,2581862.0,2100728208.15,897368689.2
2000-09-29,'600814,杭州解百,8.82,8.85,8.72,8.72,8.74,0.08,0.9153,0.4588,465220,4083715.0,2093607095.58,894326761.44
2000-09-28,'600814,杭州解百,8.74,8.95,8.72,8.94,8.95,-0.21,-2.3464,0.3984,403965,3548016.0,2074617462.06,886214954.08
2000-09-27,'600814,杭州解百,8.95,8.96,8.82,8.82,8.82,0.13,1.4739,0.2111,214016,1907007.0,2124465250.05,907508448.4
2000-09-26,'600814,杭州解百,8.82,8.88,8.75,8.82,8.76,0.06,0.6849,0.3011,305348,2683616.0,2093607095.58,894326761.44
2000-09-25,'600814,杭州解百,8.76,8.8,8.68,8.7,8.72,0.04,0.4587,0.3827,388088,3395957.0,2079364870.44,888242905.92
2000-09-22,'600814,杭州解百,8.72,8.88,8.71,8.88,8.9,-0.18,-2.0225,0.4817,488397,4278329.0,2069870053.68,884187002.24
2000-09-21,'600814,杭州解百,8.9,9.1,8.9,9.09,9.06,-0.16,-1.766,0.444,450196,4036420.0,2112596729.1,902438568.8
2000-09-20,'600814,杭州解百,9.06,9.11,8.81,8.86,8.89,0.17,1.9123,0.4939,500804,4501727.0,2150575996.14,918662183.52
2000-09-19,'600814,杭州解百,8.89,9.16,8.86,9.16,9.18,-0.29,-3.159,1.0651,1080013,9686226.0,2110223024.91,901424592.88
2000-09-18,'600814,杭州解百,9.18,9.57,9.15,9.57,9.59,-0.41,-4.2753,0.8285,840111,7840691.0,2179060446.42,930829894.56
2000-09-15,'600814,杭州解百,9.59,9.7,9.5,9.5,9.5,0.09,0.9474,0.5584,566193,5416094.0,2276382318.21,972402907.28
2000-09-14,'600814,杭州解百,9.5,9.72,9.5,9.7,9.7,-0.2,-2.0619,0.6375,646365,6191806.0,2255018980.5,963277124.0
2000-09-13,'600814,杭州解百,9.7,9.75,9.5,9.6,9.57,0.13,1.3584,0.8584,870363,8367876.0,2302493064.3,983556642.4
2000-09-12,'600814,杭州解百,9.57,9.73,9.45,9.65,9.64,-0.07,-0.7261,0.7741,784870,7496282.0,2271634909.83,970374955.44
2000-09-11,'600814,杭州解百,9.64,9.7,9.45,9.45,9.44,0.2,2.1186,0.9328,945865,9063967.0,2288250839.16,977472786.88
2000-09-08,'600814,杭州解百,9.44,9.61,9.35,9.56,9.52,-0.08,-0.8403,0.8742,886374,8384632.0,2240776755.36,957193268.48
2000-09-07,'600814,杭州解百,9.52,9.75,9.42,9.45,9.41,0.11,1.169,1.1228,1138497,10848676.0,2259766388.88,965305075.84
2000-09-06,'600814,杭州解百,9.41,9.9,9.4,9.9,9.92,-0.51,-5.1411,1.5849,1607101,15510533.0,2233655642.79,954151340.72
2000-09-05,'600814,杭州解百,9.92,10.34,9.88,10.06,10.05,-0.13,-1.2935,1.7204,1744417,17663525.0,2354714556.48,1005864112.64
2000-09-04,'600814,杭州解百,10.05,10.07,9.76,10.0,10.07,-0.02,-0.1986,2.1356,2165429,21425786.0,2385572710.95,1019045799.6
2000-09-01,'600814,杭州解百,10.07,10.24,10.04,10.2,10.24,-0.17,-1.6602,2.5345,2397398,24329498.0,2390320119.33,952521249.65
2000-08-31,'600814,杭州解百,10.24,10.55,10.21,10.55,10.66,-0.42,-3.94,3.7417,3539238,36774701.0,2430673090.56,968601548.8
2000-08-30,'600814,杭州解百,10.66,10.88,10.63,10.85,10.95,-0.29,-2.6484,4.2879,4055883,43548224.0,2530368666.54,1008329346.7
2000-08-29,'600814,杭州解百,10.95,11.4,10.8,11.2,11.1,-0.15,-1.3514,21.5313,20366459,227957782.0,2599206088.05,1035760445.25
2000-08-28,'600814,杭州解百,11.1,11.2,10.25,10.33,10.33,0.77,7.454,7.1901,6801127,73813324.0,2634811650.9,1049948944.5
2000-08-25,'600814,杭州解百,10.33,10.33,10.16,10.26,10.27,0.06,0.5842,1.8039,1706334,17462558.0,2452036428.27,977114648.35
2000-08-24,'600814,杭州解百,10.27,10.39,10.1,10.3,10.33,-0.06,-0.5808,2.9075,2750229,28153410.0,2437794203.13,971439248.65
2000-08-23,'600814,杭州解百,10.33,10.52,9.7,10.4,10.44,-0.11,-1.0536,6.3674,6022929,61310050.0,2452036428.27,977114648.35
2000-08-22,'600814,杭州解百,10.44,11.0,10.38,10.98,10.92,-0.48,-4.3956,3.3359,3155450,34150296.0,2478147174.36,987519547.8
2000-08-21,'600814,杭州解百,10.92,11.0,10.6,10.6,10.55,0.37,3.5071,5.0963,4820599,52302984.0,2592084975.48,1032922745.4
2000-08-18,'600814,杭州解百,10.55,10.77,10.52,10.76,10.76,-0.21,-1.9517,3.9005,3689437,39093109.0,2504257920.45,997924447.25
2000-08-17,'600814,杭州解百,10.76,10.83,10.25,10.25,10.2,0.56,5.4902,10.2956,9738561,103238392.0,2554105708.44,1017788346.2
2000-08-16,'600814,杭州解百,10.2,10.3,10.1,10.25,10.21,-0.01,-0.0979,1.7661,1670529,17002052.0,2421178273.8,964817949.0
2000-08-15,'600814,杭州解百,10.21,10.32,10.1,10.3,10.3,-0.09,-0.8738,2.1381,2022430,20567850.0,2423551977.99,965763848.95
2000-08-14,'600814,杭州解百,10.3,10.5,10.1,10.11,10.09,0.21,2.0813,4.3917,4154083,43033512.0,2444915315.7,974276948.5
2000-08-11,'600814,杭州解百,10.09,10.23,10.05,10.18,10.18,-0.09,-0.8841,1.7079,1615460,16329136.0,2395067527.71,954413049.55
2000-08-10,'600814,杭州解百,10.18,10.3,10.12,10.3,10.29,-0.11,-1.069,2.7283,2580719,26306464.0,2416430865.42,962926149.1
2000-08-09,'600814,杭州解百,10.29,10.5,10.16,10.4,10.3,-0.01,-0.0971,4.8136,4553146,46776586.0,2442541611.51,973331048.55
2000-08-08,'600814,杭州解百,10.3,10.34,10.06,10.11,10.06,0.24,2.3857,6.3541,6010348,61532023.0,2444915315.7,974276948.5
2000-08-07,'600814,杭州解百,10.06,10.08,9.81,9.81,9.81,0.25,2.5484,2.274,2151018,21472618.0,2387946415.14,951575349.7
2000-08-04,'600814,杭州解百,9.81,9.9,9.7,9.8,9.8,0.01,0.102,1.9362,1831449,17991176.0,2328603810.39,927927850.95
2000-08-03,'600814,杭州解百,9.8,10.02,9.78,9.97,9.97,-0.17,-1.7051,2.0172,1908048,18809191.0,2326230106.2,926981951.0
2000-08-02,'600814,杭州解百,9.97,10.08,9.91,9.98,9.98,-0.01,-0.1002,1.3548,1281491,12782794.0,2366583077.43,943062250.15
2000-08-01,'600814,杭州解百,9.98,10.1,9.9,10.0,10.0,-0.02,-0.2,2.2985,2174110,21809694.0,2368956781.62,944008150.1
2000-07-31,'600814,杭州解百,10.0,10.0,9.6,9.85,9.85,0.15,1.5228,2.7378,2589691,25595378.0,2373704190.0,945899950.0
2000-07-28,'600814,杭州解百,9.85,9.88,9.6,9.88,9.9,-0.05,-0.5051,4.017,3799643,36915100.0,2338098627.15,931711450.75
2000-07-27,'600814,杭州解百,9.9,10.18,9.88,10.08,10.08,-0.18,-1.7857,3.4078,3223471,32412433.0,2349967148.1,936440950.5
2000-07-26,'600814,杭州解百,10.08,10.24,10.01,10.19,10.19,-0.11,-1.0795,2.4663,2332850,23540206.0,2392693823.52,953467149.6
2000-07-25,'600814,杭州解百,10.19,10.26,9.92,10.2,10.16,0.03,0.2953,3.4953,3306169,33374892.0,2418804569.61,963872049.05
2000-07-24,'600814,杭州解百,10.16,10.3,10.03,10.03,9.9,0.26,2.6263,8.8885,8407621,85463540.0,2411683457.04,961034349.2
2000-07-21,'600814,杭州解百,9.9,10.14,9.65,9.72,9.72,0.18,1.8519,7.0606,6678616,66494135.0,2349967148.1,936440950.5
2000-07-20,'600814,杭州解百,9.72,9.77,9.4,9.52,9.52,0.2,2.1008,4.3585,4122729,39466572.0,2307240472.68,919414751.4
2000-07-19,'600814,杭州解百,9.52,9.58,9.2,9.2,9.18,0.34,3.7037,3.9847,3769128,35491580.0,2259766388.88,900496752.4
2000-07-18,'600814,杭州解百,9.18,9.26,9.1,9.26,9.26,-0.08,-0.8639,1.1386,1077020,9851376.0,2179060446.42,868336154.1
2000-07-17,'600814,杭州解百,9.26,9.47,9.25,9.4,9.36,-0.1,-1.0684,2.9602,2800010,26191885.0,2198050079.94,875903353.7
2000-07-14,'600814,杭州解百,9.36,9.4,9.06,9.1,9.01,0.35,3.8846,5.7252,5415470,50246152.0,2221787121.84,885362353.2
2000-07-13,'600814,杭州解百,9.01,9.17,8.92,9.15,9.11,-0.1,-1.0977,1.6697,1579370,14282758.0,2138707475.19,852255854.95
2000-07-12,'600814,杭州解百,9.11,9.15,8.9,9.02,8.99,0.12,1.3348,2.1223,2007503,18227674.0,2162444517.09,861714854.45
2000-07-11,'600814,杭州解百,8.99,9.04,8.7,8.75,8.79,0.2,2.2753,1.8508,1750630,15578906.0,2133960066.81,850364055.05
2000-07-10,'600814,杭州解百,8.79,8.8,8.58,8.7,8.68,0.11,1.2673,1.1621,1099200,9538308.0,2086485983.01,831446056.05
2000-07-07,'600814,杭州解百,8.68,8.7,8.48,8.5,8.55,0.13,1.5205,0.6245,590701,5109370.0,2060375236.92,821041156.6
2000-07-06,'600814,杭州解百,8.55,8.62,8.52,8.61,8.6,-0.05,-0.5814,0.7508,710192,6075145.0,2029517082.45,808744457.25
2000-07-05,'600814,杭州解百,8.6,8.7,8.6,8.69,8.72,-0.12,-1.3761,0.8674,820490,7084092.0,2041385603.4,813473957.0
2000-07-04,'600814,杭州解百,8.72,8.75,8.53,8.6,8.64,0.08,0.9259,0.5556,525517,4537942.0,2069870053.68,824824756.4
2000-07-03,'600814,杭州解百,8.64,8.88,8.59,8.88,8.88,-0.24,-2.7027,1.5288,1446063,12544850.0,2050880420.16,817257556.8
2000-06-30,'600814,杭州解百,8.88,9.05,8.86,9.05,8.96,-0.08,-0.8929,0.9809,927811,8259472.0,2107849320.72,839959155.6
2000-06-29,'600814,杭州解百,8.96,9.22,8.94,9.21,9.22,-0.26,-2.82,1.229,1162550,10507610.0,2126838954.24,847526355.2
2000-06-28,'600814,杭州解百,9.22,9.23,8.8,8.83,8.83,0.39,4.4168,1.5754,1490169,13423002.0,2188555263.18,872119753.9
2000-06-27,'600814,杭州解百,8.83,8.93,8.75,8.93,8.93,-0.1,-1.1198,1.1788,1115066,9842083.0,2095980799.77,835229655.85
2000-06-26,'600814,杭州解百,8.93,8.95,8.71,8.9,8.99,-0.06,-0.6674,1.9848,1877386,16596500.0,2119717841.67,844688655.35
2000-06-23,'600814,杭州解百,8.99,9.0,8.82,8.98,8.93,0.06,0.6719,1.0641,1006525,8976873.0,2133960066.81,850364055.05
2000-06-22,'600814,杭州解百,8.93,9.04,8.88,8.9,8.9,0.03,0.3371,1.1125,1052283,9408291.0,2119717841.67,844688655.35
2000-06-21,'600814,杭州解百,8.9,9.0,8.8,9.0,8.98,-0.08,-0.8909,0.8817,833975,7405558.0,2112596729.1,841850955.5
2000-06-20,'600814,杭州解百,8.98,8.98,8.58,8.82,8.87,0.11,1.2401,1.6726,1582096,13898196.0,2131586362.62,849418155.1
2000-06-19,'600814,杭州解百,8.87,9.1,8.83,9.1,9.16,-0.29,-3.1659,2.6958,2549931,22731675.0,2105475616.53,839013255.65
2000-06-16,'600814,杭州解百,9.16,9.3,9.15,9.3,9.31,-0.15,-1.6112,2.8911,2734710,25166950.0,2174313038.04,866444354.2
2000-06-15,'600814,杭州解百,9.31,9.48,9.2,9.48,9.49,-0.18,-1.8967,3.0336,2869488,26709148.0,2209918600.89,880632853.45
2000-06-14,'600814,杭州解百,9.49,9.6,9.35,9.59,9.5,-0.01,-0.1053,4.066,3846044,36508542.0,2252645276.31,897659052.55
2000-06-13,'600814,杭州解百,9.5,9.5,9.13,9.42,9.42,0.08,0.8493,7.3889,6989121,65393057.0,2255018980.5,898604952.5
2000-06-12,'600814,杭州解百,9.42,9.58,9.13,9.48,8.78,0.64,7.2893,18.959,17933331,167916165.0,2236029346.98,891037752.9
2000-06-09,'600814,杭州解百,8.78,9.12,8.74,8.92,8.87,-0.09,-1.0147,4.6024,4353425,39095918.0,2084112278.82,830500156.1
2000-06-08,'600814,杭州解百,8.87,8.89,8.63,8.73,8.73,0.14,1.6037,2.8558,2701280,23759400.0,2105475616.53,839013255.65
2000-06-07,'600814,杭州解百,8.73,8.8,8.6,8.6,8.6,0.13,1.5116,1.9431,1837954,15962815.0,2072243757.87,825770656.35
2000-06-06,'600814,杭州解百,8.6,8.61,8.38,8.45,8.41,0.19,2.2592,1.3735,1299155,10979740.0,2041385603.4,813473957.0
2000-06-05,'600814,杭州解百,8.41,8.72,8.41,8.55,8.55,-0.14,-1.6374,2.2348,2113874,18183336.0,1996285223.79,795501857.95
2000-06-02,'600814,杭州解百,8.55,8.68,8.5,8.58,8.52,0.03,0.3521,1.7687,1673012,14339759.0,2029517082.45,808744457.25
2000-06-01,'600814,杭州解百,8.52,8.76,8.4,8.68,8.68,-0.16,-1.8433,2.4131,2282594,19399633.0,2022395969.88,805906757.4
2000-05-31,'600814,杭州解百,8.68,8.81,8.48,8.8,8.8,-0.12,-1.3636,3.5494,3357416,28911438.0,2060375236.92,821041156.6
2000-05-30,'600814,杭州解百,8.8,9.29,8.78,9.18,9.12,-0.32,-3.5088,3.1521,2981612,26821321.0,2088859687.2,832391956.0
2000-05-29,'600814,杭州解百,9.12,9.25,8.71,8.81,8.71,0.41,4.7072,6.073,5744491,51633344.0,2164818221.28,862660754.4
2000-05-26,'600814,杭州解百,8.71,8.8,8.45,8.45,8.44,0.27,3.1991,4.6436,4392350,38205893.0,2067496349.49,823878856.45
2000-05-25,'600814,杭州解百,8.44,8.61,8.35,8.58,8.41,0.03,0.3567,2.5709,2431851,20518059.0,2003406336.36,798339557.8
2000-05-24,'600814,杭州解百,8.41,8.6,8.32,8.46,8.45,-0.04,-0.4734,2.8563,2701749,22973799.0,1996285223.79,795501857.95
2000-05-23,'600814,杭州解百,8.45,8.66,8.3,8.35,8.3,0.15,1.8072,3.3508,3169496,26862840.0,2005780040.55,799285457.75
2000-05-22,'600814,杭州解百,8.3,8.5,8.05,8.25,8.2,0.1,1.2195,1.9985,1890388,15602441.0,1970174477.7,785096958.5
2000-05-19,'600814,杭州解百,8.2,8.68,8.18,8.3,8.29,-0.09,-1.0856,3.1954,3022511,25567257.0,1946437435.8,775637959.0
2000-05-18,'600814,杭州解百,8.29,8.29,7.5,7.58,7.58,0.71,9.3668,1.9029,1799957,14584543.0,1967800773.51,784151058.55
2000-05-17,'600814,杭州解百,7.58,7.95,7.52,7.88,11.78,-4.2,-35.6537,0.6444,609546,4683656.0,1799267776.02,716992162.1
2000-05-16,'600814,杭州解百,11.78,11.99,11.59,11.59,11.5,0.28,2.4348,1.1366,716768,8439752.0,1864149023.88,742846764.66
2000-05-15,'600814,杭州解百,11.5,11.7,11.46,11.6,11.57,-0.07,-0.605,0.9806,618382,7161724.0,1819839879.0,725189965.5
2000-05-12,'600814,杭州解百,11.57,12.1,11.51,11.95,11.9,-0.33,-2.7731,1.4115,890120,10483518.0,1830917165.22,729604165.29
2000-05-11,'600814,杭州解百,11.9,12.23,11.76,11.96,12.22,-0.32,-2.6187,0.9473,597337,7171022.0,1883138657.4,750413964.3
2000-05-10,'600814,杭州解百,0.0,0.0,0.0,0.0,12.22,None,None,0.0,0,0.0,1933777680.12,770593163.34
2000-05-09,'600814,杭州解百,12.22,12.7,12.18,12.52,12.55,-0.33,-2.6295,1.3801,870301,10725391.0,1933777680.12,770593163.34
2000-05-08,'600814,杭州解百,12.55,12.68,12.38,12.57,12.48,0.07,0.5609,1.0307,649959,8158540.0,1985999172.3,791402962.35
2000-04-28,'600814,杭州解百,12.48,12.58,12.18,12.2,12.21,0.27,2.2113,1.095,690500,8543008.0,1974921886.08,786988762.56
2000-04-27,'600814,杭州解百,12.21,12.68,12.2,12.62,12.62,-0.41,-3.2488,1.4959,943320,11671778.0,1932195210.66,769962563.37
2000-04-26,'600814,杭州解百,12.62,12.87,12.59,12.87,12.82,-0.2,-1.5601,0.8594,541936,6859170.0,1997076458.52,795817162.14
2000-04-25,'600814,杭州解百,12.82,13.18,12.48,13.0,12.99,-0.17,-1.3087,1.2956,816979,10375152.0,2028725847.72,808429161.54
2000-04-24,'600814,杭州解百,12.99,13.25,12.8,12.8,12.75,0.24,1.8824,2.8733,1811891,23599755.0,2055627828.54,819149361.03
2000-04-21,'600814,杭州解百,12.75,13.14,12.4,12.49,12.49,0.26,2.0817,1.8685,1178256,15155620.0,2017648561.5,804014961.75
2000-04-20,'600814,杭州解百,12.49,12.6,12.3,12.55,12.49,0.0,0.0,1.3901,876600,10868653.0,1976504355.54,787619362.53
2000-04-19,'600814,杭州解百,12.49,12.57,12.1,12.3,12.08,0.41,3.394,1.7123,1079782,13379290.0,1976504355.54,787619362.53
2000-04-18,'600814,杭州解百,12.08,12.4,12.0,12.0,12.05,0.03,0.249,1.8126,1143053,13847188.0,1911623107.68,761764763.76
2000-04-17,'600814,杭州解百,12.05,12.53,11.96,12.5,12.5,-0.45,-3.6,2.5051,1579700,19138136.0,1906875699.3,759872963.85
2000-04-14,'600814,杭州解百,12.5,12.68,12.27,12.45,12.45,0.05,0.4016,2.4486,1544096,19145701.0,1978086825.0,788249962.5
2000-04-13,'600814,杭州解百,12.45,12.9,12.34,12.78,12.67,-0.22,-1.7364,2.4627,1552955,19470185.0,1970174477.7,785096962.65
2000-04-12,'600814,杭州解百,12.67,12.95,12.5,12.95,12.89,-0.22,-1.7067,1.6108,1015741,12835295.0,2004988805.82,798970161.99
2000-04-11,'600814,杭州解百,12.89,13.0,12.6,12.75,12.7,0.19,1.4961,2.0391,1285830,16490992.0,2039803133.94,812843361.33
2000-04-10,'600814,杭州解百,12.7,13.18,12.52,12.85,12.8,-0.1,-0.7813,4.0765,2570668,32837921.0,2009736214.2,800861961.9
2000-04-07,'600814,杭州解百,12.8,13.97,12.8,13.66,13.3,-0.5,-3.7594,6.099,3846000,50944027.0,2025560908.8,807167961.6
2000-04-06,'600814,杭州解百,13.3,13.5,12.68,12.98,12.58,0.72,5.7234,5.1878,3271409,43332082.0,2104684381.8,838697960.1
2000-04-05,'600814,杭州解百,12.58,12.6,11.97,12.0,12.0,0.58,4.8333,5.0717,3198240,39096223.0,1990746580.68,793294762.26
2000-04-04,'600814,杭州解百,12.0,13.1,11.98,13.1,13.09,-1.09,-8.327,6.922,4364983,54496417.0,1898963352.0,756719964.0
2000-04-03,'600814,杭州解百,13.09,13.12,12.5,12.5,12.44,0.65,5.2251,5.8017,3658561,47176634.0,2071452523.14,825455360.73
2000-03-31,'600814,杭州解百,12.44,12.49,11.6,11.65,11.68,0.76,6.5068,5.2734,3325436,39965846.0,1968592008.24,784466362.68
2000-03-30,'600814,杭州解百,11.68,11.96,11.25,11.25,11.25,0.43,3.8222,4.7882,3019453,35277539.0,1848324329.28,736540764.96
2000-03-29,'600814,杭州解百,11.25,11.58,10.82,11.25,11.25,0.0,0.0,6.7001,4225064,47506379.0,1780278142.5,709424966.25
2000-03-28,'600814,杭州解百,11.25,11.68,10.98,11.2,11.02,0.23,2.0871,6.9045,4353949,48894504.0,1780278142.5,709424966.25
2000-03-27,'600814,杭州解百,11.02,11.17,10.28,10.28,10.15,0.87,8.5714,8.6107,5429927,59569210.0,1743881344.92,694921166.94
2000-03-24,'600814,杭州解百,10.15,11.0,10.05,10.5,10.32,-0.17,-1.6473,15.841,9989365,105903423.0,1606206501.9,640058969.55
2000-03-23,'600814,杭州解百,10.32,10.37,9.5,9.5,9.43,0.89,9.438,16.1377,10176448,103472708.0,1633108482.72,650779169.04
2000-03-22,'600814,杭州解百,9.43,9.68,9.14,9.3,9.3,0.13,1.3978,3.8096,2402324,22596168.0,1492268700.78,594655771.71
2000-03-21,'600814,杭州解百,9.3,9.4,9.13,9.35,9.35,-0.05,-0.5348,2.3563,1485903,13708599.0,1471696597.8,586457972.1
2000-03-20,'600814,杭州解百,9.35,9.58,8.8,8.95,8.99,0.36,4.0044,4.5933,2896518,26848699.0,1479608945.1,589610971.95
2000-03-17,'600814,杭州解百,8.99,9.18,8.35,8.41,8.41,0.58,6.8966,4.5649,2878641,25575637.0,1422640044.54,566909373.03
2000-03-16,'600814,杭州解百,8.41,8.73,8.29,8.5,8.5,-0.09,-1.0588,2.096,1321745,11276047.0,1330856815.86,530334574.77
2000-03-15,'600814,杭州解百,8.5,8.55,8.36,8.45,8.5,0.0,0.0,1.8878,1190424,10045817.0,1345099041.0,536009974.5
2000-03-14,'600814,杭州解百,8.5,8.57,8.1,8.5,8.7,-0.2,-2.2989,2.2087,1392814,11628560.0,1345099041.0,536009974.5
2000-03-13,'600814,杭州解百,8.7,8.75,8.6,8.6,8.6,0.1,1.1628,1.1926,752048,6513550.0,1376748430.2,548621973.9
2000-03-10,'600814,杭州解百,8.6,8.96,8.58,8.86,8.9,-0.3,-3.3708,1.7103,1078542,9417855.0,1360923735.6,542315974.2
2000-03-09,'600814,杭州解百,8.9,9.1,8.75,8.88,8.85,0.05,0.565,2.1346,1346049,12023213.0,1408397819.4,561233973.3
2000-03-08,'600814,杭州解百,8.85,8.95,8.63,8.91,8.75,0.1,1.1429,1.875,1182363,10382334.0,1400485472.1,558080973.45
2000-03-07,'600814,杭州解百,8.75,8.75,8.41,8.48,8.41,0.34,4.0428,1.5654,987157,8444038.0,1384660777.5,551774973.75
2000-03-06,'600814,杭州解百,8.41,9.2,8.41,9.18,9.05,-0.64,-7.0718,2.9055,1832220,16098561.0,1330856815.86,530334574.77
2000-03-03,'600814,杭州解百,9.05,9.18,8.88,8.99,8.89,0.16,1.7998,3.5987,2269346,20538258.0,1432134861.3,570692972.85
2000-03-02,'600814,杭州解百,8.89,9.0,8.61,8.64,8.65,0.24,2.7746,2.2211,1400621,12346897.0,1406815349.94,560603373.33
2000-03-01,'600814,杭州解百,8.65,8.85,8.5,8.5,8.65,0.0,0.0,1.998,1259915,10946838.0,1368836082.9,545468974.05
2000-02-29,'600814,杭州解百,8.65,8.8,8.22,8.51,8.49,0.16,1.8846,2.6457,1668368,14111801.0,1368836082.9,545468974.05
2000-02-28,'600814,杭州解百,8.49,8.59,8.11,8.14,8.15,0.34,4.1718,2.0544,1295500,10855582.0,1343516571.54,535379374.53
2000-02-25,'600814,杭州解百,8.15,8.45,8.05,8.24,8.25,-0.1,-1.2121,1.4151,892351,7348978.0,1289712609.9,513938975.55
2000-02-24,'600814,杭州解百,8.25,8.25,8.0,8.03,8.07,0.18,2.2305,1.4131,891087,7240365.0,1305537304.5,520244975.25
2000-02-23,'600814,杭州解百,8.07,8.4,8.01,8.4,8.48,-0.41,-4.8349,2.721,1715845,13961015.0,1277052854.22,508894175.79
2000-02-22,'600814,杭州解百,8.48,8.99,8.4,8.8,8.83,-0.35,-3.9638,2.2344,1409025,12345384.0,1341934102.08,534748774.56
2000-02-21,'600814,杭州解百,8.83,9.54,8.5,9.5,9.39,-0.56,-5.9638,3.5443,2235018,20168236.0,1397320533.18,556819773.51
2000-02-18,'600814,杭州解百,9.39,9.4,8.5,8.93,8.92,0.47,5.2691,2.6517,1672160,15068787.0,1485938822.94,592133371.83
2000-02-17,'600814,杭州解百,8.92,10.73,8.8,10.6,9.75,-0.83,-8.5128,11.3771,7174428,71281123.0,1411562758.32,562495173.24
2000-02-16,'600814,杭州解百,9.75,9.75,8.88,8.9,8.86,0.89,10.0451,7.2152,4549881,41863738.0,1542907723.5,614834970.75
2000-02-15,'600814,杭州解百,8.86,9.48,8.52,8.62,8.62,0.24,2.7842,8.7571,5522225,50878538.0,1402067941.56,558711573.42
2000-02-14,'600814,杭州解百,8.62,8.67,8.11,8.18,7.89,0.73,9.2522,3.6366,2293219,19394381.0,1364088674.52,543577174.14
2000-01-28,'600814,杭州解百,7.89,8.1,7.68,7.7,7.68,0.21,2.7344,1.9282,1215928,9580507.0,1248568403.94,497543376.33
2000-01-27,'600814,杭州解百,7.68,7.89,7.65,7.73,7.74,-0.06,-0.7752,1.7028,1073806,8323094.0,1215336545.28,484300776.96
2000-01-26,'600814,杭州解百,7.74,7.96,7.68,7.85,7.86,-0.12,-1.5267,1.0149,640007,4949807.0,1224831362.04,488084376.78
2000-01-25,'600814,杭州解百,7.86,8.2,7.82,7.91,7.94,-0.08,-1.0076,1.2758,804501,6434228.0,1243820995.56,495651576.42
2000-01-24,'600814,杭州解百,7.94,8.1,7.66,8.1,8.06,-0.12,-1.4888,1.8775,1183957,9279720.0,1256480751.24,500696376.18
2000-01-21,'600814,杭州解百,8.06,8.4,8.01,8.3,8.3,-0.24,-2.8916,2.2228,1401698,11500787.0,1275470384.76,508263575.82
2000-01-20,'600814,杭州解百,8.3,8.36,8.05,8.27,8.28,0.02,0.2415,1.8026,1136736,9373364.0,1313449651.8,523397975.1
2000-01-19,'600814,杭州解百,8.28,8.36,7.88,7.96,8.08,0.2,2.4752,2.5586,1613429,13136077.0,1310284712.88,522136775.16
2000-01-18,'600814,杭州解百,8.08,8.4,7.88,7.96,7.92,0.16,2.0202,6.8144,4297168,35154837.0,1278635323.68,509524775.76
2000-01-17,'600814,杭州解百,7.92,7.95,7.32,7.48,7.5,0.42,5.6,2.3725,1496076,11446973.0,1253315812.32,499435176.24
2000-01-14,'600814,杭州解百,7.5,7.73,7.23,7.68,7.67,-0.17,-2.2164,1.8074,1139723,8488902.0,1186852095.0,472949977.5
2000-01-13,'600814,杭州解百,7.67,8.08,7.62,8.08,8.1,-0.43,-5.3086,1.7313,1091789,8467718.0,1213754075.82,483670176.99
2000-01-12,'600814,杭州解百,8.1,8.23,7.37,7.41,7.48,0.62,8.2888,5.7989,3656767,28756987.0,1281800262.6,510785975.7
2000-01-11,'600814,杭州解百,7.48,7.96,7.38,7.91,7.91,-0.43,-5.4362,1.2006,757124,5806463.0,1183687156.08,471688777.56
2000-01-10,'600814,杭州解百,7.91,8.0,7.59,7.87,7.8,0.11,1.4103,1.6398,1034044,8031746.0,1251733342.86,498804576.27
2000-01-07,'600814,杭州解百,7.8,7.98,7.38,7.38,7.34,0.46,6.267,1.9409,1223934,9326778.0,1234326178.8,491867976.6
2000-01-06,'600814,杭州解百,7.34,7.35,7.01,7.08,7.01,0.33,4.7076,1.24,781916,5598067.0,1161532583.64,462860377.98
2000-01-05,'600814,杭州解百,7.01,7.25,7.01,7.14,7.14,-0.13,-1.8207,0.5518,347958,2495777.0,1109311091.46,442050578.97
2000-01-04,'600814,杭州解百,7.14,7.18,6.93,7.1,6.95,0.19,2.7338,0.3492,220195,1561494.0,1129883194.44,450248378.58
1999-12-30,'600814,杭州解百,6.95,6.99,6.85,6.91,6.9,0.05,0.7246,0.0909,57312,397120.0,1099816274.7,438266979.15
1999-12-29,'600814,杭州解百,6.9,6.93,6.74,6.78,6.75,0.15,2.2222,0.3447,217373,1487578.0,1091903927.4,435113979.3
1999-12-28,'600814,杭州解百,6.75,6.96,6.72,6.85,6.85,-0.1,-1.4599,0.3392,213909,1460510.0,1068166885.5,425654979.75
1999-12-27,'600814,杭州解百,6.85,7.06,6.83,7.0,7.0,-0.15,-2.1429,0.206,129900,902806.0,1083991580.1,431960979.45
1999-12-24,'600814,杭州解百,7.0,7.11,6.96,7.06,7.06,-0.06,-0.8499,0.2349,148148,1047386.0,1107728622.0,441419979.0
1999-12-23,'600814,杭州解百,7.06,7.21,6.9,7.21,7.23,-0.17,-2.3513,0.564,355660,2520348.0,1117223438.76,445203578.82
1999-12-22,'600814,杭州解百,7.23,7.45,7.23,7.45,7.43,-0.2,-2.6918,0.3275,206500,1511131.0,1144125419.58,455923778.31
1999-12-21,'600814,杭州解百,7.43,7.65,7.38,7.65,7.69,-0.26,-3.381,0.3724,234820,1751265.0,1175774808.78,468535777.71
1999-12-17,'600814,杭州解百,7.69,7.84,7.66,7.72,7.78,-0.09,-1.1568,0.1885,118855,915022.0,1216919014.74,484931376.93
1999-12-16,'600814,杭州解百,7.78,7.9,7.69,7.9,7.9,-0.12,-1.519,0.4214,265763,2057152.0,1231161239.88,490606776.66
1999-12-15,'600814,杭州解百,7.9,7.95,7.71,7.73,7.73,0.17,2.1992,0.4432,279508,2197082.0,1250150873.4,498173976.3
1999-12-14,'600814,杭州解百,7.73,7.88,7.68,7.82,7.87,-0.14,-1.7789,0.3624,228501,1767235.0,1223248892.58,487453776.81
1999-12-13,'600814,杭州解百,7.87,8.02,7.8,8.02,7.98,-0.11,-1.3784,0.2611,164640,1305711.0,1245403465.02,496282176.39
1999-12-10,'600814,杭州解百,7.98,8.0,7.85,7.9,7.94,0.04,0.5038,0.1717,108303,860662.0,1262810629.08,503218776.06
1999-12-09,'600814,杭州解百,7.94,7.99,7.84,7.85,7.88,0.06,0.7614,0.1384,87284,692133.0,1256480751.24,500696376.18
1999-12-08,'600814,杭州解百,7.88,8.0,7.81,8.0,8.0,-0.12,-1.5,0.3782,238503,1889586.0,1246985934.48,496912776.36
1999-12-07,'600814,杭州解百,8.0,8.22,7.96,8.1,8.1,-0.1,-1.2346,0.2926,184500,1487334.0,1265975568.0,504479976.0
1999-12-06,'600814,杭州解百,8.1,8.22,8.08,8.2,8.14,-0.04,-0.4914,0.3687,232505,1890781.0,1281800262.6,510785975.7
1999-12-03,'600814,杭州解百,8.14,8.22,8.01,8.07,8.13,0.01,0.123,0.5515,347750,2823215.0,1288130140.44,513308375.58
1999-12-02,'600814,杭州解百,8.13,8.25,8.05,8.07,8.05,0.08,0.9938,1.2157,766642,6260305.0,1286547670.98,512677775.61
1999-12-01,'600814,杭州解百,8.05,8.1,7.88,7.88,7.94,0.11,1.3854,0.7919,499401,4008811.0,1273887915.3,507632975.85
1999-11-30,'600814,杭州解百,7.94,8.0,7.7,7.7,7.75,0.19,2.4516,0.2587,163147,1289464.0,1256480751.24,500696376.18
1999-11-29,'600814,杭州解百,7.75,7.79,7.68,7.75,7.71,0.04,0.5188,0.301,189800,1463866.0,1226413831.5,488714976.75
1999-11-26,'600814,杭州解百,7.71,7.89,7.7,7.7,7.7,0.01,0.1299,0.2773,174896,1356759.0,1220083953.66,486192576.87
1999-11-25,'600814,杭州解百,7.7,7.88,7.69,7.8,7.9,-0.2,-2.5316,0.2263,142708,1105890.0,1218501484.2,485561976.9
1999-11-24,'600814,杭州解百,7.9,8.05,7.9,8.05,8.04,-0.14,-1.7413,0.2376,149833,1195018.0,1250150873.4,498173976.3
1999-11-23,'600814,杭州解百,8.04,8.08,7.83,7.92,7.93,0.11,1.3871,0.5008,315812,2523248.0,1272305445.84,507002375.88
1999-11-22,'600814,杭州解百,7.93,7.95,7.64,7.72,7.69,0.24,3.1209,0.4095,258214,2015717.0,1254898281.78,500065776.21
1999-11-19,'600814,杭州解百,7.69,7.95,7.6,7.92,7.9,-0.21,-2.6582,0.33,208106,1621903.0,1216919014.74,484931376.93
1999-11-18,'600814,杭州解百,7.9,7.97,7.51,7.7,7.7,0.2,2.5974,0.546,344332,2711202.0,1250150873.4,498173976.3
1999-11-17,'600814,杭州解百,7.7,7.81,7.42,7.42,7.56,0.14,1.8519,0.3069,193537,1465558.0,1218501484.2,485561976.9
1999-11-16,'600814,杭州解百,7.56,7.85,7.5,7.81,7.7,-0.14,-1.8182,0.3195,201470,1533009.0,1196346911.76,476733577.32
1999-11-15,'600814,杭州解百,7.7,7.75,7.6,7.75,7.72,-0.02,-0.2591,0.2818,177700,1361076.0,1218501484.2,485561976.9
1999-11-12,'600814,杭州解百,7.72,7.9,7.65,7.9,7.72,0.0,0.0,0.1561,98434,761628.0,1221666423.12,486823176.84
1999-11-11,'600814,杭州解百,7.72,7.95,7.61,7.7,7.73,-0.01,-0.1294,0.2218,139867,1081930.0,1221666423.12,486823176.84
1999-11-10,'600814,杭州解百,7.73,7.9,7.68,7.9,7.96,-0.23,-2.8894,0.3571,225200,1741304.0,1223248892.58,487453776.81
1999-11-09,'600814,杭州解百,7.96,8.19,7.92,8.15,8.12,-0.16,-1.9704,0.2481,156470,1253076.0,1259645690.16,501957576.12
1999-11-08,'600814,杭州解百,8.12,8.13,7.77,7.77,7.82,0.3,3.8363,0.6546,412792,3279186.0,1284965201.52,512047175.64
1999-11-05,'600814,杭州解百,7.82,7.92,7.7,7.7,7.75,0.07,0.9032,0.1772,111761,871493.0,1237491117.72,493129176.54
1999-11-04,'600814,杭州解百,7.75,7.92,7.53,7.7,7.88,-0.13,-1.6497,0.1722,108600,841000.0,1226413831.5,488714976.75
1999-11-03,'600814,杭州解百,7.88,7.91,7.7,7.84,7.84,0.04,0.5102,0.3143,198170,1542499.0,1246985934.48,496912776.36
1999-11-02,'600814,杭州解百,7.84,8.0,7.8,7.84,7.84,0.0,0.0,0.1638,103280,813195.0,1240656056.64,494390376.48
1999-11-01,'600814,杭州解百,7.84,8.01,7.8,7.96,7.95,-0.11,-1.3836,0.2634,166100,1300542.0,1240656056.64,494390376.48
1999-10-29,'600814,杭州解百,7.95,8.12,7.88,8.0,8.0,-0.05,-0.625,0.2912,183640,1458610.0,1258063220.7,501326976.15
1999-10-28,'600814,杭州解百,8.0,8.15,7.96,8.1,8.1,-0.1,-1.2346,0.3586,226138,1811212.0,1265975568.0,504479976.0
1999-10-27,'600814,杭州解百,8.1,8.18,7.97,8.02,7.81,0.29,3.7132,0.562,354372,2864056.0,1281800262.6,510785975.7
1999-10-26,'600814,杭州解百,7.81,7.9,7.75,7.75,7.72,0.09,1.1658,0.1451,91515,715226.0,1235908648.26,492498576.57
1999-10-25,'600814,杭州解百,7.72,7.9,7.72,7.9,7.88,-0.16,-2.0305,0.2118,133543,1039007.0,1221666423.12,486823176.84
1999-10-22,'600814,杭州解百,7.88,8.02,7.68,7.68,7.7,0.18,2.3377,0.4648,293092,2306121.0,1246985934.48,496912776.36
1999-10-21,'600814,杭州解百,7.7,8.0,7.7,8.0,8.0,-0.3,-3.75,0.5033,317386,2465930.0,1218501484.2,485561976.9
1999-10-20,'600814,杭州解百,8.0,8.02,7.81,7.91,7.95,0.05,0.6289,0.2579,162651,1292778.0,1265975568.0,504479976.0
1999-10-19,'600814,杭州解百,7.95,8.21,7.95,8.2,8.28,-0.33,-3.9855,0.4595,289737,2328238.0,1258063220.7,501326976.15
1999-10-18,'600814,杭州解百,8.28,8.6,8.2,8.6,8.56,-0.28,-3.271,0.2085,131500,1099069.0,1310284712.88,522136775.16
1999-10-15,'600814,杭州解百,8.56,8.58,8.38,8.45,8.36,0.2,2.3923,0.3139,197930,1686340.0,1354593857.76,539793574.32
1999-10-14,'600814,杭州解百,8.36,8.5,8.2,8.21,8.29,0.07,0.8444,0.1993,125680,1054549.0,1322944468.56,527181574.92
1999-10-13,'600814,杭州解百,8.29,8.48,8.25,8.48,8.41,-0.12,-1.4269,0.2555,161105,1338336.0,1311867182.34,522767375.13
1999-10-12,'600814,杭州解百,8.41,8.43,8.21,8.4,8.3,0.11,1.3253,0.1395,87987,736057.0,1330856815.86,530334574.77
1999-10-11,'600814,杭州解百,8.3,8.42,8.12,8.3,8.3,0.0,0.0,0.2584,162971,1353721.0,1313449651.8,523397975.1
1999-10-08,'600814,杭州解百,8.3,8.65,8.3,8.65,8.65,-0.35,-4.0462,0.4312,271929,2279452.0,1313449651.8,523397975.1
1999-09-30,'600814,杭州解百,8.65,8.86,8.64,8.85,8.82,-0.17,-1.9274,0.3741,235900,2055750.0,1368836082.9,545468974.05
1999-09-29,'600814,杭州解百,8.82,9.0,8.8,8.9,8.9,-0.08,-0.8989,0.2598,163840,1452843.0,1395738063.72,556189173.54
1999-09-28,'600814,杭州解百,8.9,9.12,8.8,8.99,8.95,-0.05,-0.5587,0.2897,182665,1631065.0,1408397819.4,561233973.3
1999-09-27,'600814,杭州解百,8.95,9.11,8.92,9.11,9.1,-0.15,-1.6484,0.2879,181527,1633253.0,1416310166.7,564386973.15
1999-09-24,'600814,杭州解百,9.1,9.16,8.98,9.0,8.95,0.15,1.676,0.3375,212821,1923055.0,1440047208.6,573845972.7
1999-09-23,'600814,杭州解百,8.95,9.13,8.9,9.08,9.02,-0.07,-0.7761,0.6249,394043,3553772.0,1416310166.7,564386973.15
1999-09-22,'600814,杭州解百,9.02,9.14,8.9,8.9,8.91,0.11,1.2346,0.4966,313137,2824019.0,1427387452.92,568801172.94
1999-09-21,'600814,杭州解百,8.91,9.02,8.85,9.02,9.02,-0.11,-1.2195,0.5915,373030,3329381.0,1409980288.86,561864573.27
1999-09-20,'600814,杭州解百,9.02,9.23,9.0,9.23,9.22,-0.2,-2.1692,0.8798,554780,5027875.0,1427387452.92,568801172.94
1999-09-17,'600814,杭州解百,9.22,9.35,9.14,9.2,9.18,0.04,0.4357,1.1614,732356,6743505.0,1459036842.12,581413172.34
1999-09-16,'600814,杭州解百,9.18,9.51,9.12,9.5,9.47,-0.29,-3.0623,1.6931,1067700,9926195.0,1452706964.28,578890772.46
1999-09-15,'600814,杭州解百,9.47,9.85,9.4,9.82,9.8,-0.33,-3.3673,1.7312,1091713,10406977.0,1498598578.62,597178171.59
1999-09-14,'600814,杭州解百,9.8,9.8,9.48,9.7,9.6,0.2,2.0833,2.1505,1356078,13073354.0,1550820070.8,617987970.6
1999-09-13,'600814,杭州解百,9.6,9.71,9.48,9.71,9.7,-0.1,-1.0309,1.4295,901431,8585183.0,1519170681.6,605375971.2
1999-09-10,'600814,杭州解百,9.7,10.02,9.57,9.99,9.96,-0.26,-2.6104,2.0698,1305245,12667842.0,1534995376.2,611681970.9
1999-09-09,'600814,杭州解百,9.96,9.98,9.65,9.65,9.58,0.38,3.9666,1.0348,652528,6457934.0,1576139582.16,628077570.12
1999-09-08,'600814,杭州解百,9.58,9.65,9.48,9.65,9.58,0.0,0.0,0.3771,237770,2277279.0,1516005742.68,604114771.26
1999-09-07,'600814,杭州解百,9.58,9.68,9.41,9.44,9.44,0.14,1.4831,0.3658,230671,2203677.0,1516005742.68,604114771.26
1999-09-06,'600814,杭州解百,9.44,9.51,9.3,9.38,9.44,0.0,0.0,0.3221,203113,1918586.0,1493851170.24,595286371.68
1999-09-03,'600814,杭州解百,9.44,9.65,9.35,9.5,9.6,-0.16,-1.6667,0.564,355640,3362060.0,1493851170.24,595286371.68
1999-09-02,'600814,杭州解百,9.6,9.65,9.35,9.5,9.52,0.08,0.8403,0.9188,579390,5484567.0,1519170681.6,605375971.2
1999-09-01,'600814,杭州解百,9.52,9.8,9.4,9.8,9.78,-0.26,-2.6585,1.0382,654692,6271092.0,1506510925.92,600331171.44
1999-08-31,'600814,杭州解百,9.78,9.9,9.6,9.8,9.7,0.08,0.8247,0.7144,450470,4385939.0,1547655131.88,616726770.66
1999-08-30,'600814,杭州解百,9.7,10.06,9.65,10.0,10.06,-0.36,-3.5785,0.9892,623800,6158190.0,1534995376.2,611681970.9
1999-08-27,'600814,杭州解百,10.06,10.4,10.05,10.4,10.23,-0.17,-1.6618,0.8278,522011,5305571.0,1591964276.76,634383569.82
1999-08-26,'600814,杭州解百,10.23,10.23,9.8,9.85,9.99,0.24,2.4024,1.2327,777365,7740896.0,1618866257.58,645103769.31
1999-08-25,'600814,杭州解百,9.99,10.3,9.96,10.26,10.25,-0.26,-2.5366,1.3824,871741,8748631.0,1580886990.54,629969370.03
1999-08-24,'600814,杭州解百,10.25,10.5,10.08,10.45,10.36,-0.11,-1.0618,1.5601,983830,10053394.0,1622031196.5,646364969.25
1999-08-23,'600814,杭州解百,10.36,10.38,9.97,10.08,9.99,0.37,3.7037,2.4062,1517363,15541313.0,1639438360.56,653301568.92
1999-08-20,'600814,杭州解百,9.99,10.19,9.8,10.01,9.9,0.09,0.9091,1.7116,1079352,10789743.0,1580886990.54,629969370.03
1999-08-19,'600814,杭州解百,9.9,9.95,9.53,9.53,9.53,0.37,3.8825,1.7663,1113801,10978511.0,1566644765.4,624293970.3
1999-08-18,'600814,杭州解百,9.53,9.54,9.32,9.36,9.45,0.08,0.8466,0.481,303331,2856523.0,1508093395.38,600961771.41
1999-08-17,'600814,杭州解百,9.45,9.9,9.33,9.33,9.32,0.13,1.3948,0.9193,579698,5528684.0,1495433639.7,595916971.65
1999-08-16,'600814,杭州解百,9.32,9.62,9.3,9.6,9.6,-0.28,-2.9167,0.6767,426740,4014844.0,1474861536.72,587719172.04
1999-08-13,'600814,杭州解百,9.6,9.68,9.51,9.6,9.6,0.0,0.0,0.7094,447357,4299450.0,1519170681.6,605375971.2
1999-08-12,'600814,杭州解百,9.6,9.74,9.45,9.55,9.52,0.08,0.8403,0.9179,578848,5532520.0,1519170681.6,605375971.2
1999-08-11,'600814,杭州解百,9.52,9.94,9.45,9.86,9.9,-0.38,-3.8384,1.9313,1217908,11691629.0,1506510925.92,600331171.44
1999-08-10,'600814,杭州解百,9.9,10.35,9.85,10.0,10.26,-0.36,-3.5088,2.5977,1638137,16381977.0,1566644765.4,624293970.3
1999-08-09,'600814,杭州解百,10.26,10.6,9.7,9.7,9.71,0.55,5.6643,6.1051,3849869,39826468.0,1623613665.96,646995569.22
1999-08-06,'600814,杭州解百,9.71,9.9,9.15,9.65,9.68,0.03,0.3099,3.2879,2073353,19630867.0,1536577845.66,612312570.87
1999-08-05,'600814,杭州解百,9.68,9.98,9.38,9.38,9.59,0.09,0.9385,2.2999,1450323,14194983.0,1531830437.28,610420770.96
1999-08-04,'600814,杭州解百,9.59,9.69,9.41,9.56,9.56,0.03,0.3138,1.4444,910829,8695969.0,1517588212.14,604745371.23
1999-08-03,'600814,杭州解百,9.56,9.73,9.43,9.63,9.54,0.02,0.2096,1.517,956631,9132102.0,1512840803.76,602853571.32
1999-08-02,'600814,杭州解百,9.54,9.85,9.4,9.6,9.5,0.04,0.4211,2.3157,1460258,14149489.0,1509675864.84,601592371.38
1999-07-30,'600814,杭州解百,9.5,9.8,9.35,9.74,9.66,-0.16,-1.6563,1.7404,1097517,10431460.0,1503345987.0,599069971.5
1999-07-29,'600814,杭州解百,9.66,9.78,9.47,9.47,9.3,0.36,3.871,4.1683,2628535,25340005.0,1528665498.36,609159571.02
1999-07-28,'600814,杭州解百,9.3,9.6,9.2,9.38,9.48,-0.18,-1.8987,5.4427,3432165,32312795.0,1471696597.8,586457972.1
1999-07-27,'600814,杭州解百,9.48,9.49,8.34,8.65,8.65,0.83,9.5954,4.3973,2772968,24942798.0,1500181048.08,597808771.56
1999-07-26,'600814,杭州解百,8.65,8.78,8.51,8.6,8.63,0.02,0.2317,1.5304,965044,8370446.0,1368836082.9,545468974.05
1999-07-23,'600814,杭州解百,8.63,8.74,8.18,8.22,8.22,0.41,4.9878,1.8907,1192246,10059512.0,1365671143.98,544207774.11
1999-07-22,'600814,杭州解百,8.22,8.8,8.18,8.8,8.84,-0.62,-7.0136,2.3441,1478202,12424957.0,1300789896.12,518353175.34
1999-07-21,'600814,杭州解百,8.84,8.96,8.41,8.65,8.68,0.16,1.8433,3.3046,2083908,18081660.0,1398903002.64,557450373.48
1999-07-20,'600814,杭州解百,8.68,8.68,7.9,7.93,8.0,0.68,8.5,2.416,1523530,12689314.0,1373583491.28,547360773.96
1999-07-19,'600814,杭州解百,8.0,8.52,8.0,8.52,8.66,-0.66,-7.6212,2.2141,1396197,11449165.0,1265975568.0,504479976.0
1999-07-16,'600814,杭州解百,8.66,9.18,8.6,9.18,9.18,-0.52,-5.6645,2.8347,1787551,15666703.0,1370418552.36,546099574.02
1999-07-15,'600814,杭州解百,9.18,9.6,9.0,9.07,9.0,0.18,2.0,2.4077,1518277,14229755.0,1452706964.28,578890772.46
1999-07-14,'600814,杭州解百,9.0,9.28,8.75,9.01,9.0,0.0,0.0,2.5394,1601340,14376899.0,1424222514.0,567539973.0
1999-07-13,'600814,杭州解百,9.0,9.4,8.98,9.4,9.5,-0.5,-5.2632,2.7057,1706214,15570135.0,1424222514.0,567539973.0
1999-07-12,'600814,杭州解百,9.5,9.88,9.3,9.88,9.88,-0.38,-3.8462,2.5785,1625990,15513421.0,1503345987.0,599069971.5
1999-07-09,'600814,杭州解百,9.88,10.15,9.8,10.1,10.17,-0.29,-2.8515,2.3507,1482340,14695368.0,1563479826.48,623032770.36
1999-07-08,'600814,杭州解百,10.17,10.48,10.01,10.4,10.23,-0.06,-0.5865,2.3924,1508633,15408125.0,1609371440.82,641320169.49
1999-07-07,'600814,杭州解百,10.23,10.29,9.79,9.94,9.98,0.25,2.505,3.006,1895594,19048251.0,1618866257.58,645103769.31
1999-07-06,'600814,杭州解百,9.98,10.85,9.76,10.85,10.75,-0.77,-7.1628,4.6051,2903953,29599713.0,1579304521.08,629338770.06
1999-07-05,'600814,杭州解百,10.75,11.2,10.54,11.0,10.23,0.52,5.0831,13.4507,8482021,92200958.0,1701154669.5,677894967.75
1999-07-02,'600814,杭州解百,10.23,10.23,9.35,9.75,9.3,0.93,10.0,9.2876,5856767,58455015.0,1618866257.58,645103769.31
1999-07-01,'600814,杭州解百,9.3,10.6,9.01,9.83,9.99,-0.69,-6.9069,10.2706,6476634,64716525.0,1471696597.8,586457972.1
1999-06-30,'600814,杭州解百,9.99,10.9,9.55,10.0,10.07,-0.08,-0.7944,13.399,8449401,87247498.0,1580886990.54,629969370.03
1999-06-29,'600814,杭州解百,10.07,10.07,8.7,9.28,9.15,0.92,10.0546,8.8294,5567835,51626786.0,1593546746.22,635014169.79
1999-06-28,'600814,杭州解百,9.15,9.36,8.5,8.6,8.58,0.57,6.6434,6.3474,4002676,35688080.0,1447959555.9,576998972.55
1999-06-25,'600814,杭州解百,8.58,9.6,8.49,9.48,9.43,-0.85,-9.0138,8.1213,5121309,46650129.0,1357758796.68,541054774.26
1999-06-24,'600814,杭州解百,9.43,9.77,9.26,9.6,9.6,-0.17,-1.7708,6.3177,3983934,37625669.0,1492268700.78,594655771.71
1999-06-23,'600814,杭州解百,9.6,9.71,9.22,9.61,9.61,-0.01,-0.1041,9.246,5830513,55078347.0,1519170681.6,605375971.2
1999-06-22,'600814,杭州解百,9.61,9.61,8.6,8.8,8.74,0.87,9.9542,14.2231,8969074,83846490.0,1520753151.06,606006571.17
1999-06-21,'600814,杭州解百,8.74,8.8,8.2,8.31,8.25,0.49,5.9394,7.6856,4846556,41732169.0,1383078308.04,551144373.78
1999-06-18,'600814,杭州解百,8.25,8.52,8.0,8.3,8.3,-0.05,-0.6024,5.0821,3204777,26433504.0,1305537304.5,520244975.25
1999-06-17,'600814,杭州解百,8.3,8.5,8.08,8.49,8.39,-0.09,-1.0727,4.9144,3099033,25402367.0,1313449651.8,523397975.1
1999-06-16,'600814,杭州解百,8.39,8.4,7.95,8.15,8.08,0.31,3.8366,4.3074,2716228,22057591.0,1327691876.94,529073374.83
1999-06-15,'600814,杭州解百,8.08,8.88,7.91,8.8,8.56,-0.48,-5.6075,6.5495,4130091,35083910.0,1278635323.68,509524775.76
1999-06-14,'600814,杭州解百,8.56,8.8,8.4,8.4,8.36,0.2,2.3923,5.9105,3727157,32102134.0,1354593857.76,539793574.32
1999-06-11,'600814,杭州解百,8.36,8.57,8.26,8.4,8.48,-0.12,-1.4151,3.5408,2232850,18766138.0,1322944468.56,527181574.92
1999-06-10,'600814,杭州解百,8.48,8.9,8.4,8.85,8.65,-0.17,-1.9653,9.5658,6032221,52266863.0,1341934102.08,534748774.56
1999-06-09,'600814,杭州解百,8.65,8.68,8.09,8.26,8.2,0.45,5.4878,7.2334,4561391,38229063.0,1368836082.9,545468974.05
1999-06-08,'600814,杭州解百,8.2,8.2,7.8,8.11,8.0,0.2,2.5,4.0767,2570744,20474115.0,1297624957.2,517091975.4
1999-06-07,'600814,杭州解百,8.0,8.03,7.69,7.94,7.92,0.08,1.0101,3.9507,2491317,19598424.0,1265975568.0,504479976.0
1999-06-04,'600814,杭州解百,7.92,8.02,7.61,7.8,7.76,0.16,2.0619,3.6684,2313321,18138555.0,1253315812.32,499435176.24
1999-06-03,'600814,杭州解百,7.76,8.0,7.65,7.98,8.0,-0.24,-3.0,4.5425,2864476,22276075.0,1227996300.96,489345576.72
1999-06-02,'600814,杭州解百,8.0,8.81,7.98,8.5,8.41,-0.41,-4.8751,9.751,6149009,51157585.0,1265975568.0,504479976.0
1999-06-01,'600814,杭州解百,8.41,8.57,7.9,8.15,8.15,0.26,3.1902,7.899,4981090,41653292.0,1330856815.86,530334574.77
1999-05-31,'600814,杭州解百,8.15,8.38,7.66,7.95,7.95,0.2,2.5157,5.74,3619673,28962392.0,1289712609.9,513938975.55
1999-05-28,'600814,杭州解百,7.95,8.3,7.85,8.2,8.22,-0.27,-3.2847,6.4034,4038011,32421907.0,1258063220.7,501326976.15
1999-05-27,'600814,杭州解百,8.22,8.8,8.05,8.6,8.29,-0.07,-0.8444,12.5103,7889003,66484372.0,1300789896.12,518353175.34
1999-05-26,'600814,杭州解百,8.29,8.29,7.55,7.55,7.54,0.75,9.9469,15.9399,10051704,81428514.0,1311867182.34,522767375.13
1999-05-25,'600814,杭州解百,7.54,8.1,7.5,7.65,7.67,-0.13,-1.6949,10.6724,6730000,52983235.0,1193181972.84,475472377.38
1999-05-24,'600814,杭州解百,7.67,7.86,7.35,7.78,7.78,-0.11,-1.4139,8.3249,5249651,39787175.0,1213754075.82,483670176.99
1999-05-21,'600814,杭州解百,7.78,8.14,7.6,7.7,7.56,0.22,2.9101,10.2517,6464740,50724232.0,1231161239.88,490606776.66
1999-05-20,'600814,杭州解百,7.56,7.68,7.05,7.35,7.37,0.19,2.578,7.2128,4548378,34003572.0,1196346911.76,476733577.32
1999-05-19,'600814,杭州解百,7.37,7.4,6.8,7.07,7.1,0.27,3.8028,6.7167,4235567,30194132.0,1166279992.02,464752177.89
1999-05-18,'600814,杭州解百,7.1,7.48,6.98,7.47,7.47,-0.37,-4.9531,4.9866,3144547,22577344.0,1123553316.6,447725978.7
1999-05-17,'600814,杭州解百,7.47,7.57,7.2,7.21,7.4,0.07,0.9459,4.0002,2522503,18676053.0,1182104686.62,471058177.59
1999-05-14,'600814,杭州解百,7.4,7.89,7.35,7.75,7.81,-0.41,-5.2497,7.1016,4478261,33885491.0,1171027400.4,466643977.8
1999-05-13,'600814,杭州解百,7.81,8.4,7.8,8.04,8.0,-0.19,-2.375,9.2111,5808540,47519062.0,1235908648.26,492498576.57
1999-05-12,'600814,杭州解百,8.0,8.01,7.6,7.88,7.88,0.12,1.5228,4.8466,3056241,23779978.0,1265975568.0,504479976.0
1999-05-11,'600814,杭州解百,7.88,8.05,7.5,7.5,7.41,0.47,6.3428,7.6537,4826406,37839643.0,1246985934.48,496912776.36
1999-05-10,'600814,杭州解百,7.41,8.05,7.41,7.9,8.08,-0.67,-8.2921,9.3768,5912995,45492556.0,1172609869.86,467274577.77
1999-05-07,'600814,杭州解百,8.08,8.18,7.85,8.0,8.0,0.08,1.0,8.4263,5313645,42460031.0,1278635323.68,509524775.76
1999-05-06,'600814,杭州解百,8.0,8.1,7.3,7.4,7.39,0.61,8.2544,13.4927,8508470,67163897.0,1265975568.0,504479976.0
1999-05-05,'600814,杭州解百,7.39,7.6,7.21,7.35,7.47,-0.08,-1.071,8.2679,5213708,38535408.0,1169444930.94,466013377.83
1999-05-04,'600814,杭州解百,7.47,7.82,7.21,7.21,7.11,0.36,5.0633,21.7946,13743677,105399988.0,1182104686.62,471058177.59
1999-04-30,'600814,杭州解百,7.11,7.18,6.67,6.75,6.74,0.37,5.4896,3.979,2509161,17502473.0,1125135786.06,448356578.67
1999-04-29,'600814,杭州解百,6.74,6.89,6.59,6.73,6.68,0.06,0.8982,2.1247,1339829,9003846.0,1066584416.04,425024379.78
1999-04-28,'600814,杭州解百,0.0,0.0,0.0,0.0,6.68,None,None,0.0,0,0.0,1057089599.28,421240779.96
1999-04-27,'600814,杭州解百,6.68,6.95,6.58,6.86,6.93,-0.25,-3.6075,4.0795,2572526,17352535.0,1057089599.28,421240779.96
1999-04-26,'600814,杭州解百,6.93,7.37,6.86,7.3,7.21,-0.28,-3.8835,4.7009,2964359,21137576.0,1096651335.78,437005779.21
1999-04-23,'600814,杭州解百,7.21,7.3,6.84,7.09,7.06,0.15,2.1246,9.6091,6059523,43217363.0,1140960480.66,454662578.37
1999-04-22,'600814,杭州解百,7.06,7.19,6.4,6.48,6.54,0.52,7.9511,13.5818,8564712,59497894.0,1117223438.76,445203578.82
1999-04-21,'600814,杭州解百,6.54,6.73,6.4,6.48,6.42,0.12,1.8692,4.472,2820059,18723712.0,1034935026.84,412412380.38
1999-04-20,'600814,杭州解百,6.42,6.5,6.32,6.41,6.4,0.02,0.3125,0.5969,376384,2409105.0,1015945393.32,404845180.74
1999-04-19,'600814,杭州解百,6.4,6.54,6.28,6.35,6.33,0.07,1.1058,1.0924,688866,4432905.0,1012780454.4,403583980.8
1999-04-16,'600814,杭州解百,6.33,6.45,6.28,6.45,6.47,-0.14,-2.1638,1.2012,757458,4807497.0,1001703168.18,399169781.01
1999-04-15,'600814,杭州解百,6.47,6.69,6.45,6.65,6.63,-0.16,-2.4133,1.771,1116780,7303254.0,1023857740.62,407998180.59
1999-04-14,'600814,杭州解百,6.63,6.78,6.41,6.42,6.4,0.23,3.5938,6.7083,4230236,28080485.0,1049177251.98,418087780.11
1999-04-13,'600814,杭州解百,6.4,6.47,6.25,6.28,6.28,0.12,1.9108,2.0576,1297491,8304678.0,1012780454.4,403583980.8
1999-04-12,'600814,杭州解百,6.28,6.38,6.23,6.32,6.32,-0.04,-0.6329,1.1684,736809,4628356.0,993790820.88,396016781.16
1999-04-09,'600814,杭州解百,6.32,6.38,6.26,6.33,6.33,-0.01,-0.158,0.9128,575624,3634242.0,1000120698.72,398539181.04
1999-04-08,'600814,杭州解百,6.33,6.45,6.28,6.39,6.4,-0.07,-1.0938,1.0676,673221,4281755.0,1001703168.18,399169781.01
1999-04-07,'600814,杭州解百,6.4,6.48,6.3,6.48,6.46,-0.06,-0.9288,1.0512,662889,4224053.0,1012780454.4,403583980.8
1999-04-06,'600814,杭州解百,6.46,6.52,6.38,6.5,6.5,-0.04,-0.6154,0.8305,523687,3360371.0,1022275271.16,407367580.62
1999-04-05,'600814,杭州解百,6.5,6.58,6.37,6.4,6.38,0.12,1.8809,1.7545,1106357,7157885.0,1028605149.0,409889980.5
1999-04-02,'600814,杭州解百,6.38,6.45,6.3,6.32,6.32,0.06,0.9494,0.9513,599909,3824922.0,1009615515.48,402322780.86
1999-04-01,'600814,杭州解百,6.32,6.4,6.26,6.38,6.38,-0.06,-0.9404,0.6463,407571,2572627.0,1000120698.72,398539181.04
1999-03-31,'600814,杭州解百,6.38,6.39,6.22,6.3,6.31,0.07,1.1094,0.4784,301657,1894972.0,1009615515.48,402322780.86
1999-03-30,'600814,杭州解百,6.31,6.52,6.3,6.48,6.48,-0.17,-2.6235,0.8226,518720,3309771.0,998538229.26,397908581.07
1999-03-29,'600814,杭州解百,6.48,6.5,6.36,6.36,6.44,0.04,0.6211,1.1048,696708,4477495.0,1025440210.08,408628780.56
1999-03-26,'600814,杭州解百,6.44,6.45,6.25,6.29,6.28,0.16,2.5478,1.1927,752110,4772619.0,1019110332.24,406106380.68
1999-03-25,'600814,杭州解百,6.28,6.32,6.18,6.22,6.21,0.07,1.1272,0.8361,527220,3309967.0,993790820.88,396016781.16
1999-03-24,'600814,杭州解百,6.21,6.28,6.18,6.26,6.26,-0.05,-0.7987,0.7264,458098,2854542.0,982713534.66,391602581.37
1999-03-23,'600814,杭州解百,6.26,6.3,6.15,6.18,6.18,0.08,1.2945,0.7366,464506,2891398.0,990625881.96,394755581.22
1999-03-22,'600814,杭州解百,6.18,6.37,6.15,6.36,6.32,-0.14,-2.2152,1.3901,876598,5462633.0,977966126.28,389710781.46
1999-03-19,'600814,杭州解百,6.32,6.35,6.15,6.2,6.18,0.14,2.2654,1.2286,774781,4842862.0,1000120698.72,398539181.04
1999-03-18,'600814,杭州解百,6.18,6.33,6.18,6.31,6.38,-0.2,-3.1348,1.4972,944119,5892756.0,977966126.28,389710781.46
1999-03-17,'600814,杭州解百,6.38,6.58,6.2,6.52,6.5,-0.12,-1.8462,6.1897,3903206,24594488.0,1009615515.48,402322780.86
1999-03-16,'600814,杭州解百,6.5,6.6,6.39,6.58,6.59,-0.09,-1.3657,1.4232,897450,5812073.0,1028605149.0,409889980.5
1999-03-15,'600814,杭州解百,6.59,6.68,6.42,6.48,6.5,0.09,1.3846,2.2512,1419617,9280024.0,1042847374.14,415565380.23
1999-03-12,'600814,杭州解百,6.5,6.6,6.4,6.56,6.56,-0.06,-0.9146,1.6316,1028898,6667965.0,1028605149.0,409889980.5
1999-03-11,'600814,杭州解百,6.56,6.65,6.25,6.25,6.3,0.26,4.127,4.346,2740598,17899306.0,1038099965.76,413673580.32
1999-03-10,'600814,杭州解百,6.3,6.45,6.21,6.45,6.28,0.02,0.3185,0.7879,496861,3140053.0,996955759.8,397277981.1
1999-03-09,'600814,杭州解百,6.28,6.4,6.2,6.35,6.32,-0.04,-0.6329,0.78,491860,3110486.0,993790820.88,396016781.16
1999-03-08,'600814,杭州解百,6.32,6.32,6.16,6.21,6.2,0.12,1.9355,1.1002,693805,4327525.0,1000120698.72,398539181.04
1999-03-05,'600814,杭州解百,6.2,6.45,6.15,6.29,6.29,-0.09,-1.4308,1.0343,652250,4105578.0,981131065.2,390971981.4
1999-03-04,'600814,杭州解百,6.29,6.4,6.21,6.4,6.38,-0.09,-1.4107,0.9511,599790,3763238.0,995373290.34,396647381.13
1999-03-03,'600814,杭州解百,6.38,6.4,6.14,6.19,6.18,0.2,3.2362,1.7543,1106231,6974573.0,1009615515.48,402322780.86
1999-03-02,'600814,杭州解百,6.18,6.24,6.08,6.18,6.2,-0.02,-0.3226,0.7626,480900,2968045.0,977966126.28,389710781.46
1999-03-01,'600814,杭州解百,6.2,6.23,5.9,6.02,6.03,0.17,2.8192,1.0445,658636,4037304.0,981131065.2,390971981.4
1999-02-09,'600814,杭州解百,6.03,6.05,5.81,5.83,5.83,0.2,3.4305,0.5826,367388,2177309.0,954229084.38,380251781.91
1999-02-08,'600814,杭州解百,5.83,5.88,5.68,5.76,5.85,-0.02,-0.3419,0.6398,403455,2334330.0,922579695.18,367639782.51
1999-02-05,'600814,杭州解百,5.85,5.93,5.75,5.75,5.8,0.05,0.8621,0.6452,406880,2376994.0,925744634.1,368900982.45
1999-02-04,'600814,杭州解百,5.8,6.05,5.78,6.03,6.08,-0.28,-4.6053,0.4259,268593,1580773.0,917832286.8,365747982.6
1999-02-03,'600814,杭州解百,6.08,6.13,5.96,6.03,6.02,0.06,0.9967,0.4434,279578,1693159.0,962141431.68,383404781.76
1999-02-02,'600814,杭州解百,6.02,6.15,6.01,6.12,6.14,-0.12,-1.9544,0.2707,170730,1037483.0,952646614.92,379621181.94
1999-02-01,'600814,杭州解百,6.14,6.19,5.82,5.98,6.02,0.12,1.9934,0.6969,439470,2675406.0,971636248.44,387188381.58
1999-01-29,'600814,杭州解百,6.02,6.03,5.89,6.0,5.95,0.07,1.1765,0.3434,216536,1292980.0,952646614.92,379621181.94
1999-01-28,'600814,杭州解百,5.95,6.06,5.88,5.88,5.88,0.07,1.1905,0.3929,247770,1481194.0,941569328.7,375206982.15
1999-01-27,'600814,杭州解百,5.88,5.88,5.8,5.85,5.83,0.05,0.8576,0.2401,151399,882726.0,930492042.48,370792782.36
1999-01-26,'600814,杭州解百,5.83,5.96,5.8,5.96,5.84,-0.01,-0.1712,0.1966,124005,722587.0,922579695.18,367639782.51
1999-01-25,'600814,杭州解百,5.84,5.9,5.81,5.88,5.87,-0.03,-0.5111,0.3296,207868,1215909.0,924162164.64,368270382.48
1999-01-22,'600814,杭州解百,5.87,6.02,5.85,6.0,5.95,-0.08,-1.3445,0.2898,182718,1083513.0,928909573.02,370162182.39
1999-01-21,'600814,杭州解百,5.95,5.95,5.76,5.82,5.81,0.14,2.4096,0.3016,190211,1110248.0,941569328.7,375206982.15
1999-01-20,'600814,杭州解百,5.81,5.89,5.79,5.88,5.87,-0.06,-1.0221,0.1998,126005,735566.0,919414756.26,366378582.57
1999-01-19,'600814,杭州解百,5.87,5.91,5.8,5.87,5.86,0.01,0.1706,0.2019,127328,745344.0,928909573.02,370162182.39
1999-01-18,'600814,杭州解百,5.86,5.86,5.69,5.8,5.81,0.05,0.8606,0.2621,165254,951232.0,927327103.56,369531582.42
1999-01-15,'600814,杭州解百,5.81,5.94,5.8,5.9,5.88,-0.07,-1.1905,0.1809,114060,669670.0,919414756.26,366378582.57
1999-01-14,'600814,杭州解百,5.88,5.95,5.85,5.95,5.96,-0.08,-1.3423,0.0994,62710,368723.0,930492042.48,370792782.36
1999-01-13,'600814,杭州解百,5.96,5.98,5.8,5.9,5.98,-0.02,-0.3344,0.2779,175239,1032099.0,943151798.16,375837582.12
1999-01-12,'600814,杭州解百,5.98,6.09,5.96,6.0,6.0,-0.02,-0.3333,0.2158,136100,820398.0,946316737.08,377098782.06
1999-01-11,'600814,杭州解百,6.0,6.05,5.92,6.05,6.06,-0.06,-0.9901,0.2594,163596,979512.0,949481676.0,378359982.0
1999-01-08,'600814,杭州解百,6.06,6.07,5.77,5.77,5.86,0.2,3.413,0.517,326022,1928456.0,958976492.76,382143581.82
1999-01-07,'600814,杭州解百,5.86,5.95,5.78,5.9,5.89,-0.03,-0.5093,0.1156,72900,428165.0,927327103.56,369531582.42
1999-01-06,'600814,杭州解百,5.89,5.9,5.79,5.79,5.79,0.1,1.7271,0.118,74440,436250.0,932074511.94,371423382.33
1999-01-05,'600814,杭州解百,5.79,5.85,5.68,5.81,5.86,-0.07,-1.1945,0.1644,103700,596408.0,916249817.34,365117382.63
1999-01-04,'600814,杭州解百,5.86,6.15,5.86,6.15,6.29,-0.43,-6.8362,0.0969,61100,362173.0,927327103.56,369531582.42
1998-12-31,'600814,杭州解百,6.29,6.35,6.25,6.32,6.28,0.01,0.1592,0.1999,126038,792111.0,995373290.34,396647381.13
1998-12-30,'600814,杭州解百,6.28,6.3,6.15,6.21,6.19,0.09,1.454,0.1863,117495,728868.0,993790820.88,396016781.16
1998-12-29,'600814,杭州解百,6.19,6.3,6.19,6.28,6.28,-0.09,-1.4331,0.2451,154560,964043.0,979548595.74,390341381.43
1998-12-28,'600814,杭州解百,6.28,6.32,6.24,6.28,6.22,0.06,0.9646,0.1768,111500,699654.0,993790820.88,396016781.16
1998-12-25,'600814,杭州解百,6.22,6.33,6.2,6.26,6.26,-0.04,-0.639,0.0971,61200,383400.0,984296004.12,392233181.34
1998-12-24,'600814,杭州解百,6.26,6.26,6.17,6.2,6.24,0.02,0.3205,0.1035,65241,404722.0,990625881.96,394755581.22
1998-12-23,'600814,杭州解百,6.24,6.3,6.2,6.29,6.3,-0.06,-0.9524,0.1449,91350,568607.0,987460943.04,393494381.28
1998-12-22,'600814,杭州解百,6.3,6.34,6.1,6.1,6.08,0.22,3.6184,0.1428,90020,563327.0,996955759.8,397277981.1
1998-12-21,'600814,杭州解百,6.08,6.17,6.01,6.05,6.08,0.0,0.0,0.1213,76513,466699.0,962141431.68,383404781.76
1998-12-18,'600814,杭州解百,6.08,6.25,6.05,6.1,6.14,-0.06,-0.9772,0.2416,152360,929536.0,962141431.68,383404781.76
1998-12-17,'600814,杭州解百,6.14,6.32,6.14,6.32,6.32,-0.18,-2.8481,0.218,137500,852266.0,971636248.44,387188381.58
1998-12-16,'600814,杭州解百,6.32,6.4,6.3,6.36,6.28,0.04,0.6369,0.1453,91657,580971.0,1000120698.72,398539181.04
1998-12-15,'600814,杭州解百,0.0,0.0,0.0,0.0,6.28,None,None,0.0,0,0.0,993790820.88,396016781.16
1998-12-14,'600814,杭州解百,6.28,6.44,6.28,6.35,6.33,-0.05,-0.7899,0.2023,127575,810920.0,993790820.88,396016781.16
1998-12-11,'600814,杭州解百,6.33,6.34,6.2,6.2,6.2,0.13,2.0968,0.1804,113746,711026.0,1001703168.18,399169781.01
1998-12-10,'600814,杭州解百,6.2,6.45,6.2,6.45,6.4,-0.2,-3.125,0.3444,217200,1369137.0,981131065.2,390971981.4
1998-12-09,'600814,杭州解百,6.4,6.45,6.28,6.39,6.38,0.02,0.3135,0.294,185408,1177366.0,1012780454.4,403583980.8
1998-12-08,'600814,杭州解百,6.38,6.39,6.27,6.27,6.28,0.1,1.5924,0.1436,90530,575136.0,1009615515.48,402322780.86
1998-12-07,'600814,杭州解百,6.28,6.49,6.28,6.45,6.37,-0.09,-1.4129,0.3192,201300,1282547.0,993790820.88,396016781.16
1998-12-04,'600814,杭州解百,6.37,6.54,6.35,6.48,6.5,-0.13,-2.0,0.3495,220370,1414384.0,1008033046.02,401692180.89
1998-12-03,'600814,杭州解百,6.5,6.61,6.45,6.59,6.59,-0.09,-1.3657,0.5589,352450,2290032.0,1028605149.0,409889980.5
1998-12-02,'600814,杭州解百,6.59,6.6,6.48,6.5,6.48,0.11,1.6975,0.3066,193338,1261332.0,1042847374.14,415565380.23
1998-12-01,'600814,杭州解百,6.48,6.78,6.48,6.71,6.7,-0.22,-3.2836,0.7076,446200,2918232.0,1025440210.08,408628780.56
1998-11-30,'600814,杭州解百,6.7,6.7,6.55,6.67,6.65,0.05,0.7519,0.2681,169034,1117468.0,1060254538.2,422501979.9
1998-11-27,'600814,杭州解百,6.65,6.78,6.65,6.75,6.73,-0.08,-1.1887,0.3141,198100,1328795.0,1052342190.9,419348980.05
1998-11-26,'600814,杭州解百,6.73,6.82,6.7,6.8,6.8,-0.07,-1.0294,0.6343,399981,2693271.0,1065001946.58,424393779.81
1998-11-25,'600814,杭州解百,6.8,6.98,6.8,6.96,6.93,-0.13,-1.8759,0.2955,186327,1278588.0,1076079232.8,428807979.6
1998-11-24,'600814,杭州解百,6.93,6.96,6.83,6.9,6.88,0.05,0.7267,0.311,196112,1349228.0,1096651335.78,437005779.21
1998-11-23,'600814,杭州解百,6.88,7.04,6.83,6.95,6.95,-0.07,-1.0072,0.5818,366912,2550739.0,1088738988.48,433852779.36
1998-11-20,'600814,杭州解百,6.95,7.07,6.93,7.06,7.08,-0.13,-1.8362,0.7765,489633,3427605.0,1099816274.7,438266979.15
1998-11-19,'600814,杭州解百,7.08,7.12,6.93,6.95,6.91,0.17,2.4602,1.3113,826919,5814220.0,1120388377.68,446464778.76
1998-11-18,'600814,杭州解百,6.91,6.93,6.8,6.92,6.91,0.0,0.0,0.5369,338539,2322643.0,1093486396.86,435744579.27
1998-11-17,'600814,杭州解百,6.91,7.04,6.89,6.92,6.9,0.01,0.1449,0.6491,409346,2840609.0,1093486396.86,435744579.27
1998-11-16,'600814,杭州解百,6.9,7.07,6.9,6.97,6.81,0.09,1.3216,1.1395,718583,5013496.0,1091903927.4,435113979.3
1998-11-13,'600814,杭州解百,6.81,6.89,6.71,6.79,6.78,0.03,0.4425,0.4213,265693,1797631.0,1077661702.26,429438579.57
1998-11-12,'600814,杭州解百,6.78,6.95,6.78,6.81,6.8,-0.02,-0.2941,0.5332,336215,2306305.0,1072914293.88,427546779.66
1998-11-11,'600814,杭州解百,6.8,6.88,6.78,6.88,6.89,-0.09,-1.3062,0.6146,387577,2639780.0,1076079232.8,428807979.6
1998-11-10,'600814,杭州解百,6.89,6.99,6.8,6.97,6.98,-0.09,-1.2894,0.5306,334611,2297899.0,1090321457.94,434483379.33
1998-11-09,'600814,杭州解百,6.98,6.99,6.73,6.8,6.79,0.19,2.7982,0.8852,558236,3803887.0,1104563683.08,440158779.06
1998-11-06,'600814,杭州解百,6.79,6.88,6.73,6.81,6.8,-0.01,-0.1471,0.7319,461532,3135869.0,1074496763.34,428177379.63
1998-11-05,'600814,杭州解百,6.8,6.88,6.72,6.81,6.81,-0.01,-0.1468,0.5041,317874,2162640.0,1076079232.8,428807979.6
1998-11-04,'600814,杭州解百,6.81,6.91,6.8,6.83,6.88,-0.07,-1.0174,0.4908,309498,2115292.0,1077661702.26,429438579.57
1998-11-03,'600814,杭州解百,6.88,7.08,6.88,6.9,6.89,-0.01,-0.1451,0.6321,398600,2771834.0,1088738988.48,433852779.36
1998-11-02,'600814,杭州解百,6.89,6.9,6.74,6.8,6.81,0.08,1.1747,0.4707,296839,2020940.0,1090321457.94,434483379.33
1998-10-30,'600814,杭州解百,6.81,7.04,6.8,6.97,6.96,-0.15,-2.1552,0.6648,419203,2893660.0,1077661702.26,429438579.57
1998-10-29,'600814,杭州解百,6.96,7.15,6.95,7.1,7.1,-0.14,-1.9718,1.116,703727,4952001.0,1101398744.16,438897579.12
1998-10-28,'600814,杭州解百,7.1,7.15,6.78,6.78,6.78,0.32,4.7198,1.3766,868097,6103563.0,1123553316.6,447725978.7
1998-10-27,'600814,杭州解百,6.78,6.78,6.49,6.61,6.64,0.14,2.1084,0.7421,467982,3106480.0,1072914293.88,427546779.66
1998-10-26,'600814,杭州解百,6.64,6.74,6.58,6.74,6.74,-0.1,-1.4837,0.5851,368939,2454476.0,1050759721.44,418718380.08
1998-10-23,'600814,杭州解百,6.74,6.83,6.7,6.79,6.79,-0.05,-0.7364,0.4791,302121,2038903.0,1066584416.04,425024379.78
1998-10-22,'600814,杭州解百,6.79,6.83,6.54,6.6,6.65,0.14,2.1053,0.7108,448204,2990584.0,1074496763.34,428177379.63
1998-10-21,'600814,杭州解百,6.65,6.91,6.6,6.9,6.9,-0.25,-3.6232,0.8557,539610,3649599.0,1052342190.9,419348980.05
1998-10-20,'600814,杭州解百,6.9,7.05,6.86,7.0,7.0,-0.1,-1.4286,1.0449,658907,4561165.0,1091903927.4,435113979.3
1998-10-19,'600814,杭州解百,7.0,7.15,6.98,7.0,7.08,-0.08,-1.1299,1.1771,742300,5210997.0,1107728622.0,441419979.0
1998-10-16,'600814,杭州解百,7.08,7.3,7.05,7.23,7.22,-0.14,-1.9391,1.2075,761452,5440436.0,1120388377.68,446464778.76
1998-10-15,'600814,杭州解百,7.22,7.37,7.19,7.21,7.26,-0.04,-0.551,0.7662,483138,3498234.0,1142542950.12,455293178.34
1998-10-14,'600814,杭州解百,7.26,7.36,7.11,7.28,7.36,-0.1,-1.3587,1.397,880954,6371151.0,1148872827.96,457815578.22
1998-10-13,'600814,杭州解百,7.36,7.64,7.3,7.43,7.26,0.1,1.3774,5.4707,3449793,25905278.0,1164697522.56,464121577.92
1998-10-12,'600814,杭州解百,7.26,7.35,7.1,7.1,7.12,0.14,1.9663,2.2057,1390916,10117005.0,1148872827.96,457815578.22
1998-10-09,'600814,杭州解百,7.12,7.21,6.98,7.14,7.09,0.03,0.4231,1.4727,928662,6642228.0,1126718255.52,448987178.64
1998-10-08,'600814,杭州解百,7.09,7.14,6.95,7.0,6.98,0.11,1.5759,0.4021,253591,1784566.0,1121970847.14,447095378.73
1998-10-07,'600814,杭州解百,6.98,7.0,6.85,6.97,6.9,0.08,1.1594,0.3598,226892,1577072.0,1104563683.08,440158779.06
1998-10-06,'600814,杭州解百,6.9,7.16,6.88,7.13,7.12,-0.22,-3.0899,0.5458,344151,2393340.0,1091903927.4,435113979.3
1998-10-05,'600814,杭州解百,7.12,7.22,7.02,7.15,7.08,0.04,0.565,0.757,477374,3401393.0,1126718255.52,448987178.64
1998-09-30,'600814,杭州解百,7.08,7.16,6.98,6.98,6.91,0.17,2.4602,1.1927,752129,5352714.0,1120388377.68,446464778.76
1998-09-29,'600814,杭州解百,6.91,7.1,6.87,7.02,7.03,-0.12,-1.707,1.1278,711190,4963919.0,1093486396.86,435744579.27
1998-09-28,'600814,杭州解百,7.03,7.29,6.9,6.98,6.92,0.11,1.5896,3.6673,2312584,16531998.0,1112476030.38,443311778.91
1998-09-25,'600814,杭州解百,6.92,6.94,6.5,6.6,6.64,0.28,4.2169,1.1293,712130,4852761.0,1095068866.32,436375179.24
1998-09-24,'600814,杭州解百,6.64,6.81,6.57,6.8,6.75,-0.11,-1.6296,0.6124,386200,2589426.0,1050759721.44,418718380.08
1998-09-23,'600814,杭州解百,6.75,6.75,6.63,6.68,6.62,0.13,1.9637,0.37,233335,1559976.0,1068166885.5,425654979.75
1998-09-22,'600814,杭州解百,6.62,6.75,6.56,6.75,6.71,-0.09,-1.3413,0.3468,218720,1458647.0,1047594782.52,417457180.14
1998-09-21,'600814,杭州解百,6.71,6.75,6.55,6.58,6.58,0.13,1.9757,0.4704,296651,1973650.0,1061837007.66,423132579.87
1998-09-18,'600814,杭州解百,6.58,6.85,6.58,6.74,6.8,-0.22,-3.2353,1.2057,760338,5109120.0,1041264904.68,414934780.26
1998-09-17,'600814,杭州解百,6.8,7.1,6.73,6.81,6.81,-0.01,-0.1468,2.3392,1475126,10214305.0,1076079232.8,428807979.6
1998-09-16,'600814,杭州解百,6.81,6.92,6.71,6.75,6.73,0.08,1.1887,1.0654,671840,4611845.0,1077661702.26,429438579.57
1998-09-15,'600814,杭州解百,6.73,6.94,6.55,6.7,6.72,0.01,0.1488,1.3661,861486,5850449.0,1065001946.58,424393779.81
1998-09-14,'600814,杭州解百,6.72,6.85,6.43,6.45,6.43,0.29,4.5101,1.2349,778747,5205887.0,1063419477.12,423763179.84
1998-09-11,'600814,杭州解百,6.43,6.57,6.35,6.35,6.52,-0.09,-1.3804,0.5241,330500,2141300.0,1017527862.78,405475780.71
1998-09-10,'600814,杭州解百,6.52,6.59,6.33,6.4,6.35,0.17,2.6772,1.1742,740435,4796010.0,1031770087.92,411151180.44
1998-09-09,'600814,杭州解百,6.35,6.44,6.1,6.1,6.16,0.19,3.0844,0.916,577624,3667147.0,1004868107.1,400430980.95
1998-09-08,'600814,杭州解百,6.16,6.4,6.16,6.3,6.32,-0.16,-2.5316,0.4881,307770,1925482.0,974801187.36,388449581.52
1998-09-07,'600814,杭州解百,6.32,6.34,6.16,6.16,6.16,0.16,2.5974,0.7859,495611,3125553.0,1000120698.72,398539181.04
1998-09-04,'600814,杭州解百,6.16,6.36,6.13,6.15,6.15,0.01,0.1626,0.5295,333897,2081867.0,974801187.36,388449581.52
1998-09-03,'600814,杭州解百,6.15,6.3,6.11,6.13,6.14,0.01,0.1629,0.364,229511,1419780.0,973218717.9,387818981.55
1998-09-02,'600814,杭州解百,6.14,6.21,5.93,6.02,6.1,0.04,0.6557,0.6369,401650,2457702.0,971636248.44,387188381.58
1998-09-01,'600814,杭州解百,6.1,6.18,6.01,6.18,6.19,-0.09,-1.454,0.3744,236126,1436277.0,965306370.6,384665981.7
1998-08-31,'600814,杭州解百,6.19,6.19,5.65,5.96,5.86,0.33,5.6314,0.8949,564346,3362004.0,979548595.74,390341381.43
1998-08-28,'600814,杭州解百,5.86,6.0,5.83,5.88,5.97,-0.11,-1.8425,0.576,363213,2139092.0,927327103.56,369531582.42
1998-08-27,'600814,杭州解百,5.97,6.04,5.91,5.92,6.02,-0.05,-0.8306,0.4209,265421,1587064.0,944734267.62,376468182.09
1998-08-26,'600814,杭州解百,6.02,6.18,5.98,6.18,6.16,-0.14,-2.2727,0.6713,423325,2563830.0,952646614.92,379621181.94
1998-08-25,'600814,杭州解百,6.16,6.19,6.01,6.06,6.12,0.04,0.6536,0.4148,261553,1593141.0,974801187.36,388449581.52
1998-08-24,'600814,杭州解百,6.12,6.18,6.05,6.08,6.17,-0.05,-0.8104,0.7672,483784,2954337.0,968471309.52,385927181.64
1998-08-21,'600814,杭州解百,6.17,6.2,5.93,5.99,5.99,0.18,3.005,0.7384,465663,2822059.0,976383656.82,389080181.49
1998-08-20,'600814,杭州解百,5.99,6.08,5.85,5.92,5.88,0.11,1.8707,0.7016,442417,2645472.0,947899206.54,377729382.03
1998-08-19,'600814,杭州解百,5.88,6.0,5.66,5.66,5.71,0.17,2.9772,0.7782,490713,2871920.0,930492042.48,370792782.36
1998-08-18,'600814,杭州解百,5.71,6.06,5.59,5.9,5.81,-0.1,-1.7212,0.5184,326900,1897874.0,903590061.66,360072582.87
1998-08-17,'600814,杭州解百,5.81,6.31,5.81,6.31,6.45,-0.64,-9.9225,0.6761,426369,2576304.0,919414756.26,366378582.57
1998-08-14,'600814,杭州解百,6.45,6.59,6.31,6.54,6.65,-0.2,-3.0075,0.56,353132,2284455.0,1020692801.7,406736980.65
1998-08-13,'600814,杭州解百,6.65,6.72,6.54,6.6,6.6,0.05,0.7576,0.6628,417949,2763207.0,1052342190.9,419348980.05
1998-08-12,'600814,杭州解百,6.6,6.78,6.4,6.7,6.76,-0.16,-2.3669,0.7565,477060,3131884.0,1044429843.6,416195980.2
1998-08-11,'600814,杭州解百,6.76,6.8,6.64,6.75,6.7,0.06,0.8955,0.5869,370075,2490500.0,1069749354.96,426285579.72
1998-08-10,'600814,杭州解百,6.7,6.95,6.63,6.95,6.95,-0.25,-3.5971,0.6469,407950,2759128.0,1060254538.2,422501979.9
1998-08-07,'600814,杭州解百,6.95,7.23,6.91,7.17,7.18,-0.23,-3.2033,1.152,726481,5147617.0,1099816274.7,438266979.15
1998-08-06,'600814,杭州解百,7.18,7.35,6.97,7.09,7.07,0.11,1.5559,3.2489,2048762,14803578.0,1136213072.28,452770778.46
1998-08-05,'600814,杭州解百,7.07,7.13,6.88,6.88,6.94,0.13,1.8732,0.9608,605904,4277896.0,1118805908.22,445834178.79
1998-08-04,'600814,杭州解百,6.94,7.0,6.85,6.92,6.96,-0.02,-0.2874,0.5539,349296,2417853.0,1098233805.24,437636379.18
1998-08-03,'600814,杭州解百,6.96,7.0,6.85,6.96,6.96,0.0,0.0,0.5104,321868,2229426.0,1101398744.16,438897579.12
1998-07-31,'600814,杭州解百,6.96,7.05,6.95,7.01,7.02,-0.06,-0.8547,0.7177,452570,3166229.0,1101398744.16,438897579.12
1998-07-30,'600814,杭州解百,7.02,7.1,6.86,6.96,6.81,0.21,3.0837,1.3957,880137,6142619.0,1110893560.92,442681178.94
1998-07-29,'600814,杭州解百,6.81,6.98,6.77,6.8,6.8,0.01,0.1471,0.6706,422853,2922170.0,1077661702.26,429438579.57
1998-07-28,'600814,杭州解百,6.8,6.94,6.7,6.7,6.7,0.1,1.4925,0.512,322878,2204152.0,1076079232.8,428807979.6
1998-07-27,'600814,杭州解百,6.7,6.77,6.65,6.68,6.79,-0.09,-1.3255,0.2291,144471,967082.0,1060254538.2,422501979.9
1998-07-24,'600814,杭州解百,6.79,6.85,6.75,6.85,6.88,-0.09,-1.3081,0.3715,234241,1588593.0,1074496763.34,428177379.63
1998-07-23,'600814,杭州解百,6.88,6.99,6.58,6.62,6.64,0.24,3.6145,1.3015,820753,5583600.0,1088738988.48,433852779.36
1998-07-22,'600814,杭州解百,6.64,6.72,6.2,6.55,6.56,0.08,1.2195,0.461,290712,1915606.0,1050759721.44,418718380.08
1998-07-21,'600814,杭州解百,6.56,6.58,6.45,6.5,6.48,0.08,1.2346,0.4003,252458,1640105.0,1038099965.76,413673580.32
1998-07-20,'600814,杭州解百,6.48,6.72,6.47,6.72,6.72,-0.24,-3.5714,0.5939,374516,2456838.0,1025440210.08,408628780.56
1998-07-17,'600814,杭州解百,6.72,6.85,6.69,6.72,6.72,0.0,0.0,0.3611,227682,1534532.0,1063419477.12,423763179.84
1998-07-16,'600814,杭州解百,6.72,6.78,6.68,6.75,6.74,-0.02,-0.2967,0.4353,274529,1842223.0,1063419477.12,423763179.84
1998-07-15,'600814,杭州解百,6.74,6.82,6.67,6.7,6.73,0.01,0.1486,0.4421,278760,1872992.0,1066584416.04,425024379.78
1998-07-14,'600814,杭州解百,6.73,6.92,6.7,6.9,6.92,-0.19,-2.7457,0.7322,461749,3117247.0,1065001946.58,424393779.81
1998-07-13,'600814,杭州解百,6.92,6.99,6.81,6.98,6.95,-0.03,-0.4317,0.5124,323146,2225812.0,1095068866.32,436375179.24
1998-07-10,'600814,杭州解百,6.95,6.95,6.66,6.78,6.75,0.2,2.963,1.4033,884892,6037398.0,1099816274.7,438266979.15
1998-07-09,'600814,杭州解百,6.75,6.9,6.65,6.86,6.87,-0.12,-1.7467,0.9867,622182,4192872.0,1068166885.5,425654979.75
1998-07-08,'600814,杭州解百,6.87,6.96,6.8,6.95,6.85,0.02,0.292,0.4774,301052,2067704.0,1087156519.02,433222179.39
1998-07-07,'600814,杭州解百,6.85,6.95,6.8,6.9,6.9,-0.05,-0.7246,0.4301,271236,1865203.0,1083991580.1,431960979.45
1998-07-06,'600814,杭州解百,6.9,7.1,6.9,7.02,7.1,-0.2,-2.8169,0.499,314670,2195522.0,1091903927.4,435113979.3
1998-07-03,'600814,杭州解百,7.1,7.13,6.88,7.0,6.99,0.11,1.5737,0.7493,472497,3327332.0,1123553316.6,447725978.7
1998-07-02,'600814,杭州解百,6.99,7.0,6.8,6.88,6.92,0.07,1.0116,0.517,326042,2253740.0,1106146152.54,440789379.03
1998-07-01,'600814,杭州解百,6.92,7.35,6.9,7.35,7.13,-0.21,-2.9453,0.7008,441944,3129160.0,1095068866.32,436375179.24
1998-06-30,'600814,杭州解百,7.13,7.18,6.86,6.92,6.9,0.23,3.3333,1.0453,659170,4648079.0,1128300724.98,449617778.61
1998-06-29,'600814,杭州解百,6.9,7.0,6.8,6.9,6.9,0.0,0.0,0.5704,359682,2473883.0,1091903927.4,435113979.3
1998-06-26,'600814,杭州解百,6.9,7.02,6.85,6.9,6.86,0.04,0.5831,0.421,265460,1838629.0,1091903927.4,435113979.3
1998-06-25,'600814,杭州解百,6.86,7.03,6.85,7.0,7.04,-0.18,-2.5568,0.6623,417622,2881700.0,1085574049.56,432591579.42
1998-06-24,'600814,杭州解百,7.04,7.1,6.88,7.02,7.09,-0.05,-0.7052,1.0682,673609,4685631.0,1114058499.84,443942378.88
1998-06-23,'600814,杭州解百,7.09,7.2,7.05,7.1,7.3,-0.21,-2.8767,0.7342,462971,3289211.0,1121970847.14,447095378.73
1998-06-22,'600814,杭州解百,0.0,0.0,0.0,0.0,7.3,None,None,0.0,0,0.0,1155202705.8,460337978.1
1998-06-19,'600814,杭州解百,7.3,7.35,7.17,7.27,7.27,0.03,0.4127,1.0436,658089,4756824.0,1155202705.8,460337978.1
1998-06-18,'600814,杭州解百,7.27,7.38,7.14,7.19,7.2,0.07,0.9722,1.4804,933548,6822688.0,1150455297.42,458446178.19
1998-06-17,'600814,杭州解百,7.2,7.3,7.1,7.29,7.21,-0.01,-0.1387,0.8959,564956,4064336.0,1139378011.2,454031978.4
1998-06-16,'600814,杭州解百,7.21,7.25,6.8,6.88,6.88,0.33,4.7965,1.6831,1061353,7467889.0,1140960480.66,454662578.37
1998-06-15,'600814,杭州解百,6.88,7.07,6.8,7.05,7.01,-0.13,-1.8545,0.97,611697,4246594.0,1088738988.48,433852779.36
1998-06-12,'600814,杭州解百,7.01,7.06,6.89,6.89,6.76,0.25,3.6982,1.2616,795536,5552871.0,1109311091.46,442050578.97
1998-06-11,'600814,杭州解百,6.76,7.0,6.75,6.98,7.0,-0.24,-3.4286,0.74,466640,3200474.0,1069749354.96,426285579.72
1998-06-10,'600814,杭州解百,7.0,7.08,6.79,6.9,6.89,0.11,1.5965,1.3547,854279,5936447.0,1107728622.0,441419979.0
1998-06-09,'600814,杭州解百,6.89,7.35,6.8,7.29,7.23,-0.34,-4.7026,1.4376,906554,6400822.0,1090321457.94,434483379.33
1998-06-08,'600814,杭州解百,7.23,7.5,7.2,7.21,7.26,-0.03,-0.4132,1.4675,925396,6772433.0,1144125419.58,455923778.31
1998-06-05,'600814,杭州解百,7.26,7.56,7.18,7.5,7.5,-0.24,-3.2,1.9666,1240112,9087182.0,1148872827.96,457815578.22
1998-06-04,'600814,杭州解百,7.5,7.64,7.42,7.5,7.48,0.02,0.2674,1.8603,1173114,8813274.0,1186852095.0,472949977.5
1998-06-03,'600814,杭州解百,7.48,7.64,7.41,7.45,7.4,0.08,1.0811,1.5321,966158,7244036.0,1183687156.08,471688777.56
1998-06-02,'600814,杭州解百,7.4,7.67,7.26,7.55,7.55,-0.15,-1.9868,1.3125,827670,6145041.0,1171027400.4,466643977.8
1998-06-01,'600814,杭州解百,7.55,7.69,7.38,7.5,7.35,0.2,2.7211,2.5489,1607329,12131812.0,1194764442.3,476102977.35
1998-05-29,'600814,杭州解百,7.35,7.46,7.25,7.25,7.25,0.1,1.3793,1.996,1258698,9270357.0,1163115053.1,463490977.95
1998-05-28,'600814,杭州解百,7.25,7.35,7.2,7.31,7.31,-0.06,-0.8208,1.4913,940401,6831847.0,1147290358.5,457184978.25
1998-05-27,'600814,杭州解百,7.31,7.4,7.1,7.11,7.09,0.22,3.103,3.2278,2035439,14826274.0,1156785175.26,460968578.07
1998-05-26,'600814,杭州解百,7.09,7.18,6.98,7.15,7.12,-0.03,-0.4213,1.9112,1205211,8493289.0,1121970847.14,447095378.73
1998-05-25,'600814,杭州解百,7.12,7.26,7.03,7.09,7.09,0.03,0.4231,2.0427,1288154,9209240.0,1126718255.52,448987178.64
1998-05-22,'600814,杭州解百,7.09,7.19,6.98,7.0,7.0,0.09,1.2857,1.9463,1227324,8685075.0,1121970847.14,447095378.73
1998-05-21,'600814,杭州解百,7.0,7.0,6.86,6.98,6.98,0.02,0.2865,0.8721,549950,3804844.0,1107728622.0,441419979.0
1998-05-20,'600814,杭州解百,6.98,7.18,6.88,7.03,7.07,-0.09,-1.273,1.5245,961376,6782617.0,1104563683.08,440158779.06
1998-05-19,'600814,杭州解百,7.07,7.19,7.0,7.18,7.19,-0.12,-1.669,1.0449,658926,4659650.0,1118805908.22,445834178.79
1998-05-18,'600814,杭州解百,7.19,7.29,7.02,7.02,7.02,0.17,2.4217,1.8477,1165138,8363123.0,1137795541.74,453401378.43
1998-05-15,'600814,杭州解百,7.02,7.27,6.98,7.2,7.18,-0.16,-2.2284,1.9709,1242821,8874394.0,1110893560.92,442681178.94
1998-05-14,'600814,杭州解百,7.18,7.26,7.03,7.24,7.25,-0.07,-0.9655,2.4612,1552048,11068585.0,1136213072.28,452770778.46
1998-05-13,'600814,杭州解百,7.25,7.34,6.83,6.87,6.88,0.37,5.3779,4.4409,2800439,20007251.0,1147290358.5,457184978.25
1998-05-12,'600814,杭州解百,6.88,7.1,6.81,7.05,7.04,-0.16,-2.2727,1.6473,1038789,7195116.0,1088738988.48,433852779.36
1998-05-11,'600814,杭州解百,7.04,7.16,7.0,7.0,6.93,0.11,1.5873,4.7276,2981216,21103801.0,1114058499.84,443942378.88
1998-05-08,'600814,杭州解百,6.93,6.93,6.6,6.68,6.68,0.25,3.7425,1.8662,1176826,7975034.0,1096651335.78,437005779.21
1998-05-07,'600814,杭州解百,6.68,6.86,6.66,6.68,6.69,-0.01,-0.1495,1.2744,803621,5446133.0,1057089599.28,421240779.96
1998-05-06,'600814,杭州解百,6.69,6.74,6.6,6.68,6.7,-0.01,-0.1493,1.2907,813932,5415443.0,1058672068.74,421871379.93
1998-05-05,'600814,杭州解百,6.7,6.74,6.61,6.68,6.7,0.0,0.0,0.7977,503047,3350517.0,1060254538.2,422501979.9
1998-05-04,'600814,杭州解百,6.7,6.86,6.6,6.78,6.71,-0.01,-0.149,1.3288,837960,5623436.0,1060254538.2,422501979.9
1998-04-30,'600814,杭州解百,6.71,6.78,6.65,6.65,6.68,0.03,0.4491,1.006,634384,4246686.0,1061837007.66,423132579.87
1998-04-29,'600814,杭州解百,6.68,6.79,6.6,6.75,6.73,-0.05,-0.7429,0.9934,626461,4171762.0,1057089599.28,421240779.96
1998-04-28,'600814,杭州解百,6.73,6.78,6.67,6.7,6.66,0.07,1.0511,1.2265,773460,5204539.0,1065001946.58,424393779.81
1998-04-27,'600814,杭州解百,6.66,6.75,6.6,6.6,6.68,-0.02,-0.2994,1.0703,674949,4505074.0,1053924660.36,419979580.02
1998-04-24,'600814,杭州解百,6.68,6.98,6.65,6.92,6.91,-0.23,-3.3285,1.6309,1028420,7014490.0,1057089599.28,421240779.96
1998-04-23,'600814,杭州解百,6.91,7.18,6.8,7.13,7.1,-0.19,-2.6761,1.8244,1150483,7972895.0,1093486396.86,435744579.27
1998-04-22,'600814,杭州解百,7.1,7.25,7.01,7.1,7.0,0.1,1.4286,2.7862,1756964,12485327.0,1123553316.6,447725978.7
1998-04-21,'600814,杭州解百,7.0,7.1,6.9,7.07,7.07,-0.07,-0.9901,2.4369,1536715,10728760.0,1107728622.0,441419979.0
1998-04-20,'600814,杭州解百,7.07,7.08,6.68,6.7,6.68,0.39,5.8383,5.9204,3733380,25970644.0,1118805908.22,445834178.79
1998-04-17,'600814,杭州解百,6.68,6.85,6.51,6.6,6.58,0.1,1.5198,2.6567,1675328,11229982.0,1057089599.28,421240779.96
1998-04-16,'600814,杭州解百,6.58,6.68,6.5,6.56,6.56,0.02,0.3049,1.2284,774659,5101160.0,1041264904.68,414934780.26
1998-04-15,'600814,杭州解百,6.56,6.7,6.39,6.4,6.41,0.15,2.3401,1.3648,860655,5640488.0,1038099965.76,413673580.32
1998-04-14,'600814,杭州解百,6.41,6.43,6.37,6.43,6.44,-0.03,-0.4658,0.7524,474474,3036297.0,1014362923.86,404214580.77
1998-04-13,'600814,杭州解百,6.44,6.56,6.4,6.5,6.48,-0.04,-0.6173,1.0932,689353,4444393.0,1019110332.24,406106380.68
1998-04-10,'600814,杭州解百,6.48,6.53,6.33,6.45,6.49,-0.01,-0.1541,1.1458,722534,4641254.0,1025440210.08,408628780.56
1998-04-09,'600814,杭州解百,6.49,6.85,6.45,6.8,6.78,-0.29,-4.2773,2.0302,1280260,8472825.0,1027022679.54,409259380.53
1998-04-08,'600814,杭州解百,6.78,6.78,6.61,6.61,6.68,0.1,1.497,2.265,1428312,9598194.0,1072914293.88,427546779.66
1998-04-07,'600814,杭州解百,6.68,6.88,6.59,6.8,6.92,-0.24,-3.4682,1.9539,1232125,8251255.0,1057089599.28,421240779.96
1998-04-06,'600814,杭州解百,6.92,6.98,6.42,6.46,6.46,0.46,7.1207,3.6856,2324128,15477696.0,1095068866.32,436375179.24
1998-04-03,'600814,杭州解百,6.46,6.5,6.33,6.41,6.41,0.05,0.78,1.3752,867170,5564497.0,1022275271.16,407367580.62
1998-04-02,'600814,杭州解百,6.41,6.58,6.35,6.35,6.31,0.1,1.5848,3.407,2148436,13902827.0,1014362923.86,404214580.77
1998-04-01,'600814,杭州解百,6.31,6.4,6.15,6.2,6.18,0.13,2.1036,1.3548,854349,5381635.0,998538229.26,397908581.07
1998-03-31,'600814,杭州解百,6.18,6.28,6.05,6.28,6.29,-0.11,-1.7488,0.9957,627866,3884205.0,977966126.28,389710781.46
1998-03-30,'600814,杭州解百,6.29,6.3,6.22,6.3,6.2,0.09,1.4516,1.2264,773352,4841777.0,995373290.34,396647381.13
1998-03-27,'600814,杭州解百,6.2,6.22,6.0,6.05,6.08,0.12,1.9737,1.072,676002,4171317.0,981131065.2,390971981.4
1998-03-26,'600814,杭州解百,6.08,6.17,5.98,6.05,6.08,0.0,0.0,0.5579,351831,2145348.0,962141431.68,383404781.76
1998-03-25,'600814,杭州解百,6.08,6.22,6.03,6.21,6.15,-0.07,-1.1382,0.4184,263830,1618954.0,962141431.68,383404781.76
1998-03-24,'600814,杭州解百,6.15,6.16,6.09,6.15,6.09,0.06,0.9852,0.4408,277994,1703502.0,973218717.9,387818981.55
1998-03-23,'600814,杭州解百,6.09,6.2,6.06,6.12,6.12,-0.03,-0.4902,0.5442,343167,2092822.0,963723901.14,384035381.73
1998-03-20,'600814,杭州解百,6.12,6.26,6.1,6.2,6.2,-0.08,-1.2903,0.4591,289527,1778003.0,968471309.52,385927181.64
1998-03-19,'600814,杭州解百,6.2,6.3,6.16,6.3,6.09,0.11,1.8062,0.9878,622923,3877319.0,981131065.2,390971981.4
1998-03-18,'600814,杭州解百,6.09,6.21,6.08,6.1,6.08,0.01,0.1645,0.3005,189502,1159986.0,963723901.14,384035381.73
1998-03-17,'600814,杭州解百,6.08,6.12,6.04,6.05,6.04,0.04,0.6623,0.2625,165501,1004844.0,962141431.68,383404781.76
1998-03-16,'600814,杭州解百,6.04,6.06,6.0,6.06,6.05,-0.01,-0.1653,0.2616,164948,994543.0,955811553.84,380882381.88
1998-03-13,'600814,杭州解百,6.05,6.09,6.0,6.04,6.05,0.0,0.0,0.225,141885,856879.0,957394023.3,381512981.85
1998-03-12,'600814,杭州解百,6.05,6.14,6.01,6.06,6.1,-0.05,-0.8197,0.3414,215312,1305504.0,957394023.3,381512981.85
1998-03-11,'600814,杭州解百,6.1,6.3,6.07,6.25,6.25,-0.15,-2.4,0.34,214407,1331718.0,965306370.6,384665981.7
1998-03-10,'600814,杭州解百,6.25,6.27,6.15,6.27,6.29,-0.04,-0.6359,0.3099,195394,1213816.0,989043412.5,394124981.25
1998-03-09,'600814,杭州解百,6.29,6.35,6.12,6.18,6.16,0.13,2.1104,0.8908,561724,3519718.0,995373290.34,396647381.13
1998-03-06,'600814,杭州解百,6.16,6.2,6.1,6.1,6.1,0.06,0.9836,0.3976,250702,1540558.0,974801187.36,388449581.52
1998-03-05,'600814,杭州解百,6.1,6.17,6.08,6.16,6.16,-0.06,-0.974,0.3022,190576,1166739.0,965306370.6,384665981.7
1998-03-04,'600814,杭州解百,6.16,6.19,6.05,6.12,6.09,0.07,1.1494,0.263,165854,1015527.0,974801187.36,388449581.52
1998-03-03,'600814,杭州解百,6.09,6.1,5.98,6.03,6.0,0.09,1.5,0.3934,248079,1496061.0,963723901.14,384035381.73
1998-03-02,'600814,杭州解百,6.0,6.16,5.98,6.16,6.16,-0.16,-2.5974,0.6634,418318,2526756.0,949481676.0,378359982.0
1998-02-27,'600814,杭州解百,6.16,6.28,6.13,6.22,6.18,-0.02,-0.3236,0.3122,196900,1216964.0,974801187.36,388449581.52
1998-02-26,'600814,杭州解百,6.18,6.28,6.11,6.2,6.27,-0.09,-1.4354,0.4772,300936,1854465.0,977966126.28,389710781.46
1998-02-25,'600814,杭州解百,6.27,6.35,6.21,6.28,6.26,0.01,0.1597,0.4135,260725,1639413.0,992208351.42,395386181.19
1998-02-24,'600814,杭州解百,6.26,6.47,6.25,6.4,6.22,0.04,0.6431,0.3533,222800,1411373.0,990625881.96,394755581.22
1998-02-23,'600814,杭州解百,6.22,6.32,6.1,6.32,6.35,-0.13,-2.0472,0.4858,306353,1902954.0,984296004.12,392233181.34
1998-02-20,'600814,杭州解百,6.35,6.5,6.35,6.5,6.47,-0.12,-1.8547,0.6364,401300,2567539.0,1004868107.1,400430980.95
1998-02-19,'600814,杭州解百,6.47,6.54,6.35,6.38,6.38,0.09,1.4107,1.4115,890082,5750008.0,1023857740.62,407998180.59
1998-02-18,'600814,杭州解百,6.38,6.4,6.25,6.28,6.28,0.1,1.5924,0.8398,529594,3353845.0,1009615515.48,402322780.86
1998-02-17,'600814,杭州解百,6.28,6.28,6.18,6.18,6.22,0.06,0.9646,0.5916,373057,2320512.0,993790820.88,396016781.16
1998-02-16,'600814,杭州解百,6.22,6.35,6.2,6.34,6.34,-0.12,-1.8927,0.5409,341110,2137987.0,984296004.12,392233181.34
1998-02-13,'600814,杭州解百,6.34,6.42,6.29,6.32,6.33,0.01,0.158,0.6732,424496,2699674.0,1003285637.64,399800380.98
1998-02-12,'600814,杭州解百,6.33,6.38,6.25,6.35,6.34,-0.01,-0.1577,0.9138,576226,3629627.0,1001703168.18,399169781.01
1998-02-11,'600814,杭州解百,6.34,6.38,6.25,6.3,6.29,0.05,0.7949,0.9259,583883,3690376.0,1003285637.64,399800380.98
1998-02-10,'600814,杭州解百,6.29,6.33,6.2,6.2,6.23,0.06,0.9631,0.4966,313129,1962377.0,995373290.34,396647381.13
1998-02-09,'600814,杭州解百,6.23,6.35,6.18,6.21,6.09,0.14,2.2989,1.1532,727193,4516160.0,985878473.58,392863781.31
1998-01-23,'600814,杭州解百,6.09,6.15,6.02,6.08,6.01,0.08,1.3311,0.4156,262057,1594397.0,963723901.14,384035381.73
1998-01-22,'600814,杭州解百,6.01,6.1,6.0,6.01,6.01,0.0,0.0,0.3189,201100,1212315.0,951064145.46,378990581.97
1998-01-21,'600814,杭州解百,6.01,6.06,5.96,6.0,6.01,0.0,0.0,0.3155,198948,1194365.0,951064145.46,378990581.97
1998-01-20,'600814,杭州解百,6.01,6.12,5.98,6.12,6.08,-0.07,-1.1513,0.5318,335355,2017371.0,951064145.46,378990581.97
1998-01-19,'600814,杭州解百,6.08,6.16,5.98,6.14,6.14,-0.06,-0.9772,0.6688,421728,2561349.0,962141431.68,383404781.76
1998-01-16,'600814,杭州解百,6.14,6.27,6.1,6.25,6.18,-0.04,-0.6472,0.8723,550091,3400125.0,971636248.44,387188381.58
1998-01-15,'600814,杭州解百,6.18,6.25,6.09,6.16,6.13,0.05,0.8157,1.9326,1218726,7479253.0,977966126.28,389710781.46
1998-01-14,'600814,杭州解百,6.13,6.3,6.0,6.0,5.98,0.15,2.5084,1.601,1009610,6225714.0,970053778.98,386557781.61
1998-01-13,'600814,杭州解百,5.98,6.3,5.72,6.3,6.35,-0.37,-5.8268,1.4353,905107,5428763.0,946316737.08,377098782.06
1998-01-12,'600814,杭州解百,6.35,6.57,6.35,6.52,6.6,-0.25,-3.7879,1.3638,860040,5524669.0,1004868107.1,400430980.95
1998-01-09,'600814,杭州解百,6.6,6.65,6.3,6.35,6.38,0.22,3.4483,2.2288,1405484,9096346.0,1044429843.6,416195980.2
1998-01-08,'600814,杭州解百,6.38,6.54,6.35,6.54,6.55,-0.17,-2.5954,0.9012,568310,3655319.0,1009615515.48,402322780.86
1998-01-07,'600814,杭州解百,6.55,6.6,6.3,6.4,6.41,0.14,2.1841,3.5172,2217964,14328856.0,1036517496.3,413042980.35
1998-01-06,'600814,杭州解百,6.41,6.43,6.21,6.3,6.36,0.05,0.7862,1.6189,1020892,6456390.0,1014362923.86,404214580.77
1998-01-05,'600814,杭州解百,6.36,6.37,6.28,6.36,6.39,-0.03,-0.4695,0.6913,435931,2756798.0,1006450576.56,401061580.92
1997-12-31,'600814,杭州解百,6.39,6.46,6.04,6.04,6.03,0.36,5.9701,2.0071,1265647,7944196.0,1011197984.94,402953380.83
1997-12-30,'600814,杭州解百,6.03,6.18,6.0,6.17,6.17,-0.14,-2.269,0.5452,343820,2091016.0,954229084.38,380251781.91
1997-12-29,'600814,杭州解百,6.17,6.3,6.1,6.19,6.19,-0.02,-0.3231,0.9747,614620,3817344.0,976383656.82,389080181.49
1997-12-26,'600814,杭州解百,6.19,6.25,5.88,5.95,5.94,0.25,4.2088,1.6255,1025011,6283945.0,979548595.74,390341381.43
1997-12-25,'600814,杭州解百,5.94,5.98,5.86,5.87,5.93,0.01,0.1686,0.4316,272168,1609198.0,939986859.24,374576382.18
1997-12-24,'600814,杭州解百,5.93,6.05,5.85,5.99,5.98,-0.05,-0.8361,0.4249,267950,1594231.0,938404389.78,373945782.21
1997-12-23,'600814,杭州解百,5.98,6.14,5.78,5.78,5.77,0.21,3.6395,1.0696,674493,4043284.0,946316737.08,377098782.06
1997-12-22,'600814,杭州解百,5.77,5.83,5.72,5.83,5.86,-0.09,-1.5358,0.5527,348564,2006990.0,913084878.42,363856182.69
1997-12-19,'600814,杭州解百,5.86,5.9,5.75,5.75,5.72,0.14,2.4476,0.3325,209646,1221159.0,927327103.56,369531582.42
1997-12-18,'600814,杭州解百,5.72,5.76,5.69,5.74,5.75,-0.03,-0.5217,0.4775,301133,1722707.0,905172531.12,360703182.84
1997-12-17,'600814,杭州解百,5.75,5.88,5.73,5.88,5.87,-0.12,-2.0443,0.6135,386891,2240304.0,909919939.5,362594982.75
1997-12-16,'600814,杭州解百,5.87,5.9,5.82,5.88,5.88,-0.01,-0.1701,0.377,237763,1391842.0,928909573.02,370162182.39
1997-12-15,'600814,杭州解百,5.88,5.9,5.83,5.9,5.88,0.0,0.0,0.4442,280122,1641602.0,930492042.48,370792782.36
1997-12-12,'600814,杭州解百,5.88,5.98,5.88,5.95,5.93,-0.05,-0.8432,0.2911,183551,1084275.0,930492042.48,370792782.36
1997-12-11,'600814,杭州解百,5.93,6.0,5.91,6.0,5.98,-0.05,-0.8361,0.1545,97457,578384.0,938404389.78,373945782.21
1997-12-10,'600814,杭州解百,5.98,6.04,5.9,5.92,5.9,0.08,1.3559,0.2407,151783,903955.0,946316737.08,377098782.06
1997-12-09,'600814,杭州解百,5.9,5.95,5.87,5.9,5.9,0.0,0.0,0.1935,121990,719802.0,933656981.4,372053982.3
1997-12-08,'600814,杭州解百,5.9,6.09,5.88,6.0,5.93,-0.03,-0.5059,0.1992,125590,742791.0,933656981.4,372053982.3
1997-12-05,'600814,杭州解百,5.93,6.02,5.9,6.01,5.97,-0.04,-0.67,0.2344,147820,881713.0,938404389.78,373945782.21
1997-12-04,'600814,杭州解百,5.97,6.0,5.88,5.96,5.95,0.02,0.3361,0.281,177220,1051573.0,944734267.62,376468182.09
1997-12-03,'600814,杭州解百,5.95,6.2,5.88,6.05,5.99,-0.04,-0.6678,0.2066,130270,773362.0,941569328.7,375206982.15
1997-12-02,'600814,杭州解百,5.99,6.08,5.98,6.08,6.08,-0.09,-1.4803,0.1806,113910,684882.0,947899206.54,377729382.03
1997-12-01,'600814,杭州解百,6.08,6.14,5.98,6.03,6.02,0.06,0.9967,0.2808,177081,1074770.0,962141431.68,383404781.76
1997-11-28,'600814,杭州解百,6.02,6.03,5.87,5.88,5.88,0.14,2.381,0.2648,167012,991935.0,952646614.92,379621181.94
1997-11-27,'600814,杭州解百,5.88,6.04,5.85,6.04,6.04,-0.16,-2.649,0.2633,166049,986495.0,930492042.48,370792782.36
1997-11-26,'600814,杭州解百,6.04,6.15,5.83,5.84,5.84,0.2,3.4247,0.4986,314433,1877475.0,955811553.84,380882381.88
1997-11-25,'600814,杭州解百,5.84,5.9,5.77,5.9,5.9,-0.06,-1.0169,0.3902,246040,1433414.0,924162164.64,368270382.48
1997-11-24,'600814,杭州解百,5.9,6.03,5.88,6.03,6.06,-0.16,-2.6403,0.4506,284157,1684603.0,933656981.4,372053982.3
1997-11-21,'600814,杭州解百,6.06,6.14,6.03,6.13,6.13,-0.07,-1.1419,0.3763,237325,1437787.0,958976492.76,382143581.82
1997-11-20,'600814,杭州解百,6.13,6.18,6.09,6.1,6.1,0.03,0.4918,0.4692,295879,1810558.0,970053778.98,386557781.61
1997-11-19,'600814,杭州解百,6.1,6.18,6.08,6.11,6.09,0.01,0.1642,0.4052,255544,1563537.0,965306370.6,384665981.7
1997-11-18,'600814,杭州解百,6.09,6.23,6.08,6.21,6.21,-0.12,-1.9324,0.3819,240840,1480406.0,963723901.14,384035381.73
1997-11-17,'600814,杭州解百,6.21,6.36,6.19,6.3,6.28,-0.07,-1.1146,0.4071,256700,1603586.0,982713534.66,391602581.37
1997-11-14,'600814,杭州解百,6.28,6.36,6.2,6.24,6.23,0.05,0.8026,0.371,233980,1472336.0,993790820.88,396016781.16
1997-11-13,'600814,杭州解百,6.23,6.25,6.15,6.25,6.27,-0.04,-0.638,0.4403,277684,1716189.0,985878473.58,392863781.31
1997-11-12,'600814,杭州解百,6.27,6.4,6.26,6.3,6.26,0.01,0.1597,0.3453,217723,1369890.0,992208351.42,395386181.19
1997-11-11,'600814,杭州解百,6.26,6.33,6.23,6.3,6.31,-0.05,-0.7924,0.325,204958,1283400.0,990625881.96,394755581.22
1997-11-10,'600814,杭州解百,6.31,6.5,6.25,6.3,6.3,0.01,0.1587,0.4407,277879,1764060.0,998538229.26,397908581.07
1997-11-07,'600814,杭州解百,6.3,6.35,6.2,6.22,6.24,0.06,0.9615,0.5092,321120,2010183.0,996955759.8,397277981.1
1997-11-06,'600814,杭州解百,6.24,6.38,6.21,6.38,6.32,-0.08,-1.2658,0.408,257310,1619224.0,987460943.04,393494381.28
1997-11-05,'600814,杭州解百,6.32,6.34,6.25,6.33,6.31,0.01,0.1585,0.2159,136170,855075.0,1000120698.72,398539181.04
1997-11-04,'600814,杭州解百,6.31,6.4,6.3,6.3,6.3,0.01,0.1587,0.2997,188995,1201587.0,998538229.26,397908581.07
1997-11-03,'600814,杭州解百,6.3,6.4,6.25,6.29,6.29,0.01,0.159,0.344,216926,1364670.0,996955759.8,397277981.1
1997-10-31,'600814,杭州解百,6.29,6.3,6.15,6.19,6.25,0.04,0.64,0.3874,244290,1524827.0,995373290.34,396647381.13
1997-10-30,'600814,杭州解百,6.25,6.41,6.25,6.35,6.34,-0.09,-1.4196,0.7683,484487,3060867.0,989043412.5,394124981.25
1997-10-29,'600814,杭州解百,6.34,6.45,6.28,6.35,6.34,0.0,0.0,0.5981,377150,2390314.0,1003285637.64,399800380.98
1997-10-28,'600814,杭州解百,6.34,6.78,6.3,6.78,6.77,-0.43,-6.3516,0.8493,535580,3499488.0,1003285637.64,399800380.98
1997-10-27,'600814,杭州解百,6.77,6.78,6.48,6.53,6.52,0.25,3.8344,1.1129,701773,4672678.0,1071331824.42,426916179.69
1997-10-24,'600814,杭州解百,6.52,6.65,6.45,6.6,6.55,-0.03,-0.458,0.5808,366283,2376533.0,1031770087.92,411151180.44
1997-10-23,'600814,杭州解百,6.55,6.79,6.5,6.79,6.64,-0.09,-1.3554,0.7208,454532,3001890.0,1036517496.3,413042980.35
1997-10-22,'600814,杭州解百,6.64,6.79,6.48,6.5,6.48,0.16,2.4691,1.6379,1032882,6855867.0,1050759721.44,418718380.08
1997-10-21,'600814,杭州解百,6.48,6.58,6.45,6.58,6.57,-0.09,-1.3699,0.6265,395077,2564479.0,1025440210.08,408628780.56
1997-10-20,'600814,杭州解百,6.57,6.67,6.49,6.59,6.58,-0.01,-0.152,0.649,409263,2689802.0,1039682435.22,414304180.29
1997-10-17,'600814,杭州解百,6.58,6.7,6.1,6.5,6.5,0.08,1.2308,1.0242,645873,4265845.0,1041264904.68,414934780.26
1997-10-16,'600814,杭州解百,6.5,6.55,6.38,6.38,6.36,0.14,2.2013,0.4982,314172,2036053.0,1028605149.0,409889980.5
1997-10-15,'600814,杭州解百,6.36,6.43,6.26,6.31,6.3,0.06,0.9524,0.2187,137927,876784.0,1006450576.56,401061580.92
1997-10-14,'600814,杭州解百,6.3,6.35,6.25,6.3,6.3,0.0,0.0,0.2834,178720,1125274.0,996955759.8,397277981.1
1997-10-13,'600814,杭州解百,6.3,6.46,6.26,6.4,6.39,-0.09,-1.4085,0.3654,230403,1466191.0,996955759.8,397277981.1
1997-10-10,'600814,杭州解百,6.39,6.5,6.28,6.28,6.33,0.06,0.9479,0.2449,154444,986836.0,1011197984.94,402953380.83
1997-10-09,'600814,杭州解百,6.33,6.45,6.31,6.36,6.45,-0.12,-1.8605,0.1635,103120,655658.0,1001703168.18,399169781.01
1997-10-08,'600814,杭州解百,6.45,6.48,6.25,6.35,6.2,0.25,4.0323,0.4058,255892,1636328.0,1020692801.7,406736980.65
1997-10-07,'600814,杭州解百,6.2,6.28,6.14,6.2,6.19,0.01,0.1616,0.1897,119610,738475.0,981131065.2,390971981.4
1997-10-06,'600814,杭州解百,6.19,6.3,6.16,6.2,6.22,-0.03,-0.4823,0.1837,115810,718592.0,979548595.74,390341381.43
1997-09-30,'600814,杭州解百,6.22,6.25,6.05,6.06,6.06,0.16,2.6403,0.4023,253698,1556252.0,984296004.12,392233181.34
1997-09-29,'600814,杭州解百,6.06,6.2,6.0,6.2,6.28,-0.22,-3.5032,0.3816,240640,1466221.0,958976492.76,382143581.82
1997-09-26,'600814,杭州解百,6.28,6.38,6.19,6.38,6.36,-0.08,-1.2579,0.3558,224346,1404525.0,993790820.88,396016781.16
1997-09-25,'600814,杭州解百,6.36,6.44,6.28,6.43,6.31,0.05,0.7924,0.6964,439123,2789025.0,1006450576.56,401061580.92
1997-09-24,'600814,杭州解百,6.31,6.35,6.15,6.15,6.0,0.31,5.1667,0.6651,419428,2614124.0,998538229.26,397908581.07
1997-09-23,'600814,杭州解百,6.0,6.49,5.9,6.26,6.31,-0.31,-4.9128,0.8268,521400,3227400.0,949481676.0,378359982.0
1997-09-22,'600814,杭州解百,6.31,6.9,6.3,6.85,6.94,-0.63,-9.0778,0.5932,374100,2454464.0,998538229.26,397908581.07
1997-09-19,'600814,杭州解百,6.94,6.96,6.8,6.88,6.79,0.15,2.2091,0.3117,196561,1345283.0,1098233805.24,437636379.18
1997-09-18,'600814,杭州解百,6.79,6.9,6.75,6.8,6.8,-0.01,-0.1471,0.381,240234,1637562.0,1074496763.34,428177379.63
1997-09-17,'600814,杭州解百,6.8,7.0,6.75,6.9,6.9,-0.1,-1.4493,0.4568,288070,1981000.0,1076079232.8,428807979.6
1997-09-16,'600814,杭州解百,6.9,7.06,6.82,6.99,6.9,0.0,0.0,0.77,485550,3354745.0,1091903927.4,435113979.3
1997-09-15,'600814,杭州解百,6.9,7.25,6.88,7.25,7.15,-0.25,-3.4965,0.9014,568400,4008376.0,1091903927.4,435113979.3
1997-09-12,'600814,杭州解百,7.15,7.42,7.05,7.38,7.36,-0.21,-2.8533,0.856,539789,3940750.0,1131465663.9,450878978.55
1997-09-11,'600814,杭州解百,7.36,7.75,7.3,7.75,7.63,-0.27,-3.5387,1.032,650800,4879686.0,1164697522.56,464121577.92
1997-09-10,'600814,杭州解百,7.63,7.69,7.36,7.38,7.41,0.22,2.969,0.8756,552123,4116355.0,1207424197.98,481147777.11
1997-09-09,'600814,杭州解百,7.41,7.68,7.36,7.68,7.69,-0.28,-3.6411,0.9009,568076,4281691.0,1172609869.86,467274577.77
1997-09-08,'600814,杭州解百,7.69,7.72,7.51,7.66,7.7,-0.01,-0.1299,1.2248,772390,5878270.0,1216919014.74,484931376.93
1997-09-05,'600814,杭州解百,7.7,7.85,7.65,7.8,7.82,-0.12,-1.5345,1.1205,706617,5453207.0,1218501484.2,485561976.9
1997-09-04,'600814,杭州解百,7.82,7.88,7.67,7.67,7.66,0.16,2.0888,2.4568,1549281,12064600.0,1237491117.72,493129176.54
1997-09-03,'600814,杭州解百,7.66,7.78,7.58,7.65,7.66,0.0,0.0,1.5754,993461,7622424.0,1212171606.36,483039577.02
1997-09-02,'600814,杭州解百,7.66,7.75,7.5,7.56,7.57,0.09,1.1889,2.6409,1665339,12722571.0,1212171606.36,483039577.02
1997-09-01,'600814,杭州解百,7.57,7.57,7.17,7.32,7.34,0.23,3.1335,1.8264,1151740,8399947.0,1197929381.22,477364177.29
1997-08-29,'600814,杭州解百,7.34,7.38,7.26,7.37,7.38,-0.04,-0.542,1.3739,866359,6333271.0,1161532583.64,462860377.98
1997-08-28,'600814,杭州解百,7.38,7.4,7.22,7.3,7.35,0.03,0.4082,1.4103,889311,6489310.0,1167862461.48,465382777.86
1997-08-27,'600814,杭州解百,7.35,7.35,7.11,7.2,7.23,0.12,1.6598,1.4881,938424,6757184.0,1163115053.1,463490977.95
1997-08-26,'600814,杭州解百,7.23,7.43,7.0,7.27,7.27,-0.04,-0.5502,2.2545,1421665,10231845.0,1144125419.58,455923778.31
1997-08-25,'600814,杭州解百,7.27,7.47,7.14,7.18,7.93,-0.66,-8.3228,3.0741,1938531,14074145.0,1150455297.42,458446178.19
1997-08-22,'600814,杭州解百,7.93,7.99,7.5,7.6,7.55,0.38,5.0331,3.1258,1971143,15464996.0,1254898281.78,500065776.21
1997-08-21,'600814,杭州解百,7.55,7.61,7.48,7.5,7.5,0.05,0.6667,0.6103,384885,2901000.0,1194764442.3,476102977.35
1997-08-20,'600814,杭州解百,7.5,7.55,7.41,7.46,7.48,0.02,0.2674,0.2391,150803,1126373.0,1186852095.0,472949977.5
1997-08-19,'600814,杭州解百,7.48,7.65,7.42,7.5,7.4,0.08,1.0811,0.2683,169166,1268960.0,1183687156.08,471688777.56
1997-08-18,'600814,杭州解百,7.4,7.67,7.4,7.57,7.56,-0.16,-2.1164,0.5927,373729,2796419.0,1171027400.4,466643977.8
1997-08-15,'600814,杭州解百,7.56,7.8,7.47,7.8,7.8,-0.24,-3.0769,1.2318,776767,5921963.0,1196346911.76,476733577.32
1997-08-14,'600814,杭州解百,7.8,7.9,7.27,7.27,7.26,0.54,7.438,1.7299,1090886,8336804.0,1234326178.8,491867976.6
1997-08-13,'600814,杭州解百,7.26,7.51,7.25,7.3,7.28,-0.02,-0.2747,0.5535,349041,2562854.0,1148872827.96,457815578.22
1997-08-12,'600814,杭州解百,7.28,7.6,7.26,7.5,7.5,-0.22,-2.9333,0.7065,445500,3333480.0,1152037766.88,459076778.16
1997-08-11,'600814,杭州解百,7.5,7.7,7.5,7.65,7.66,-0.16,-2.0888,0.9444,595521,4523451.0,1186852095.0,472949977.5
1997-08-08,'600814,杭州解百,7.66,7.75,7.4,7.58,7.58,0.08,1.0554,1.192,751646,5754313.0,1212171606.36,483039577.02
1997-08-07,'600814,杭州解百,7.58,7.58,7.2,7.24,7.34,0.24,3.2698,0.7815,492831,3615670.0,1199511850.68,477994777.26
1997-08-06,'600814,杭州解百,7.34,7.65,7.25,7.6,7.65,-0.31,-4.0523,1.0409,656420,4895504.0,1161532583.64,462860377.98
1997-08-05,'600814,杭州解百,7.65,7.8,7.63,7.8,7.79,-0.14,-1.7972,0.8387,528866,4058938.0,1210589136.9,482408977.05
1997-08-04,'600814,杭州解百,7.79,7.85,7.49,7.65,7.64,0.15,1.9634,1.3233,834471,6420991.0,1232743709.34,491237376.63
1997-08-01,'600814,杭州解百,7.64,7.71,7.53,7.7,7.7,-0.06,-0.7792,0.8801,555007,4215554.0,1209006667.44,481778377.08
1997-07-31,'600814,杭州解百,7.7,7.88,7.65,7.73,7.72,-0.02,-0.2591,1.1527,726913,5644771.0,1218501484.2,485561976.9
1997-07-30,'600814,杭州解百,7.72,7.78,7.32,7.51,7.5,0.22,2.9333,1.6315,1028810,7872358.0,1221666423.12,486823176.84
1997-07-29,'600814,杭州解百,7.5,7.65,7.25,7.4,7.47,0.03,0.4016,1.4279,900410,6694846.0,1186852095.0,472949977.5
1997-07-28,'600814,杭州解百,7.47,7.81,7.46,7.81,7.81,-0.34,-4.3534,2.5372,1599953,12264349.0,1182104686.62,471058177.59
1997-07-25,'600814,杭州解百,7.81,7.87,7.16,7.4,7.4,0.41,5.5405,3.7688,2376600,18187809.0,1235908648.26,492498576.57
1997-07-24,'600814,杭州解百,7.4,7.6,7.2,7.2,7.2,0.2,2.7778,2.1653,1365422,10140467.0,1171027400.4,466643977.8
1997-07-23,'600814,杭州解百,7.2,7.45,7.17,7.18,7.17,0.03,0.4184,1.4828,935043,6831054.0,1139378011.2,454031978.4
1997-07-22,'600814,杭州解百,7.17,7.2,6.81,7.11,7.1,0.07,0.9859,0.8419,530894,3712078.0,1134630602.82,452140178.49
1997-07-21,'600814,杭州解百,7.1,7.31,7.08,7.08,7.03,0.07,0.9957,1.4485,913450,6577036.0,1123553316.6,447725978.7
1997-07-18,'600814,杭州解百,7.03,7.05,6.88,7.01,7.01,0.02,0.2853,0.8323,524834,3649313.0,1112476030.38,443311778.91
1997-07-17,'600814,杭州解百,7.01,7.06,6.85,6.85,6.85,0.16,2.3358,1.2732,802854,5593223.0,1109311091.46,442050578.97
1997-07-16,'600814,杭州解百,6.85,6.92,6.68,6.9,6.87,-0.02,-0.2911,1.074,677268,4591830.0,1083991580.1,431960979.45
1997-07-15,'600814,杭州解百,6.87,7.0,6.8,7.0,6.98,-0.11,-1.5759,0.89,561216,3849487.0,1087156519.02,433222179.39
1997-07-14,'600814,杭州解百,6.98,7.05,6.6,6.6,6.55,0.43,6.5649,1.2624,796040,5437022.0,1104563683.08,440158779.06
1997-07-11,'600814,杭州解百,6.55,6.55,6.32,6.35,6.4,0.15,2.3438,0.6342,399903,2577342.0,1036517496.3,413042980.35
1997-07-10,'600814,杭州解百,6.4,6.5,6.22,6.35,6.3,0.1,1.5873,0.6825,430354,2749150.0,1012780454.4,403583980.8
1997-07-09,'600814,杭州解百,6.3,6.45,6.15,6.4,6.4,-0.1,-1.5625,0.5712,360190,2260912.0,996955759.8,397277981.1
1997-07-08,'600814,杭州解百,6.4,6.58,6.19,6.58,6.4,0.0,0.0,0.6083,383622,2436524.0,1012780454.4,403583980.8
1997-07-07,'600814,杭州解百,6.4,6.9,6.3,6.88,6.87,-0.47,-6.8413,0.5825,367320,2417706.0,1012780454.4,403583980.8
1997-07-04,'600814,杭州解百,6.87,6.87,6.57,6.7,6.75,0.12,1.7778,0.7683,484505,3255065.0,1087156519.02,433222179.39
1997-07-03,'600814,杭州解百,6.75,7.0,6.75,7.0,7.13,-0.38,-5.3296,0.4745,299221,2045046.0,1068166885.5,425654979.75
1997-07-02,'600814,杭州解百,7.13,7.7,6.8,7.7,7.55,-0.42,-5.5629,0.6988,440674,3172003.0,1128300724.98,449617778.61
1997-06-27,'600814,杭州解百,7.55,7.95,7.45,7.85,7.79,-0.24,-3.0809,0.81,510760,3927521.0,1194764442.3,476102977.35
1997-06-26,'600814,杭州解百,7.79,8.0,7.7,7.99,7.97,-0.18,-2.2585,0.7321,461680,3616688.0,1232743709.34,491237376.63
1997-06-25,'600814,杭州解百,7.97,8.15,7.91,8.0,7.95,0.02,0.2516,0.775,488743,3920014.0,1261228159.62,502588176.09
1997-06-24,'600814,杭州解百,7.95,8.0,7.86,7.98,7.88,0.07,0.8883,0.731,460991,3644126.0,1258063220.7,501326976.15
1997-06-23,'600814,杭州解百,7.88,8.25,7.8,8.15,8.05,-0.17,-2.1118,1.1008,694160,5552121.0,1246985934.48,496912776.36
1997-06-20,'600814,杭州解百,8.05,8.1,7.75,7.86,7.7,0.35,4.5455,0.9378,591408,4708901.0,1273887915.3,507632975.85
1997-06-19,'600814,杭州解百,7.7,7.88,7.6,7.61,7.66,0.04,0.5222,0.5177,326455,2516280.0,1218501484.2,485561976.9
1997-06-18,'600814,杭州解百,7.66,7.97,7.65,7.83,7.82,-0.16,-2.046,0.5142,324260,2514774.0,1212171606.36,483039577.02
1997-06-17,'600814,杭州解百,7.82,8.02,7.8,8.02,8.02,-0.2,-2.4938,0.7158,451383,3567669.0,1237491117.72,493129176.54
1997-06-16,'600814,杭州解百,8.02,8.1,7.85,7.92,7.92,0.1,1.2626,0.7737,487918,3899912.0,1269140506.92,505741175.94
1997-06-13,'600814,杭州解百,7.92,7.95,7.1,7.1,7.8,0.12,1.5385,0.8274,521788,4011340.0,1253315812.32,499435176.24
1997-06-12,'600814,杭州解百,7.8,8.0,7.7,7.8,7.78,0.02,0.2571,0.4714,297270,2317271.0,1234326178.8,491867976.6
1997-06-11,'600814,杭州解百,7.78,7.9,7.55,7.9,7.85,-0.07,-0.8917,0.9515,599997,4619014.0,1231161239.88,490606776.66
1997-06-10,'600814,杭州解百,7.85,8.27,7.8,8.16,8.15,-0.3,-3.681,0.6426,405200,3261778.0,1242238526.1,495020976.45
1997-06-09,'600814,杭州解百,8.15,8.19,7.96,7.99,8.06,0.09,1.1166,1.0109,637504,5111994.0,1289712609.9,513938975.55
1997-06-06,'600814,杭州解百,8.06,8.4,7.97,8.1,8.85,-0.79,-8.9266,2.8003,1765840,14394373.0,1275470384.76,508263575.82
1997-06-05,'600814,杭州解百,8.85,8.95,8.54,8.6,8.6,0.25,2.907,3.1978,2016513,17782108.0,1400485472.1,558080973.45
1997-06-04,'600814,杭州解百,8.6,8.69,8.48,8.58,8.54,0.06,0.7026,1.6561,1044331,8940738.0,1360923735.6,542315974.2
1997-06-03,'600814,杭州解百,8.54,8.74,8.35,8.68,8.65,-0.11,-1.2717,1.7762,1120070,9594215.0,1351428918.84,538532374.38
1997-06-02,'600814,杭州解百,8.65,8.69,8.34,8.38,8.23,0.42,5.1033,2.37,1494501,12751958.0,1368836082.9,545468974.05
1997-05-30,'600814,杭州解百,8.23,8.25,8.0,8.01,8.11,0.12,1.4797,0.9772,616201,5018410.0,1302372365.58,518983775.31
1997-05-29,'600814,杭州解百,8.11,8.4,8.1,8.22,8.26,-0.15,-1.816,1.0565,666229,5476036.0,1283382732.06,511416575.67
1997-05-28,'600814,杭州解百,8.26,8.38,8.05,8.1,8.08,0.18,2.2277,1.9568,1233937,10149437.0,1307119773.96,520875575.22
1997-05-27,'600814,杭州解百,8.08,8.2,7.89,7.98,7.88,0.2,2.5381,1.2482,787121,6340713.0,1278635323.68,509524775.76
1997-05-26,'600814,杭州解百,7.88,8.25,7.71,8.25,8.0,-0.12,-1.5,0.9336,588705,4698610.0,1246985934.48,496912776.36
1997-05-23,'600814,杭州解百,8.0,8.68,7.93,8.68,9.18,-1.18,-12.854,1.3449,848110,6851258.0,1265975568.0,504479976.0
1997-05-22,'600814,杭州解百,9.18,9.79,9.18,9.18,10.2,-1.02,-10.0,2.1973,1259679,11679494.0,1320642694.8,526264338.6
1997-05-21,'600814,杭州解百,10.2,10.6,10.0,10.52,10.62,-0.42,-3.9548,1.5667,898169,9196037.0,1467380772.0,584738154.0
1997-05-20,'600814,杭州解百,10.62,10.68,10.49,10.65,10.48,0.14,1.3359,1.6031,918986,9715643.0,1527802333.2,608815607.4
1997-05-19,'600814,杭州解百,10.48,10.59,10.14,10.45,10.26,0.22,2.1442,0.7688,440704,4576760.0,1507661812.8,600789789.6
1997-05-16,'600814,杭州解百,10.26,10.95,10.26,10.3,11.4,-1.14,-10.0,4.7568,2726928,28846042.0,1476012423.6,588177790.2
1997-05-15,'600814,杭州解百,11.4,11.6,10.96,11.1,11.1,0.3,2.7027,2.6975,1546398,17489375.0,1640013804.0,653530878.0
1997-05-14,'600814,杭州解百,11.1,12.0,11.0,12.0,12.05,-0.95,-7.8838,5.7449,3293418,37832800.0,1596855546.0,636332697.0
1997-05-13,'600814,杭州解百,12.05,12.26,11.3,11.65,11.55,0.5,4.329,11.1118,6370075,75250883.0,1733523363.0,690793603.5
1997-05-12,'600814,杭州解百,11.55,11.64,11.15,11.2,11.15,0.4,3.5874,5.7595,3301741,37725572.0,1661592933.0,662129968.5
1997-05-09,'600814,杭州解百,11.15,11.19,10.66,10.8,10.77,0.38,3.5283,3.3613,1926964,21082202.0,1604048589.0,639199060.5
1997-05-08,'600814,杭州解百,10.77,11.6,10.5,11.42,11.42,-0.65,-5.6918,5.2316,2999109,33954045.0,1549381462.2,617414697.9
1997-05-07,'600814,杭州解百,11.42,11.6,11.35,11.5,11.5,-0.08,-0.6957,5.3477,3065664,35037126.0,1642891021.2,654677423.4
1997-05-06,'600814,杭州解百,11.5,11.82,11.36,11.78,11.6,-0.1,-0.8621,7.2817,4174400,48362447.0,1654399890.0,659263605.0
1997-05-05,'600814,杭州解百,11.6,11.65,11.06,11.08,11.05,0.55,4.9774,10.1095,5795482,65943740.0,1668785976.0,664996332.0
1997-04-30,'600814,杭州解百,11.05,11.2,10.92,11.12,11.12,-0.07,-0.6295,2.7269,1563235,17230636.0,1589662503.0,633466333.5
1997-04-29,'600814,杭州解百,11.12,11.2,10.55,10.8,10.79,0.33,3.0584,3.1947,1831412,19848320.0,1599732763.2,637479242.4
1997-04-28,'600814,杭州解百,10.79,11.09,10.72,10.85,10.84,-0.05,-0.4613,3.3645,1928750,21020922.0,1552258679.4,618561243.3
1997-04-25,'600814,杭州解百,10.84,11.0,10.8,10.98,10.99,-0.15,-1.3649,3.7038,2123311,23084806.0,1559451722.4,621427606.8
1997-04-24,'600814,杭州解百,10.99,11.2,10.8,11.03,11.25,-0.26,-2.3111,4.0643,2329947,25634212.0,1581030851.4,630026697.3
1997-04-23,'600814,杭州解百,11.25,11.45,11.12,11.32,11.32,-0.07,-0.6184,5.7278,3283613,37038231.0,1618434675.0,644931787.5
1997-04-22,'600814,杭州解百,11.32,11.45,11.21,11.44,11.44,-0.12,-1.049,3.5716,2047496,23185175.0,1628504935.2,648944696.4
1997-04-21,'600814,杭州解百,11.44,11.61,11.09,11.1,10.93,0.51,4.6661,9.1144,5225036,59272608.0,1645768238.4,655823968.8
1997-04-18,'600814,杭州解百,10.93,10.98,10.55,10.73,10.73,0.2,1.8639,3.3853,1940725,20908100.0,1572399199.8,626587061.1
1997-04-17,'600814,杭州解百,10.73,10.95,10.65,10.9,10.92,-0.19,-1.7399,3.3161,1901014,20515743.0,1543627027.8,615121607.1
1997-04-16,'600814,杭州解百,10.92,11.1,10.82,11.0,10.93,-0.01,-0.0915,4.9592,2843001,31142550.0,1570960591.2,626013788.4
1997-04-15,'600814,杭州解百,10.93,11.0,10.52,10.55,10.55,0.38,3.6019,5.2865,3030610,32774517.0,1572399199.8,626587061.1
1997-04-14,'600814,杭州解百,10.55,10.75,10.2,10.35,10.35,0.2,1.9324,6.7843,3889239,40880003.0,1517732073.0,604802698.5
1997-04-11,'600814,杭州解百,10.35,10.89,10.1,10.63,11.06,-0.71,-6.4195,4.2251,2422130,24944043.0,1488959901.0,593337244.5
1997-04-10,'600814,杭州解百,11.06,11.36,10.9,11.08,10.96,0.1,0.9124,5.8903,3376757,37688150.0,1591101111.6,634039606.2
1997-04-09,'600814,杭州解百,10.96,11.0,10.71,10.71,10.68,0.28,2.6217,3.6761,2107397,22995774.0,1576715025.6,628306879.2
1997-04-08,'600814,杭州解百,10.68,11.09,10.6,10.84,10.83,-0.15,-1.385,3.1211,1789269,19339003.0,1536433984.8,612255243.6
1997-04-07,'600814,杭州解百,10.83,11.0,10.68,10.8,11.1,-0.27,-2.4324,4.8703,2791992,30125286.0,1558013113.8,620854334.1
1997-04-04,'600814,杭州解百,11.1,11.3,11.04,11.2,11.05,0.05,0.4525,4.7782,2739195,30525836.0,1596855546.0,636332697.0
1997-04-03,'600814,杭州解百,11.05,11.2,10.85,11.05,11.1,-0.05,-0.4505,3.457,1981816,21829560.0,1589662503.0,633466333.5
1997-04-02,'600814,杭州解百,11.1,11.38,11.05,11.3,11.23,-0.13,-1.1576,3.2125,1841615,20627675.0,1596855546.0,636332697.0
1997-04-01,'600814,杭州解百,11.23,11.49,11.1,11.48,11.38,-0.15,-1.3181,3.8057,2181732,24516579.0,1615557457.8,643785242.1
1997-03-31,'600814,杭州解百,11.38,11.65,11.05,11.5,10.65,0.73,6.8545,6.9167,3965137,45070261.0,1637136586.8,652384332.6
1997-03-28,'600814,杭州解百,10.65,10.85,10.56,10.7,10.65,0.0,0.0,4.4941,2576349,27538263.0,1532118159.0,610535425.5
1997-03-27,'600814,杭州解百,10.65,10.9,10.46,10.5,10.4,0.25,2.4038,5.8715,3365984,35896791.0,1532118159.0,610535425.5
1997-03-26,'600814,杭州解百,10.4,10.59,10.28,10.4,10.35,0.05,0.4831,3.3926,1944876,20251167.0,1496152944.0,596203608.0
1997-03-25,'600814,杭州解百,10.35,10.7,10.2,10.66,10.66,-0.31,-2.9081,4.2535,2438413,25303079.0,1488959901.0,593337244.5
1997-03-24,'600814,杭州解百,10.66,10.77,10.32,10.35,10.04,0.62,6.1753,9.4906,5440723,57666373.0,1533556767.6,611108698.2
1997-03-21,'600814,杭州解百,10.04,10.1,9.45,9.5,9.5,0.54,5.6842,3.248,1861971,18105905.0,1444363034.4,575565790.8
1997-03-20,'600814,杭州解百,9.5,9.97,9.4,9.86,9.91,-0.41,-4.1372,2.9205,1674257,16359752.0,1366678170.0,544609065.0
1997-03-19,'600814,杭州解百,9.91,10.15,9.85,10.15,10.05,-0.14,-1.393,3.1167,1786705,17759810.0,1425661122.6,568113245.7
1997-03-18,'600814,杭州解百,10.05,10.32,9.9,9.9,9.86,0.19,1.927,7.5654,4337028,43878825.0,1445801643.0,576139063.5
1997-03-17,'600814,杭州解百,9.86,9.95,9.69,9.8,9.65,0.21,2.1762,5.4368,3116744,30574740.0,1418468079.6,565246882.2
1997-03-14,'600814,杭州解百,9.65,9.76,9.41,9.7,9.78,-0.13,-1.3292,2.8983,1661531,15906452.0,1388257299.0,553208155.5
1997-03-13,'600814,杭州解百,9.78,10.0,9.65,9.65,9.64,0.14,1.4523,6.2067,3558153,34858679.0,1406959210.8,560660700.6
1997-03-12,'600814,杭州解百,9.64,9.69,9.48,9.65,9.65,-0.01,-0.1036,4.4969,2577946,24717001.0,1386818690.4,552634882.8
1997-03-11,'600814,杭州解百,9.65,9.79,9.5,9.77,9.77,-0.12,-1.2282,3.261,1869420,17950964.0,1388257299.0,553208155.5
1997-03-10,'600814,杭州解百,9.77,9.88,9.43,9.45,9.4,0.37,3.9362,6.7824,3888180,37578240.0,1405520602.2,560087427.9
1997-03-07,'600814,杭州解百,9.4,9.64,9.35,9.55,9.58,-0.18,-1.8789,3.3959,1946750,18511560.0,1352292084.0,538876338.0
1997-03-06,'600814,杭州解百,9.58,9.61,9.0,9.1,9.23,0.35,3.792,4.1877,2400691,22494982.0,1378187038.8,549195246.6
1997-03-05,'600814,杭州解百,9.23,9.43,9.21,9.35,9.35,-0.12,-1.2834,2.972,1703757,15835670.0,1327835737.8,529130702.1
1997-03-04,'600814,杭州解百,9.35,9.44,9.2,9.43,9.44,-0.09,-0.9534,3.2735,1876624,17510129.0,1345099041.0,536009974.5
1997-03-03,'600814,杭州解百,9.44,9.48,9.12,9.12,9.12,0.32,3.5088,4.786,2743686,25734951.0,1358046518.4,541169428.8
1997-02-28,'600814,杭州解百,9.12,9.18,8.85,9.03,9.03,0.09,0.9967,2.7051,1550741,13964521.0,1312011043.2,522824702.4
1997-02-27,'600814,杭州解百,9.03,9.25,8.99,9.2,9.15,-0.12,-1.3115,3.6013,2064535,18851200.0,1299063565.8,517665248.1
1997-02-26,'600814,杭州解百,9.15,9.15,8.85,8.96,8.95,0.2,2.2346,2.8173,1615086,14563411.0,1316326869.0,524544520.5
1997-02-25,'600814,杭州解百,8.95,9.06,8.88,8.95,8.95,0.0,0.0,2.8988,1661823,14868337.0,1287554697.0,513079066.5
1997-02-24,'600814,杭州解百,8.95,9.1,8.82,9.0,8.9,0.05,0.5618,5.1835,2971570,26635685.0,1287554697.0,513079066.5
1997-02-21,'600814,杭州解百,8.9,8.95,8.4,8.4,8.37,0.53,6.3321,4.6407,2660387,23220087.0,1280361654.0,510212703.0
1997-02-20,'600814,杭州解百,8.37,8.4,7.7,7.7,8.56,-0.19,-2.2196,2.9828,1709971,14050181.0,1204115398.2,479829249.9
1997-02-19,'600814,杭州解百,8.56,8.7,8.2,8.2,8.04,0.52,6.4677,2.2415,1284983,10818072.0,1231448961.6,490721431.2
1997-02-18,'600814,杭州解百,8.04,8.96,8.0,8.95,8.88,-0.84,-9.4595,2.8634,1641500,13861552.0,1156641314.4,460911250.8
1997-02-17,'600814,杭州解百,8.88,9.0,8.7,8.9,8.89,-0.01,-0.1125,1.9449,1114941,9831399.0,1277484436.8,509066157.6
1997-01-31,'600814,杭州解百,8.89,9.03,8.81,8.83,8.89,0.0,0.0,1.6061,920728,8218734.0,1278923045.4,509639430.3
1997-01-30,'600814,杭州解百,8.89,9.15,8.85,9.15,9.06,-0.17,-1.8764,1.7027,976116,8730842.0,1278923045.4,509639430.3
1997-01-29,'600814,杭州解百,9.06,9.18,8.95,9.0,8.81,0.25,2.8377,5.0151,2875028,26127057.0,1303379391.6,519385066.2
1997-01-28,'600814,杭州解百,8.81,8.89,8.65,8.74,8.7,0.11,1.2644,2.1775,1248309,10939235.0,1267414176.6,505053248.7
1997-01-27,'600814,杭州解百,8.7,8.83,8.7,8.79,8.77,-0.07,-0.7982,1.5172,869762,7603709.0,1251589482.0,498747249.0
1997-01-24,'600814,杭州解百,8.77,8.83,8.6,8.8,8.78,-0.01,-0.1139,1.3159,754351,6591485.0,1261659742.2,502760157.9
1997-01-23,'600814,杭州解百,8.78,8.95,8.7,8.9,8.9,-0.12,-1.3483,1.5684,899106,7919609.0,1263098350.8,503333430.6
1997-01-22,'600814,杭州解百,8.9,8.98,8.48,8.5,8.51,0.39,4.5828,2.722,1560454,13719071.0,1280361654.0,510212703.0
1997-01-21,'600814,杭州解百,8.51,8.65,8.5,8.61,8.6,-0.09,-1.0465,0.7004,401500,3441584.0,1224255918.6,487855067.7
1997-01-20,'600814,杭州解百,8.6,8.61,8.5,8.58,8.56,0.04,0.4673,0.7828,448750,3844925.0,1237203396.0,493014522.0
1997-01-17,'600814,杭州解百,8.56,8.6,8.45,8.57,8.55,0.01,0.117,0.5815,333332,2839554.0,1231448961.6,490721431.2
1997-01-16,'600814,杭州解百,8.55,8.6,8.35,8.56,8.54,0.01,0.1171,0.5261,301623,2559392.0,1230010353.0,490148158.5
1997-01-15,'600814,杭州解百,8.54,8.61,8.38,8.4,8.42,0.12,1.4252,0.6624,379711,3239236.0,1228571744.4,489574885.8
1997-01-14,'600814,杭州解百,8.42,8.71,8.41,8.7,8.71,-0.29,-3.3295,0.8793,504052,4285109.0,1211308441.2,482695613.4
1997-01-13,'600814,杭州解百,8.71,8.85,8.62,8.62,8.6,0.11,1.2791,2.3189,1329339,11633833.0,1253028090.6,499320521.7
1997-01-10,'600814,杭州解百,8.6,8.63,8.42,8.58,8.56,0.04,0.4673,1.1273,646252,5541660.0,1237203396.0,493014522.0
1997-01-09,'600814,杭州解百,8.56,8.68,8.5,8.51,8.45,0.11,1.3018,1.1171,640401,5487206.0,1231448961.6,490721431.2
1997-01-08,'600814,杭州解百,8.45,8.51,8.3,8.39,8.43,0.02,0.2372,0.5501,315350,2649918.0,1215624267.0,484415431.5
1997-01-07,'600814,杭州解百,8.43,8.55,8.18,8.22,8.22,0.21,2.5547,0.7943,455353,3810771.0,1212747049.8,483268886.1
1997-01-06,'600814,杭州解百,8.22,8.39,8.18,8.25,8.35,-0.13,-1.5569,0.7129,408700,3380199.0,1182536269.2,471230159.4
1997-01-03,'600814,杭州解百,8.35,8.6,8.3,8.49,8.49,-0.14,-1.649,1.1203,642230,5435420.0,1201238181.0,478682704.5
1997-01-02,'600814,杭州解百,8.49,8.52,8.31,8.31,8.49,0.0,0.0,1.0712,614081,5178535.0,1221378701.4,486708522.3
1996-12-31,'600814,杭州解百,8.49,8.78,8.45,8.76,8.76,-0.27,-3.0822,1.9144,1097500,9401737.0,1221378701.4,486708522.3
1996-12-30,'600814,杭州解百,8.76,8.8,8.6,8.79,8.63,0.13,1.5064,2.4951,1430400,12471548.0,1260221133.6,502186885.2
1996-12-27,'600814,杭州解百,8.63,8.76,8.51,8.7,8.7,-0.07,-0.8046,2.3263,1333600,11538592.0,1241519221.8,494734340.1
1996-12-26,'600814,杭州解百,8.7,8.76,8.32,8.6,8.56,0.14,1.6355,3.0799,1765600,15229027.0,1251589482.0,498747249.0
1996-12-25,'600814,杭州解百,8.56,8.58,8.1,8.3,8.18,0.38,4.6455,2.5433,1458000,12240958.0,1231448961.6,490721431.2
1996-12-24,'600814,杭州解百,8.18,8.67,8.18,8.6,8.53,-0.35,-4.1032,2.1391,1226300,10295363.0,1176781834.8,468937068.6
1996-12-23,'600814,杭州解百,8.53,8.7,8.37,8.5,8.15,0.38,4.6626,4.2969,2463300,20969316.0,1227133135.8,489001613.1
1996-12-20,'600814,杭州解百,8.15,8.4,7.88,8.14,8.14,0.01,0.1229,5.0995,2923400,23628220.0,1172466009.0,467217250.5
1996-12-19,'600814,杭州解百,8.14,9.35,8.09,9.0,8.99,-0.85,-9.4549,6.8857,3947400,33993064.0,1171027400.4,466643977.8
1996-12-18,'600814,杭州解百,8.99,9.0,8.1,8.1,8.18,0.81,9.9022,6.3645,3648600,31404574.0,1293309131.4,515372157.3
1996-12-17,'600814,杭州解百,8.18,8.99,8.18,8.18,9.09,-0.91,-10.011,3.6998,2121000,17476024.0,1176781834.8,468937068.6
1996-12-16,'600814,杭州解百,9.09,9.09,9.09,9.09,10.1,-1.01,-10.0,0.8038,460800,4188672.0,1307695217.4,521104884.3
1996-12-13,'600814,杭州解百,10.1,10.8,10.1,10.7,10.95,-0.85,-7.7626,4.1301,2367700,24827736.0,1452994686.0,579005427.0
1996-12-12,'600814,杭州解百,10.95,11.98,10.75,11.88,11.67,-0.72,-6.1697,7.5343,4319200,48863576.0,1575276417.0,627733606.5
1996-12-11,'600814,杭州解百,11.67,11.9,11.13,11.25,11.23,0.44,3.9181,8.9038,5104300,58862736.0,1678856236.2,669009240.9
1996-12-10,'600814,杭州解百,11.23,11.45,10.9,11.4,11.46,-0.23,-2.007,7.3346,4204700,46932948.0,1615557457.8,643785242.1
1996-12-09,'600814,杭州解百,11.46,11.7,11.3,11.3,11.18,0.28,2.5045,9.9059,5678800,65228352.0,1648645455.6,656970514.2
1996-12-06,'600814,杭州解百,11.18,11.38,10.8,11.0,11.0,0.18,1.6364,10.3235,5918200,66332888.0,1608364414.8,640918878.6
1996-12-05,'600814,杭州解百,11.0,11.39,10.8,11.2,10.86,0.14,1.2891,12.9197,7406500,81847024.0,1582469460.0,630599970.0
1996-12-04,'600814,杭州解百,10.86,10.9,10.31,10.42,10.38,0.48,4.6243,8.2012,4701500,49714124.0,1562328939.6,622574152.2
1996-12-03,'600814,杭州解百,10.38,11.47,10.3,10.81,10.68,-0.3,-2.809,14.5278,8328400,91918008.0,1493275726.8,595057062.6
1996-12-02,'600814,杭州解百,10.68,10.69,10.05,10.05,9.97,0.71,7.1214,17.4934,10028500,104419968.0,1536433984.8,612255243.6
1996-11-29,'600814,杭州解百,9.97,10.1,9.6,9.6,9.6,0.37,3.8542,18.0548,10350300,102935664.0,1434292774.2,571552881.9
1996-11-28,'600814,杭州解百,9.6,9.8,8.92,9.0,8.97,0.63,7.0234,13.9885,8019200,76512752.0,1381064256.0,550341792.0
1996-11-27,'600814,杭州解百,8.97,9.17,8.48,8.65,8.65,0.32,3.6994,3.2278,1850400,16607787.0,1290431914.2,514225611.9
1996-11-26,'600814,杭州解百,8.65,8.73,8.49,8.66,8.52,0.13,1.5258,1.7918,1027200,8808896.0,1244396439.0,495880885.5
1996-11-25,'600814,杭州解百,8.52,8.53,8.21,8.21,8.19,0.33,4.0293,1.6331,936200,7873444.0,1225694527.2,488428340.4
1996-11-22,'600814,杭州解百,8.19,8.2,7.98,8.18,8.2,-0.01,-0.122,1.2307,705500,5711021.0,1178220443.4,469510341.3
1996-11-21,'600814,杭州解百,8.2,8.9,8.01,8.75,8.74,-0.54,-6.1785,1.2694,727700,6250210.0,1179659052.0,470083614.0
1996-11-20,'600814,杭州解百,8.74,8.93,8.6,8.88,8.82,-0.08,-0.907,1.3475,772500,6762221.0,1257343916.4,501040339.8
1996-11-19,'600814,杭州解百,8.82,9.2,8.8,8.98,8.85,-0.03,-0.339,2.0142,1154700,10420572.0,1268852785.2,505626521.4
1996-11-18,'600814,杭州解百,8.85,8.88,8.3,8.45,8.28,0.57,6.8841,1.1747,673400,5765770.0,1273168611.0,507346339.5
1996-11-15,'600814,杭州解百,8.28,8.58,8.27,8.4,8.34,-0.06,-0.7194,1.1563,662900,5554352.0,1191167920.8,474669795.6
1996-11-14,'600814,杭州解百,8.34,8.44,8.25,8.3,8.27,0.07,0.8464,0.6606,378700,3153095.0,1199799572.4,478109431.8
1996-11-13,'600814,杭州解百,8.27,8.45,8.2,8.4,8.4,-0.13,-1.5476,0.5205,298400,2484495.0,1189729312.2,474096522.9
1996-11-12,'600814,杭州解百,8.4,8.45,8.35,8.4,8.34,0.06,0.7194,0.4354,249600,2097254.0,1208431224.0,481549068.0
1996-11-11,'600814,杭州解百,8.34,8.39,8.27,8.3,8.27,0.07,0.8464,0.3977,228000,1899271.0,1199799572.4,478109431.8
1996-11-08,'600814,杭州解百,8.27,8.4,8.21,8.3,8.3,-0.03,-0.3614,0.3149,180500,1494132.0,1189729312.2,474096522.9
1996-11-07,'600814,杭州解百,8.3,8.49,8.18,8.25,8.24,0.06,0.7282,0.714,409300,3394536.0,1194045138.0,475816341.0
1996-11-06,'600814,杭州解百,8.24,8.63,7.5,7.5,8.39,-0.15,-1.7878,0.8301,475900,3835896.0,1185413486.4,472376704.8
1996-11-05,'600814,杭州解百,8.39,8.58,8.3,8.5,8.5,-0.11,-1.2941,0.7621,436900,3684883.0,1206992615.4,480975795.3
1996-11-04,'600814,杭州解百,8.5,8.54,8.39,8.4,8.4,0.1,1.1905,0.7661,439200,3717373.0,1222817310.0,487281795.0
1996-11-01,'600814,杭州解百,8.4,8.8,8.21,8.7,8.88,-0.48,-5.4054,1.235,708000,6051716.0,1208431224.0,481549068.0
1996-10-31,'600814,杭州解百,8.88,9.1,8.75,8.92,8.83,0.05,0.5663,1.4789,847800,7508943.0,1277484436.8,509066157.6
1996-10-30,'600814,杭州解百,8.83,9.48,8.8,9.4,9.38,-0.55,-5.8635,2.0053,1149600,10471291.0,1270291393.8,506199794.1
1996-10-29,'600814,杭州解百,9.38,9.72,9.18,9.3,9.2,0.18,1.9565,5.4065,3099400,29207616.0,1349414866.8,537729792.6
1996-10-28,'600814,杭州解百,9.2,9.45,9.1,9.25,9.3,-0.1,-1.0753,5.0718,2907500,26981122.0,1323519912.0,527410884.0
1996-10-25,'600814,杭州解百,9.3,9.4,9.25,9.4,9.4,-0.1,-1.0638,1.7217,987000,9172149.0,1337905998.0,533143611.0
1996-10-24,'600814,杭州解百,9.4,9.58,9.28,9.5,9.46,-0.06,-0.6342,1.8904,1083700,10222939.0,1352292084.0,538876338.0
1996-10-23,'600814,杭州解百,9.46,9.58,9.2,9.3,9.3,0.16,1.7204,3.7452,2147000,20188130.0,1360923735.6,542315974.2
1996-10-22,'600814,杭州解百,9.3,9.39,8.58,9.1,9.18,0.12,1.3072,3.0031,1721600,15860801.0,1337905998.0,533143611.0
1996-10-21,'600814,杭州解百,9.18,9.22,9.08,9.19,9.19,-0.01,-0.1088,1.6036,919300,8401480.0,1320642694.8,526264338.6
1996-10-18,'600814,杭州解百,9.19,9.59,9.08,9.55,9.54,-0.35,-3.6688,1.1358,651100,6074381.0,1322081303.4,526837611.3
1996-10-17,'600814,杭州解百,9.54,9.54,9.29,9.29,9.53,0.01,0.1049,2.6382,1512400,14217699.0,1372432604.4,546902155.8
1996-10-16,'600814,杭州解百,9.53,9.8,9.35,9.8,9.9,-0.37,-3.7374,5.224,2994800,28486802.0,1370993995.8,546328883.1
1996-10-15,'600814,杭州解百,9.9,10.04,9.28,9.98,9.55,0.35,3.6649,11.9516,6851500,65806456.0,1424222514.0,567539973.0
1996-10-14,'600814,杭州解百,9.55,9.55,9.25,9.25,9.26,0.29,3.1317,4.8337,2771000,25970846.0,1373871213.0,547475428.5
1996-10-11,'600814,杭州解百,9.26,9.48,9.2,9.4,9.4,-0.14,-1.4894,1.115,639200,5938819.0,1332151563.6,530850520.2
1996-10-10,'600814,杭州解百,9.4,9.5,9.25,9.25,9.28,0.12,1.2931,1.4555,834400,7824463.0,1352292084.0,538876338.0
1996-10-09,'600814,杭州解百,9.28,9.58,9.15,9.42,9.4,-0.12,-1.2766,1.77,1014700,9490979.0,1335028780.8,531997065.6
1996-10-08,'600814,杭州解百,9.4,9.6,9.32,9.36,9.36,0.04,0.4274,1.968,1128200,10705308.0,1352292084.0,538876338.0
1996-10-07,'600814,杭州解百,9.36,9.5,9.25,9.47,9.47,-0.11,-1.1616,0.5087,291600,2730532.0,1346537649.6,536583247.2
1996-10-04,'600814,杭州解百,9.47,9.85,9.38,9.7,9.76,-0.29,-2.9713,1.4571,835300,8024997.0,1362362344.2,542889246.9
1996-10-03,'600814,杭州解百,9.76,10.25,9.71,10.18,9.96,-0.2,-2.008,3.5569,2039100,20312458.0,1404081993.6,559514155.2
1996-09-27,'600814,杭州解百,9.96,10.0,9.7,9.76,9.76,0.2,2.0492,7.5196,4310800,42475848.0,1432854165.6,570979609.2
1996-09-26,'600814,杭州解百,9.76,9.8,9.55,9.7,9.72,0.04,0.4115,7.0305,4030400,39106772.0,1404081993.6,559514155.2
1996-09-25,'600814,杭州解百,9.72,9.75,9.27,9.35,9.01,0.71,7.8801,8.9411,5125700,48902744.0,1398327559.2,557221064.4
1996-09-24,'600814,杭州解百,9.01,9.6,9.0,9.6,9.6,-0.59,-6.1458,3.5906,2058400,19264800.0,1296186348.6,516518702.7
1996-09-23,'600814,杭州解百,9.6,9.77,9.1,9.1,9.3,0.3,3.2258,8.8342,5064400,48319028.0,1381064256.0,550341792.0
1996-09-20,'600814,杭州解百,9.3,9.3,8.66,8.85,8.85,0.45,5.0847,2.204,1263500,11401473.0,1337905998.0,533143611.0
1996-09-19,'600814,杭州解百,8.85,8.88,8.48,8.5,8.67,0.18,2.0761,0.9514,545400,4719462.0,1273168611.0,507346339.5
1996-09-18,'600814,杭州解百,8.67,9.28,8.51,9.25,9.2,-0.53,-5.7609,2.0024,1147900,10268451.0,1247273656.2,497027430.9
1996-09-17,'600814,杭州解百,9.2,9.37,8.96,9.35,9.32,-0.12,-1.2876,3.2717,1875600,17238482.0,1323519912.0,527410884.0
1996-09-16,'600814,杭州解百,9.32,9.37,8.86,9.17,9.15,0.17,1.8579,4.7846,2742900,25106460.0,1340783215.2,534290156.4
1996-09-13,'600814,杭州解百,9.15,9.15,8.5,8.71,8.71,0.44,5.0517,2.7865,1597400,14146816.0,1316326869.0,524544520.5
1996-09-12,'600814,杭州解百,8.71,8.86,8.65,8.75,8.72,-0.01,-0.1147,3.4364,1970000,17182500.0,1253028090.6,499320521.7
1996-09-11,'600814,杭州解百,8.72,8.72,8.38,8.55,8.45,0.27,3.1953,2.0039,1148800,9828349.0,1254466699.2,499893794.4
1996-09-10,'600814,杭州解百,8.45,8.67,8.2,8.35,8.37,0.08,0.9558,3.3766,1935700,16331862.0,1215624267.0,484415431.5
1996-09-09,'600814,杭州解百,8.37,8.51,8.3,8.49,8.58,-0.21,-2.4476,1.3016,746200,6260263.0,1204115398.2,479829249.9
1996-09-06,'600814,杭州解百,8.58,8.9,8.42,8.8,8.78,-0.2,-2.2779,0.9941,569900,4919537.0,1234326178.8,491867976.6
1996-09-05,'600814,杭州解百,8.78,9.1,8.75,8.8,8.75,0.03,0.3429,2.0971,1202200,10806120.0,1263098350.8,503333430.6
1996-09-04,'600814,杭州解百,8.75,8.9,8.51,8.55,8.63,0.12,1.3905,0.7761,444900,3880735.0,1258782525.0,501613612.5
1996-09-03,'600814,杭州解百,8.63,9.0,8.6,8.9,8.88,-0.25,-2.8153,0.7066,405100,3575649.0,1241519221.8,494734340.1
1996-09-02,'600814,杭州解百,8.88,9.05,8.8,9.05,9.12,-0.24,-2.6316,1.2068,691800,6161761.0,1277484436.8,509066157.6
1996-08-30,'600814,杭州解百,9.12,9.2,8.78,8.8,8.72,0.4,4.5872,1.9574,1122100,10161310.0,1312011043.2,522824702.4
1996-08-29,'600814,杭州解百,8.72,8.9,8.62,8.8,8.79,-0.07,-0.7964,0.7496,429700,3743572.0,1254466699.2,499893794.4
1996-08-28,'600814,杭州解百,8.79,9.02,8.64,8.68,8.58,0.21,2.4476,1.3079,749800,6624745.0,1264536959.4,503906703.3
1996-08-27,'600814,杭州解百,8.58,8.58,8.32,8.46,8.46,0.12,1.4184,0.8132,466200,3950633.0,1234326178.8,491867976.6
1996-08-26,'600814,杭州解百,8.46,8.74,8.42,8.7,8.82,-0.36,-4.0816,0.7501,430000,3708110.0,1217062875.6,484988704.2
1996-08-23,'600814,杭州解百,8.82,9.1,8.65,9.0,9.0,-0.18,-2.0,1.8049,1034700,9097725.0,1268852785.2,505626521.4
1996-08-22,'600814,杭州解百,9.0,9.24,8.98,9.1,8.92,0.08,0.8969,2.2056,1264400,11483483.0,1294747740.0,515945430.0
1996-08-21,'600814,杭州解百,8.92,9.1,8.7,8.7,8.68,0.24,2.765,1.2341,707500,6340151.0,1283238871.2,511359248.4
1996-08-20,'600814,杭州解百,8.68,8.98,8.65,8.85,8.9,-0.22,-2.4719,1.1286,647000,5673609.0,1248712264.8,497600703.6
1996-08-19,'600814,杭州解百,8.9,9.25,8.82,9.25,9.32,-0.42,-4.5064,1.0777,617800,5573081.0,1280361654.0,510212703.0
1996-08-16,'600814,杭州解百,9.32,9.5,9.15,9.5,9.5,-0.18,-1.8947,1.5115,866500,8043030.0,1340783215.2,534290156.4
1996-08-15,'600814,杭州解百,9.5,9.78,9.48,9.56,9.56,-0.06,-0.6276,1.6722,958600,9264629.0,1366678170.0,544609065.0
1996-08-14,'600814,杭州解百,9.56,9.68,9.41,9.46,9.46,0.1,1.0571,1.2211,700000,6668735.0,1375309821.6,548048701.2
1996-08-13,'600814,杭州解百,9.46,9.66,9.4,9.62,9.65,-0.19,-1.9689,0.854,489600,4652817.0,1360923735.6,542315974.2
1996-08-12,'600814,杭州解百,9.65,9.8,9.4,9.51,9.42,0.23,2.4416,1.4168,812200,7797406.0,1388257299.0,553208155.5
1996-08-09,'600814,杭州解百,9.42,9.45,9.25,9.4,9.51,-0.09,-0.9464,1.7304,992000,9276955.0,1355169301.2,540022883.4
1996-08-08,'600814,杭州解百,9.51,9.68,9.36,9.6,9.58,-0.07,-0.7307,1.5235,873400,8289895.0,1368116778.6,545182337.7
1996-08-07,'600814,杭州解百,9.58,9.71,9.45,9.56,9.53,0.05,0.5247,2.4208,1387800,13303399.0,1378187038.8,549195246.6
1996-08-06,'600814,杭州解百,9.53,9.77,9.2,9.65,9.6,-0.07,-0.7292,1.1265,645800,6123346.0,1370993995.8,546328883.1
1996-08-05,'600814,杭州解百,9.6,9.75,9.39,9.75,9.42,0.18,1.9108,0.985,564700,5390977.0,1381064256.0,550341792.0
1996-08-02,'600814,杭州解百,9.42,9.89,9.28,9.6,9.3,0.12,1.2903,2.7378,1569500,15067790.0,1355169301.2,540022883.4
1996-08-01,'600814,杭州解百,9.3,9.6,9.1,9.55,9.55,-0.25,-2.6178,2.1131,1211400,11348315.0,1337905998.0,533143611.0
1996-07-31,'600814,杭州解百,9.55,9.87,9.46,9.78,9.78,-0.23,-2.3517,2.1412,1227500,11823939.0,1373871213.0,547475428.5
1996-07-30,'600814,杭州解百,9.78,10.2,9.5,10.08,10.05,-0.27,-2.6866,1.8675,1070600,10682426.0,1406959210.8,560660700.6
1996-07-29,'600814,杭州解百,10.05,10.17,9.9,9.9,9.86,0.19,1.927,2.4303,1393200,14002722.0,1445801643.0,576139063.5
1996-07-26,'600814,杭州解百,9.86,10.35,9.78,10.2,10.18,-0.32,-3.1434,4.4565,2554800,25766416.0,1418468079.6,565246882.2
1996-07-25,'600814,杭州解百,10.18,10.69,10.01,10.5,10.69,-0.51,-4.7708,5.9316,3400400,35281816.0,1464503554.8,583591608.6
1996-07-24,'600814,杭州解百,10.69,10.93,10.5,10.6,10.45,0.24,2.2967,6.7082,3845600,41194896.0,1537872593.4,612828516.3
1996-07-23,'600814,杭州解百,10.45,10.71,10.29,10.4,10.25,0.2,1.9512,5.9937,3436000,36015472.0,1503345987.0,599069971.5
1996-07-22,'600814,杭州解百,10.25,10.5,10.1,10.1,10.1,0.15,1.4851,7.2151,4136200,42613716.0,1474573815.0,587604517.5
1996-07-19,'600814,杭州解百,10.1,10.28,9.88,10.05,10.05,0.05,0.4975,5.3369,3059500,30735142.0,1452994686.0,579005427.0
1996-07-18,'600814,杭州解百,10.05,10.19,9.95,9.95,9.95,0.1,1.005,3.8462,2204900,22162516.0,1445801643.0,576139063.5
1996-07-17,'600814,杭州解百,9.95,10.55,9.8,10.55,10.36,-0.41,-3.9575,6.967,3994000,41071312.0,1431415557.0,570406336.5
1996-07-16,'600814,杭州解百,10.36,10.4,9.95,10.08,9.9,0.46,4.6465,7.6128,4364200,44407152.0,1490398509.6,593910517.2
1996-07-15,'600814,杭州解百,9.9,10.38,9.62,10.08,9.95,-0.05,-0.5025,8.4588,4849200,48727320.0,1424222514.0,567539973.0
1996-07-12,'600814,杭州解百,0.0,0.0,0.0,0.0,9.95,None,None,0.0,0,0.0,1431415557.0,570406336.5
1996-07-11,'600814,杭州解百,9.95,10.6,9.8,10.6,10.73,-0.78,-7.2693,13.8597,7945400,81831320.0,1431415557.0,570406336.5
1996-07-10,'600814,杭州解百,10.73,10.78,9.92,10.26,10.06,0.67,6.66,18.4999,10605500,108494928.0,1543627027.8,615121607.1
1996-07-09,'600814,杭州解百,10.06,10.18,9.35,9.58,9.17,0.89,9.7056,16.5108,9465200,92015032.0,1447240251.6,576712336.2
1996-07-08,'600814,杭州解百,9.17,9.2,8.58,8.58,8.5,0.67,7.8824,14.6103,8375700,75314024.0,1319204086.2,525691065.9
1996-07-05,'600814,杭州解百,8.5,8.95,8.43,8.9,8.8,-0.3,-3.4091,8.1242,4657400,40432488.0,1222817310.0,487281795.0
1996-07-04,'600814,杭州解百,8.8,8.98,8.37,8.46,8.31,0.49,5.8965,14.349,8225900,71070184.0,1265975568.0,504479976.0
1996-07-03,'600814,杭州解百,8.31,8.35,7.81,7.81,7.74,0.57,7.3643,10.7827,6181400,50207672.0,1195483746.6,476389613.7
1996-07-02,'600814,杭州解百,7.74,7.97,7.58,7.78,7.9,-0.16,-2.0253,5.6926,3263400,25278112.0,1113483056.4,443713069.8
1996-07-01,'600814,杭州解百,7.9,8.5,7.81,8.49,7.56,0.34,4.4974,21.1999,12153300,99123960.0,1136500794.0,452885433.0
1996-06-28,'600814,杭州解百,7.56,7.62,7.18,7.38,7.24,0.32,4.4199,6.8547,3929600,29091708.0,1087588101.6,433394161.2
1996-06-27,'600814,杭州解百,7.24,7.6,7.18,7.3,7.2,0.04,0.5556,7.3389,4207200,31058308.0,1041552626.4,415049434.8
1996-06-26,'600814,杭州解百,7.2,7.25,6.68,6.75,6.71,0.49,7.3025,2.668,1529500,10677182.0,1035798192.0,412756344.0
1996-06-25,'600814,杭州解百,6.71,6.9,6.32,6.5,6.9,-0.19,-2.7536,2.33,1335700,9021391.0,965306370.6,384665981.7
1996-06-24,'600814,杭州解百,6.9,7.08,6.85,7.0,7.08,-0.18,-2.5424,2.9612,1697600,11756870.0,992639934.0,395558163.0
1996-06-21,'600814,杭州解百,7.18,7.39,7.12,7.3,7.25,-0.07,-0.9655,1.5745,902600,6534425.0,1032920974.8,411609798.6
1996-06-20,'600814,杭州解百,7.25,7.36,7.08,7.25,7.31,-0.06,-0.8208,3.9292,2252500,16295885.0,1042991235.0,415622707.5
1996-06-19,'600814,杭州解百,7.31,7.6,7.08,7.5,7.35,-0.04,-0.5442,6.4713,3709800,27226124.0,1051622886.6,419062343.7
1996-06-18,'600814,杭州解百,7.35,7.4,7.0,7.0,7.0,0.35,5.0,5.5324,3171600,22821524.0,1057377321.0,421355434.5
1996-06-17,'600814,杭州解百,7.0,7.69,6.95,7.34,7.05,-0.05,-0.7092,6.5833,3774000,27606590.0,1007026020.0,401290890.0
1996-06-14,'600814,杭州解百,7.05,7.49,7.0,7.3,7.24,-0.19,-2.6243,8.3676,4796900,34540048.0,1014219063.0,404157253.5
1996-06-13,'600814,杭州解百,7.24,7.46,6.7,7.09,7.19,0.05,0.6954,10.3394,5927300,42053428.0,1041552626.4,415049434.8
1996-06-12,'600814,杭州解百,7.19,7.98,7.0,7.8,7.79,-0.6,-7.7022,16.998,9744500,73824448.0,1034359583.4,412183071.3
1996-06-11,'600814,杭州解百,7.79,7.88,7.28,7.5,7.35,0.44,5.9864,35.3357,20257000,153264256.0,1120676099.4,446579433.3
1996-06-10,'600814,杭州解百,7.35,7.41,6.16,6.16,5.8,1.55,26.7241,27.8904,15988800,109262888.0,1057377321.0,421355434.5
1996-06-07,'600814,杭州解百,5.8,6.03,5.5,5.5,5.4,0.4,7.4074,6.7708,3881500,22788342.0,834392988.0,332498166.0
1996-06-06,'600814,杭州解百,5.4,5.64,5.33,5.6,5.5,-0.1,-1.8182,1.8,1031900,5673954.0,776848644.0,309567258.0
1996-06-05,'600814,杭州解百,5.5,5.5,5.26,5.3,5.25,0.25,4.7619,1.2057,691200,3712470.0,791234730.0,315299985.0
1996-06-04,'600814,杭州解百,5.25,5.65,5.2,5.2,5.18,0.07,1.3514,0.6958,398900,2108162.0,755269515.0,300968167.5
1996-06-03,'600814,杭州解百,5.18,5.3,4.81,5.25,5.26,-0.08,-1.5209,0.6721,385300,2001234.0,745199254.8,296955258.6
1996-05-31,'600814,杭州解百,5.26,5.45,5.2,5.23,5.23,0.03,0.5736,0.5221,299300,1582796.0,756708123.6,301541440.2
1996-05-30,'600814,杭州解百,5.23,5.42,5.23,5.42,5.4,-0.17,-3.1481,0.5217,299100,1582016.0,752392297.8,299821622.1
1996-05-29,'600814,杭州解百,5.4,5.45,5.37,5.37,5.37,0.03,0.5587,0.246,141000,760788.0,776848644.0,309567258.0
1996-05-28,'600814,杭州解百,5.37,5.48,5.32,5.32,5.29,0.08,1.5123,0.2805,160800,862836.0,772532818.2,307847439.9
1996-05-27,'600814,杭州解百,5.29,5.36,5.28,5.3,5.35,-0.06,-1.1215,0.4164,238700,1265008.0,761023949.4,303261258.3
1996-05-24,'600814,杭州解百,5.35,5.42,5.3,5.31,5.47,-0.12,-2.1938,0.7745,444000,2382422.0,769655601.0,306700894.5
1996-05-23,'600814,杭州解百,5.47,5.61,5.4,5.61,5.62,-0.15,-2.669,0.8144,466900,2567485.0,786918904.2,313580166.9
1996-05-22,'600814,杭州解百,5.63,5.67,5.5,5.54,5.5,0.13,2.3636,0.8748,501500,2792014.0,809936641.8,322752530.1
1996-05-21,'600814,杭州解百,5.5,5.95,5.5,5.84,5.9,-0.4,-6.7797,1.6263,932300,5320035.0,791234730.0,315299985.0
1996-05-20,'600814,杭州解百,5.9,6.1,5.85,5.85,5.75,0.15,2.6087,5.0683,2905500,17412970.0,848779074.0,338230893.0
1996-05-17,'600814,杭州解百,5.75,5.8,5.55,5.58,5.55,0.2,3.6036,1.1631,666800,3761563.0,827199945.0,329631802.5
1996-05-16,'600814,杭州解百,5.55,5.75,5.52,5.65,5.55,0.0,0.0,1.7283,990800,5597154.0,798427773.0,318166348.5
1996-05-15,'600814,杭州解百,5.55,5.6,5.48,5.55,5.51,0.04,0.726,0.8856,507700,2808124.0,798427773.0,318166348.5
1996-05-14,'600814,杭州解百,5.51,5.64,5.51,5.6,5.58,-0.07,-1.2545,0.8106,464700,2594554.0,792673338.6,315873257.7
1996-05-13,'600814,杭州解百,5.58,5.7,5.55,5.65,5.5,0.08,1.4545,0.7879,451700,2534244.0,802743598.8,319886166.6
1996-05-10,'600814,杭州解百,5.5,5.68,5.35,5.68,5.68,-0.18,-3.169,1.2034,689900,3789559.0,791234730.0,315299985.0
1996-05-09,'600814,杭州解百,6.45,6.59,6.38,6.48,6.48,-0.03,-0.463,2.3776,1239100,8048320.0,843547770.0,336146265.0
1996-05-08,'600814,杭州解百,6.46,6.6,6.41,6.5,6.57,-0.11,-1.6743,1.8781,978800,6355663.0,844855596.0,336667422.0
1996-05-07,'600814,杭州解百,6.57,6.77,6.4,6.6,6.42,0.15,2.3364,4.5276,2359600,15581446.0,859241682.0,342400149.0
1996-05-06,'600814,杭州解百,6.42,6.47,6.22,6.47,6.05,0.37,6.1157,1.7605,917500,5835651.0,839624292.0,334582794.0
1996-05-03,'600814,杭州解百,0.0,0.0,0.0,0.0,6.05,None,None,0.0,0,0.0,791234730.0,315299985.0
1996-05-02,'600814,杭州解百,6.05,6.68,6.01,6.55,6.2,-0.15,-2.4194,3.3901,1766800,11068077.0,791234730.0,315299985.0
1996-04-30,'600814,杭州解百,6.2,6.82,6.1,6.8,6.82,-0.62,-9.0909,3.8708,2017300,13234254.0,810852120.0,323117340.0
1996-04-29,'600814,杭州解百,6.75,6.77,6.51,6.57,6.36,0.39,6.1321,6.7066,3495200,23217020.0,882782550.0,351780975.0
1996-04-26,'600814,杭州解百,6.36,6.65,6.04,6.04,6.06,0.3,4.9505,7.9093,4122000,26179250.0,831777336.0,331455852.0
1996-04-25,'600814,杭州解百,6.06,6.45,6.01,6.38,6.38,-0.32,-5.0157,4.4405,2314200,14296660.0,792542556.0,315821142.0
1996-04-24,'600814,杭州解百,6.38,6.38,6.0,6.01,6.08,0.3,4.9342,8.3326,4342600,26657938.0,834392988.0,332498166.0
1996-04-23,'600814,杭州解百,6.08,6.1,5.46,5.46,5.51,0.57,10.3448,2.8183,1468800,8477593.0,795158208.0,316863456.0
1996-04-22,'600814,杭州解百,5.51,5.75,5.5,5.54,5.46,0.05,0.9158,3.2756,1707100,9563051.0,720612126.0,287157507.0
1996-04-19,'600814,杭州解百,5.46,5.47,5.35,5.37,5.36,0.1,1.8657,1.6554,862700,4683647.0,714072996.0,284551722.0
1996-04-18,'600814,杭州解百,5.36,5.36,5.21,5.23,5.25,0.11,2.0952,0.5593,291500,1543168.0,700994736.0,279340152.0
1996-04-17,'600814,杭州解百,5.25,5.29,5.23,5.25,5.25,0.0,0.0,0.4457,232300,1221365.0,686608650.0,273607425.0
1996-04-16,'600814,杭州解百,5.25,5.27,5.18,5.2,5.2,0.05,0.9615,0.4446,231700,1213970.0,686608650.0,273607425.0
1996-04-15,'600814,杭州解百,5.2,5.2,5.16,5.16,5.16,0.04,0.7752,0.3291,171500,888540.0,680069520.0,271001640.0
1996-04-12,'600814,杭州解百,5.16,5.21,5.14,5.15,5.15,0.01,0.1942,0.3617,188500,976727.0,674838216.0,268917012.0
1996-04-11,'600814,杭州解百,5.15,5.17,5.12,5.13,5.15,0.0,0.0,0.2195,114400,589352.0,673530390.0,268395855.0
1996-04-10,'600814,杭州解百,5.15,5.2,5.13,5.16,5.16,-0.01,-0.1938,0.1871,97500,503688.0,673530390.0,268395855.0
1996-04-09,'600814,杭州解百,5.16,5.17,5.1,5.14,5.15,0.01,0.1942,0.1717,89500,460169.0,674838216.0,268917012.0
1996-04-08,'600814,杭州解百,5.15,5.2,5.13,5.17,5.17,-0.02,-0.3868,0.2652,138200,714386.0,673530390.0,268395855.0
1996-04-05,'600814,杭州解百,5.17,5.18,5.07,5.07,5.06,0.11,2.1739,0.1779,92700,475558.0,676146042.0,269438169.0
1996-04-04,'600814,杭州解百,5.08,5.09,5.01,5.01,5.08,0.0,0.0,0.0687,35800,181384.0,664375608.0,264747756.0
1996-04-03,'600814,杭州解百,5.08,5.16,5.0,5.02,5.07,0.01,0.1972,0.0762,39700,201276.0,664375608.0,264747756.0
1996-04-02,'600814,杭州解百,5.07,5.07,5.0,5.04,5.06,0.01,0.1976,0.2387,124400,626276.0,663067782.0,264226599.0
1996-04-01,'600814,杭州解百,5.06,5.21,5.05,5.05,5.02,0.04,0.7968,0.3531,184000,937285.0,661759956.0,263705442.0
1996-03-29,'600814,杭州解百,5.02,5.06,4.94,5.05,5.04,-0.02,-0.3968,0.1491,77700,388272.0,656528652.0,261620814.0
1996-03-28,'600814,杭州解百,5.04,5.1,5.04,5.04,5.1,-0.06,-1.1765,0.1211,63100,319306.0,659144304.0,262663128.0
1996-03-27,'600814,杭州解百,5.1,5.11,5.02,5.02,5.13,-0.03,-0.5848,0.137,71400,361918.0,666991260.0,265790070.0
1996-03-26,'600814,杭州解百,5.13,5.17,5.11,5.17,5.18,-0.05,-0.9653,0.1537,80100,412473.0,670914738.0,267353541.0
1996-03-25,'600814,杭州解百,5.18,5.2,5.13,5.18,5.18,0.0,0.0,0.2228,116100,601569.0,677453868.0,269959326.0
1996-03-22,'600814,杭州解百,5.18,5.18,5.13,5.15,5.17,0.01,0.1934,0.1786,93100,480083.0,677453868.0,269959326.0
1996-03-21,'600814,杭州解百,5.17,5.19,5.15,5.15,5.15,0.02,0.3883,0.1984,103400,535672.0,676146042.0,269438169.0
1996-03-20,'600814,杭州解百,5.15,5.2,5.1,5.1,5.12,0.03,0.5859,0.2214,115400,597296.0,673530390.0,268395855.0
1996-03-19,'600814,杭州解百,5.12,5.18,5.1,5.14,5.15,-0.03,-0.5825,0.1658,86400,444170.0,669606912.0,266832384.0
1996-03-18,'600814,杭州解百,5.15,5.15,5.08,5.13,5.13,0.02,0.3899,0.1556,81100,417072.0,673530390.0,268395855.0
1996-03-15,'600814,杭州解百,5.13,5.15,5.05,5.09,5.09,0.04,0.7859,0.2613,136200,694972.0,670914738.0,267353541.0
1996-03-14,'600814,杭州解百,5.09,5.13,5.07,5.1,5.1,-0.01,-0.1961,0.1466,76400,390083.0,665683434.0,265268913.0
1996-03-13,'600814,杭州解百,5.1,5.13,5.05,5.11,5.11,-0.01,-0.1957,0.1485,77400,395591.0,666991260.0,265790070.0
1996-03-12,'600814,杭州解百,5.11,5.13,5.03,5.1,5.17,-0.06,-1.1605,0.3072,160100,813921.0,668299086.0,266311227.0
1996-03-11,'600814,杭州解百,5.17,5.2,5.11,5.11,5.11,0.06,1.1742,0.4787,249500,1285938.0,676146042.0,269438169.0
1996-03-08,'600814,杭州解百,5.11,5.14,5.01,5.08,5.1,0.01,0.1961,0.2445,127400,647906.0,668299086.0,266311227.0
1996-03-07,'600814,杭州解百,5.1,5.11,5.0,5.0,5.01,0.09,1.7964,0.2965,154500,784207.0,666991260.0,265790070.0
1996-03-06,'600814,杭州解百,5.01,5.2,4.98,5.1,5.23,-0.22,-4.2065,0.6641,346100,1767615.0,655220826.0,261099657.0
1996-03-05,'600814,杭州解百,5.23,5.48,5.2,5.45,5.45,-0.22,-4.0367,0.9224,480700,2564558.0,683992998.0,272565111.0
1996-03-04,'600814,杭州解百,5.45,5.48,5.2,5.38,5.04,0.41,8.1349,1.4719,767100,4103659.0,712765170.0,284030565.0
1996-02-16,'600814,杭州解百,5.04,5.05,4.87,4.87,4.87,0.17,3.4908,0.9089,473700,2363303.0,659144304.0,262663128.0
1996-02-15,'600814,杭州解百,4.87,4.9,4.72,4.8,4.78,0.09,1.8828,0.2489,129700,627267.0,636911262.0,253803459.0
1996-02-14,'600814,杭州解百,4.78,4.84,4.78,4.8,4.79,-0.01,-0.2088,0.1479,77100,371027.0,625140828.0,249113046.0
1996-02-13,'600814,杭州解百,4.79,4.8,4.75,4.75,4.7,0.09,1.9149,0.1884,98200,470442.0,626448654.0,249634203.0
1996-02-12,'600814,杭州解百,4.7,4.7,4.66,4.67,4.7,0.0,0.0,0.0691,36000,168844.0,614678220.0,244943790.0
1996-02-09,'600814,杭州解百,4.7,4.78,4.66,4.78,4.66,0.04,0.8584,0.0416,21665,101495.0,614678220.0,244943790.0
1996-02-08,'600814,杭州解百,4.66,4.72,4.65,4.68,4.69,-0.03,-0.6397,0.0311,16200,76164.0,609446916.0,242859162.0
1996-02-07,'600814,杭州解百,4.69,4.69,4.65,4.65,4.62,0.07,1.5152,0.0591,30800,144121.0,613370394.0,244422633.0
1996-02-06,'600814,杭州解百,4.62,4.66,4.62,4.63,4.66,-0.04,-0.8584,0.1497,78000,361627.0,604215612.0,240774534.0
1996-02-05,'600814,杭州解百,4.66,4.9,4.64,4.9,4.73,-0.07,-1.4799,0.1238,64500,306561.0,609446916.0,242859162.0
1996-02-02,'600814,杭州解百,4.73,4.78,4.71,4.76,4.79,-0.06,-1.2526,0.1834,95600,453513.0,618601698.0,246507261.0
1996-02-01,'600814,杭州解百,4.79,4.85,4.77,4.84,4.78,0.01,0.2092,0.1489,77600,372050.0,626448654.0,249634203.0
1996-01-31,'600814,杭州解百,4.78,4.82,4.74,4.77,4.74,0.04,0.8439,0.2285,119100,569207.0,625140828.0,249113046.0
1996-01-30,'600814,杭州解百,4.74,4.82,4.74,4.82,4.8,-0.06,-1.25,0.1844,96100,457985.0,619909524.0,247028418.0
1996-01-29,'600814,杭州解百,4.8,4.87,4.7,4.7,4.69,0.11,2.3454,0.2015,105000,500404.0,627756480.0,250155360.0
1996-01-26,'600814,杭州解百,4.69,4.74,4.58,4.58,4.62,0.07,1.5152,0.1174,61200,286017.0,613370394.0,244422633.0
1996-01-25,'600814,杭州解百,4.62,4.82,4.6,4.6,4.62,0.0,0.0,0.2243,116900,547821.0,604215612.0,240774534.0
1996-01-24,'600814,杭州解百,4.62,4.68,4.58,4.58,4.56,0.06,1.3158,0.1048,54600,253060.0,604215612.0,240774534.0
1996-01-23,'600814,杭州解百,4.56,4.6,4.54,4.58,4.54,0.02,0.4405,0.0842,43900,201458.0,596368656.0,237647592.0
1996-01-22,'600814,杭州解百,4.54,4.59,4.5,4.59,4.59,-0.05,-1.0893,0.1025,53400,243132.0,593753004.0,236605278.0
1996-01-19,'600814,杭州解百,4.59,4.63,4.48,4.5,4.55,0.04,0.8791,0.1101,57400,262538.0,600292134.0,239211063.0
1996-01-18,'600814,杭州解百,4.55,4.65,4.51,4.65,4.68,-0.13,-2.7778,0.2882,150200,683804.0,595060830.0,237126435.0
1996-01-17,'600814,杭州解百,4.68,4.75,4.68,4.74,4.77,-0.09,-1.8868,0.1537,80100,378625.0,612062568.0,243901476.0
1996-01-16,'600814,杭州解百,4.77,4.85,4.75,4.8,4.8,-0.03,-0.625,0.0771,40200,192324.0,623833002.0,248591889.0
1996-01-15,'600814,杭州解百,4.8,4.84,4.71,4.72,4.8,0.0,0.0,0.0975,50800,243295.0,627756480.0,250155360.0
1996-01-12,'600814,杭州解百,4.8,4.86,4.7,4.75,4.79,0.01,0.2088,0.2615,136300,649012.0,627756480.0,250155360.0
1996-01-11,'600814,杭州解百,4.79,4.9,4.76,4.83,4.85,-0.06,-1.2371,0.1107,57700,277447.0,626448654.0,249634203.0
1996-01-10,'600814,杭州解百,4.85,4.9,4.7,4.9,4.97,-0.12,-2.4145,0.2366,123300,597573.0,634295610.0,252761145.0
1996-01-09,'600814,杭州解百,4.97,5.0,4.8,4.8,4.81,0.16,3.3264,0.247,128700,632319.0,649989522.0,259015029.0
1996-01-08,'600814,杭州解百,4.81,4.83,4.7,4.71,4.72,0.09,1.9068,0.1483,77300,370805.0,629064306.0,250676517.0
1996-01-05,'600814,杭州解百,4.72,5.01,4.65,4.99,4.93,-0.21,-4.2596,0.1951,101700,498466.0,617293872.0,245986104.0
1996-01-04,'600814,杭州解百,4.93,4.97,4.8,4.84,4.86,0.07,1.4403,0.2157,112400,550686.0,644758218.0,256930401.0
1996-01-03,'600814,杭州解百,4.86,4.9,4.71,4.8,4.83,0.03,0.6211,0.1903,99200,476528.0,635603436.0,253282302.0
1996-01-02,'600814,杭州解百,4.83,4.9,4.75,4.9,4.96,-0.13,-2.621,0.1331,69356,335311.0,631679958.0,251718831.0
1995-12-29,'600814,杭州解百,4.96,5.04,4.95,4.98,4.96,0.0,0.0,0.3402,177300,883957.0,648681696.0,258493872.0
1995-12-28,'600814,杭州解百,4.96,5.08,4.95,5.08,5.05,-0.09,-1.7822,0.2638,137500,686776.0,648681696.0,258493872.0
1995-12-27,'600814,杭州解百,5.05,5.05,4.98,5.03,5.03,0.02,0.3976,0.3049,158900,795637.0,660452130.0,263184285.0
1995-12-26,'600814,杭州解百,5.03,5.05,5.0,5.0,5.06,-0.03,-0.5929,0.1284,66900,336834.0,657836478.0,262141971.0
1995-12-25,'600814,杭州解百,5.06,5.09,5.0,5.01,5.11,-0.05,-0.9785,0.2571,134000,673563.0,661759956.0,263705442.0
1995-12-22,'600814,杭州解百,5.11,5.18,5.09,5.11,5.1,0.01,0.1961,0.1238,64500,330207.0,668299086.0,266311227.0
1995-12-21,'600814,杭州解百,5.1,5.2,5.08,5.15,5.15,-0.05,-0.9709,0.1481,77200,397128.0,666991260.0,265790070.0
1995-12-20,'600814,杭州解百,5.15,5.2,5.1,5.15,5.1,0.05,0.9804,0.1926,100400,514833.0,673530390.0,268395855.0
1995-12-19,'600814,杭州解百,5.1,5.25,5.02,5.04,5.03,0.07,1.3917,0.3037,158300,806524.0,666991260.0,265790070.0
1995-12-18,'600814,杭州解百,5.03,5.1,5.0,5.05,5.11,-0.08,-1.5656,0.5971,311200,1571001.0,657836478.0,262141971.0
1995-12-15,'600814,杭州解百,5.11,5.16,5.0,5.0,5.15,-0.04,-0.7767,0.2088,108800,557784.0,668299086.0,266311227.0
1995-12-14,'600814,杭州解百,5.15,5.18,5.11,5.15,5.1,0.05,0.9804,0.1382,72000,370590.0,673530390.0,268395855.0
1995-12-13,'600814,杭州解百,5.1,5.3,5.1,5.29,5.26,-0.16,-3.0418,0.1946,101400,525479.0,666991260.0,265790070.0
1995-12-12,'600814,杭州解百,5.26,5.31,5.15,5.2,5.23,0.03,0.5736,0.2448,127600,664705.0,687916476.0,274128582.0
1995-12-11,'600814,杭州解百,5.23,5.38,5.23,5.35,5.35,-0.12,-2.243,0.2199,114600,606896.0,683992998.0,272565111.0
1995-12-08,'600814,杭州解百,5.35,5.38,5.34,5.34,5.3,0.05,0.9434,0.1422,74100,397625.0,699686910.0,278818995.0
1995-12-07,'600814,杭州解百,5.3,5.34,5.24,5.31,5.32,-0.02,-0.3759,0.294,153200,812203.0,693147780.0,276213210.0
1995-12-06,'600814,杭州解百,5.32,5.39,5.32,5.35,5.36,-0.04,-0.7463,0.1088,56700,303553.0,695763432.0,277255524.0
1995-12-05,'600814,杭州解百,5.36,5.39,5.35,5.38,5.38,-0.02,-0.3717,0.0996,51900,279033.0,700994736.0,279340152.0
1995-12-04,'600814,杭州解百,5.38,5.38,5.31,5.33,5.33,0.05,0.9381,0.1153,60100,321578.0,703610388.0,280382466.0
1995-12-01,'600814,杭州解百,5.33,5.4,5.3,5.33,5.39,-0.06,-1.1132,0.2475,129000,688718.0,697071258.0,277776681.0
1995-11-30,'600814,杭州解百,5.39,5.48,5.32,5.38,5.4,-0.01,-0.1852,0.3018,157300,846546.0,704918214.0,280903623.0
1995-11-29,'600814,杭州解百,5.4,5.45,5.38,5.45,5.45,-0.05,-0.9174,0.2671,139179,751710.0,706226040.0,281424780.0
1995-11-28,'600814,杭州解百,5.45,5.45,5.38,5.38,5.38,0.07,1.3011,0.2245,117000,632394.0,712765170.0,284030565.0
1995-11-27,'600814,杭州解百,5.38,5.42,5.36,5.39,5.4,-0.02,-0.3704,0.3068,159900,862631.0,703610388.0,280382466.0
1995-11-24,'600814,杭州解百,5.4,5.43,5.38,5.4,5.39,0.01,0.1855,0.2262,117900,637686.0,706226040.0,281424780.0
1995-11-23,'600814,杭州解百,5.39,5.45,5.38,5.41,5.41,-0.02,-0.3697,0.3066,159800,863235.0,704918214.0,280903623.0
1995-11-22,'600814,杭州解百,5.41,5.56,5.41,5.55,5.55,-0.14,-2.5225,0.1844,96100,528798.0,707533866.0,281945937.0
1995-11-21,'600814,杭州解百,5.55,5.56,5.52,5.53,5.53,0.02,0.3617,0.1848,96300,534310.0,725843430.0,289242135.0
1995-11-20,'600814,杭州解百,5.53,5.59,5.5,5.51,5.52,0.01,0.1812,0.2124,110700,612241.0,723227778.0,288199821.0
1995-11-17,'600814,杭州解百,5.52,5.55,5.49,5.52,5.51,0.01,0.1815,0.3594,187302,1032387.0,721919952.0,287678664.0
1995-11-16,'600814,杭州解百,5.51,5.57,5.51,5.53,5.57,-0.06,-1.0772,0.3485,181600,1006138.0,720612126.0,287157507.0
1995-11-15,'600814,杭州解百,5.57,5.6,5.5,5.6,5.57,0.0,0.0,0.3496,182200,1011174.0,728459082.0,290284449.0
1995-11-14,'600814,杭州解百,5.57,5.64,5.51,5.55,5.55,0.02,0.3604,0.3651,190300,1058544.0,728459082.0,290284449.0
1995-11-13,'600814,杭州解百,5.55,5.62,5.55,5.61,5.65,-0.1,-1.7699,0.4313,224800,1252213.0,725843430.0,289242135.0
1995-11-10,'600814,杭州解百,5.65,5.7,5.65,5.67,5.71,-0.06,-1.0508,0.2051,106900,606765.0,738921690.0,294453705.0
1995-11-09,'600814,杭州解百,5.71,5.71,5.54,5.7,5.71,0.0,0.0,0.5269,274600,1548089.0,746768646.0,297580647.0
1995-11-08,'600814,杭州解百,5.71,5.75,5.67,5.75,5.79,-0.08,-1.3817,0.9082,473300,2698846.0,746768646.0,297580647.0
1995-11-07,'600814,杭州解百,5.79,5.88,5.77,5.88,5.88,-0.09,-1.5306,0.6708,304000,1774675.0,658461960.0,262391220.0
1995-11-06,'600814,杭州解百,5.88,5.94,5.75,5.77,5.77,0.11,1.9064,0.8652,392100,2294463.0,668697120.0,266469840.0
1995-11-03,'600814,杭州解百,5.77,5.78,5.73,5.73,5.73,0.04,0.6981,0.4601,208500,1201246.0,656187480.0,261484860.0
1995-11-02,'600814,杭州解百,5.73,5.76,5.72,5.76,5.76,-0.03,-0.5208,0.3641,165000,946863.0,651638520.0,259672140.0
1995-11-01,'600814,杭州解百,5.76,5.79,5.68,5.75,5.7,0.06,1.0526,0.8056,365100,2094633.0,655050240.0,261031680.0
1995-10-31,'600814,杭州解百,5.7,5.79,5.7,5.71,5.7,0.0,0.0,0.7672,347700,1993429.0,648226800.0,258312600.0
1995-10-30,'600814,杭州解百,5.7,5.8,5.69,5.75,5.72,-0.02,-0.3497,0.6995,317000,1815041.0,648226800.0,258312600.0
1995-10-27,'600814,杭州解百,5.72,5.88,5.61,5.88,5.9,-0.18,-3.0508,1.224,554700,3189946.0,650501280.0,259218960.0
1995-10-26,'600814,杭州解百,5.9,6.2,5.88,6.15,5.85,0.05,0.8547,4.989,2260900,13712557.0,670971600.0,267376200.0
1995-10-25,'600814,杭州解百,0.0,0.0,0.0,0.0,5.85,None,None,0.0,0,0.0,665285400.0,265110300.0
1995-10-24,'600814,杭州解百,5.85,5.95,5.85,5.88,5.88,-0.03,-0.5102,1.4959,677900,3999684.0,665285400.0,265110300.0
1995-10-23,'600814,杭州解百,5.88,5.95,5.75,5.8,5.74,0.14,2.439,3.7076,1680200,9866469.0,668697120.0,266469840.0
1995-10-20,'600814,杭州解百,5.74,5.76,5.57,5.6,5.65,0.09,1.5929,0.5737,260000,1473525.0,652775760.0,260125320.0
1995-10-19,'600814,杭州解百,5.65,5.77,5.65,5.7,5.7,-0.05,-0.8772,0.7933,359500,2049095.0,642540600.0,256046700.0
1995-10-18,'600814,杭州解百,5.7,5.7,5.6,5.65,5.61,0.09,1.6043,0.6779,307200,1741768.0,648226800.0,258312600.0
1995-10-17,'600814,杭州解百,5.66,5.75,5.6,5.75,5.75,-0.09,-1.5652,0.3824,173300,981673.0,643677840.0,256499880.0
1995-10-16,'600814,杭州解百,5.66,5.75,5.6,5.75,5.75,-0.09,-1.5652,0.3824,173300,981000.0,643677840.0,256499880.0
1995-10-13,'600814,杭州解百,5.75,5.75,5.5,5.56,5.55,0.2,3.6036,0.955,432800,2428000.0,653913000.0,260578500.0
1995-10-12,'600814,杭州解百,5.55,5.62,5.54,5.62,5.62,-0.07,-1.2456,0.8842,400700,2236000.0,631168200.0,251514900.0
1995-10-11,'600814,杭州解百,5.62,5.62,5.52,5.6,5.62,0.0,0.0,0.5585,253100,1413000.0,639128880.0,254687160.0
1995-10-10,'600814,杭州解百,5.62,5.68,5.55,5.55,5.6,0.02,0.3571,0.4168,188900,1056000.0,639128880.0,254687160.0
1995-10-09,'600814,杭州解百,5.6,5.65,5.6,5.6,5.67,-0.07,-1.2346,0.7313,331400,1861000.0,636854400.0,253780800.0
1995-10-06,'600814,杭州解百,5.67,5.75,5.67,5.75,5.75,-0.08,-1.3913,0.3956,179300,1025000.0,644815080.0,256953060.0
1995-10-05,'600814,杭州解百,5.75,5.75,5.62,5.64,5.66,0.09,1.5901,0.391,177200,1011000.0,653913000.0,260578500.0
1995-10-04,'600814,杭州解百,5.66,5.7,5.62,5.7,5.92,-0.26,-4.3919,0.1456,66000,752000.0,643677840.0,256499880.0
1995-09-29,'600814,杭州解百,5.92,5.98,5.82,5.87,5.85,0.07,1.1966,1.448,656200,3874000.0,673246080.0,268282560.0
1995-09-28,'600814,杭州解百,5.85,5.9,5.8,5.83,5.89,-0.04,-0.6791,1.5045,681800,3976000.0,665285400.0,265110300.0
1995-09-27,'600814,杭州解百,5.89,6.0,5.85,5.86,6.12,-0.23,-3.7582,0.7103,321900,1900000.0,669834360.0,266923020.0
1995-09-26,'600814,杭州解百,6.12,6.15,6.1,6.12,6.1,0.02,0.3279,0.2502,113400,695000.0,695990880.0,277346160.0
1995-09-25,'600814,杭州解百,6.1,6.11,6.01,6.1,6.1,0.0,0.0,0.4457,202000,1223000.0,693716400.0,276439800.0
1995-09-22,'600814,杭州解百,6.1,6.16,6.05,6.15,6.14,-0.04,-0.6515,0.3537,160300,978000.0,693716400.0,276439800.0
1995-09-21,'600814,杭州解百,6.14,6.21,6.1,6.1,6.08,0.06,0.9868,0.6938,314400,1936000.0,698265360.0,278252520.0
1995-09-20,'600814,杭州解百,6.08,6.15,6.01,6.02,6.07,0.01,0.1647,0.6432,291500,1766000.0,691441920.0,275533440.0
1995-09-19,'600814,杭州解百,6.07,6.25,6.03,6.25,6.2,-0.13,-2.0968,0.7421,336300,2054000.0,690304680.0,275080260.0
1995-09-18,'600814,杭州解百,6.2,6.25,6.16,6.21,6.25,-0.05,-0.8,0.3758,170300,1052000.0,705088800.0,280971600.0
1995-09-15,'600814,杭州解百,6.25,6.59,6.09,6.15,6.18,0.07,1.1327,0.9515,431200,2710000.0,710775000.0,283237500.0
1995-09-14,'600814,杭州解百,6.18,6.3,6.08,6.29,6.29,-0.11,-1.7488,1.0594,480100,2976000.0,702814320.0,280065240.0
1995-09-13,'600814,杭州解百,6.29,6.3,6.2,6.25,6.27,0.02,0.319,0.8458,383300,2396000.0,715323960.0,285050220.0
1995-09-12,'600814,杭州解百,6.27,6.63,6.22,6.58,6.4,-0.13,-2.0313,1.2745,577600,3713000.0,713049480.0,284143860.0
1995-09-11,'600814,杭州解百,6.4,6.55,6.25,6.28,6.24,0.16,2.5641,1.4478,656100,4146000.0,727833600.0,290035200.0
1995-09-08,'600814,杭州解百,6.24,6.44,6.18,6.4,6.4,-0.16,-2.5,1.2785,579400,3631000.0,709637760.0,282784320.0
1995-09-07,'600814,杭州解百,6.4,6.71,6.31,6.65,6.57,-0.17,-2.5875,3.2193,1458900,9496000.0,727833600.0,290035200.0
1995-09-06,'600814,杭州解百,6.57,6.8,6.3,6.3,6.26,0.31,4.9521,6.3284,2867900,18704000.0,747166680.0,297739260.0
1995-09-05,'600814,杭州解百,6.26,6.45,6.15,6.19,6.18,0.08,1.2945,3.1537,1429200,9018000.0,711912240.0,283690680.0
1995-09-04,'600814,杭州解百,6.18,6.2,6.04,6.06,6.05,0.13,2.1488,0.861,390200,2397000.0,702814320.0,280065240.0
1995-09-01,'600814,杭州解百,6.05,6.07,5.99,6.04,6.04,0.01,0.1656,0.3692,167300,1005000.0,688030200.0,274173900.0
1995-08-31,'600814,杭州解百,6.04,6.15,5.94,6.15,5.98,0.06,1.0033,0.3153,142900,858000.0,686892960.0,273720720.0
1995-08-30,'600814,杭州解百,5.98,6.1,5.95,6.1,6.03,-0.05,-0.8292,0.3539,160400,965000.0,680069520.0,271001640.0
1995-08-29,'600814,杭州解百,6.03,6.14,6.01,6.05,6.05,-0.02,-0.3306,0.5336,241800,1466000.0,685755720.0,273267540.0
1995-08-28,'600814,杭州解百,6.05,6.15,6.03,6.03,6.04,0.01,0.1656,0.2657,120400,730000.0,688030200.0,274173900.0
1995-08-25,'600814,杭州解百,6.04,6.13,6.04,6.1,6.12,-0.08,-1.3072,0.4263,193200,1174000.0,686892960.0,273720720.0
1995-08-24,'600814,杭州解百,6.12,6.2,6.0,6.2,6.2,-0.08,-1.2903,0.76,344400,2093000.0,695990880.0,277346160.0
1995-08-23,'600814,杭州解百,6.2,6.23,6.0,6.1,6.05,0.15,2.4793,0.9425,427100,2603000.0,705088800.0,280971600.0
1995-08-22,'600814,杭州解百,6.05,6.2,6.03,6.2,6.08,-0.03,-0.4934,0.713,323100,1965000.0,688030200.0,274173900.0
1995-08-21,'600814,杭州解百,6.08,6.21,6.04,6.15,6.19,-0.11,-1.7771,0.8952,405700,2480000.0,691441920.0,275533440.0
1995-08-18,'600814,杭州解百,6.19,6.48,6.15,6.36,6.32,-0.13,-2.057,1.3449,609500,3807000.0,703951560.0,280518420.0
1995-08-17,'600814,杭州解百,6.32,6.56,6.3,6.42,6.31,0.01,0.1585,1.9639,890000,5698000.0,718735680.0,286409760.0
1995-08-16,'600814,杭州解百,6.31,6.4,6.21,6.21,6.21,0.1,1.6103,2.2523,1020700,6416000.0,717598440.0,285956580.0
1995-08-15,'600814,杭州解百,6.21,6.6,6.19,6.6,6.55,-0.34,-5.1908,2.3505,1065200,6829000.0,706226040.0,281424780.0
1995-08-14,'600814,杭州解百,6.55,6.63,6.29,6.51,6.26,0.29,4.6326,6.0188,2727600,17684000.0,744892200.0,296832900.0
1995-08-11,'600814,杭州解百,6.26,6.33,6.08,6.16,6.16,0.1,1.6234,3.7199,1685800,10487000.0,711912240.0,283690680.0
1995-08-10,'600814,杭州解百,6.16,6.2,6.0,6.09,6.05,0.11,1.8182,2.2569,1022800,6252000.0,700539840.0,279158880.0
1995-08-09,'600814,杭州解百,6.05,6.05,5.96,6.03,6.01,0.04,0.6656,0.487,220700,1326000.0,688030200.0,274173900.0
1995-08-08,'600814,杭州解百,6.01,6.2,5.93,6.18,6.13,-0.12,-1.9576,0.9621,436000,2670000.0,683481240.0,272361180.0
1995-08-07,'600814,杭州解百,6.13,6.15,5.98,6.03,6.03,0.1,1.6584,1.3769,624000,3798000.0,697128120.0,277799340.0
1995-08-04,'600814,杭州解百,6.03,6.1,5.99,6.0,5.96,0.07,1.1745,0.7683,348200,2098000.0,685755720.0,273267540.0
1995-08-03,'600814,杭州解百,5.96,6.08,5.92,5.95,5.94,0.02,0.3367,0.6117,277200,1653000.0,677795040.0,270095280.0
1995-08-02,'600814,杭州解百,5.94,6.3,5.91,6.05,6.03,-0.09,-1.4925,3.9783,1802900,11103000.0,675520560.0,269188920.0
1995-08-01,'600814,杭州解百,6.03,6.1,5.9,5.95,5.86,0.17,2.901,1.034,468600,2828000.0,685755720.0,273267540.0
1995-07-31,'600814,杭州解百,5.86,5.96,5.84,5.9,5.81,0.05,0.8606,0.6814,308800,1822000.0,666422640.0,265563480.0
1995-07-28,'600814,杭州解百,5.81,5.95,5.77,5.93,5.83,-0.02,-0.3431,0.6088,275900,1614000.0,660736440.0,263297580.0
1995-07-27,'600814,杭州解百,5.83,5.93,5.75,5.75,5.81,0.02,0.3442,0.5241,237500,1373000.0,663010920.0,264203940.0
1995-07-26,'600814,杭州解百,5.81,6.06,5.75,6.0,5.88,-0.07,-1.1905,1.294,586400,3502000.0,660736440.0,263297580.0
1995-07-25,'600814,杭州解百,5.88,6.0,5.85,5.95,5.95,-0.07,-1.1765,0.382,173100,1022000.0,668697120.0,266469840.0
1995-07-24,'600814,杭州解百,5.95,6.08,5.84,5.9,5.88,0.07,1.1905,1.2015,544500,3232000.0,676657800.0,269642100.0
1995-07-21,'600814,杭州解百,5.88,5.93,5.85,5.9,5.9,-0.02,-0.339,0.4012,181800,1069000.0,668697120.0,266469840.0
1995-07-20,'600814,杭州解百,5.9,5.93,5.76,5.78,5.81,0.09,1.5491,0.6496,294400,1724000.0,670971600.0,267376200.0
1995-07-19,'600814,杭州解百,5.81,6.06,5.81,6.01,6.0,-0.19,-3.1667,2.1287,964700,5767000.0,660736440.0,263297580.0
1995-07-18,'600814,杭州解百,6.0,6.09,5.86,6.05,6.05,-0.05,-0.8264,1.8765,850400,5076000.0,682344000.0,271908000.0
1995-07-17,'600814,杭州解百,6.05,6.12,5.7,5.7,5.7,0.35,6.1404,2.828,1281600,7685000.0,688030200.0,274173900.0
1995-07-14,'600814,杭州解百,5.7,5.9,5.66,5.7,5.65,0.05,0.885,1.0067,456200,2635000.0,648226800.0,258312600.0
1995-07-13,'600814,杭州解百,5.65,5.7,5.6,5.6,5.6,0.05,0.8929,0.5177,234600,1326000.0,642540600.0,256046700.0
1995-07-12,'600814,杭州解百,5.6,5.65,5.58,5.59,5.61,-0.01,-0.1783,0.3498,158500,891000.0,636854400.0,253780800.0
1995-07-11,'600814,杭州解百,5.61,5.9,5.61,5.86,5.86,-0.25,-4.2662,0.7324,331900,1903000.0,637991640.0,254233980.0
1995-07-10,'600814,杭州解百,5.86,5.98,5.76,5.9,5.89,-0.03,-0.5093,1.6912,766400,4486000.0,666422640.0,265563480.0
1995-07-07,'600814,杭州解百,5.89,5.89,5.5,5.5,5.53,0.36,6.5099,2.3379,1059500,6062000.0,669834360.0,266923020.0
1995-07-06,'600814,杭州解百,5.53,5.72,5.5,5.65,5.58,-0.05,-0.8961,1.4103,639100,3588000.0,628893720.0,250608540.0
1995-07-05,'600814,杭州解百,5.58,5.63,5.47,5.52,5.44,0.14,2.5735,0.7633,345900,1914000.0,634579920.0,252874440.0
1995-07-04,'600814,杭州解百,5.44,5.5,5.35,5.35,5.33,0.11,2.0638,0.886,401500,2176000.0,618658560.0,246529920.0
1995-07-03,'600814,杭州解百,5.33,5.5,5.3,5.3,5.58,-0.25,-4.4803,0.7911,358500,1924000.0,606148920.0,241544940.0
1995-06-30,'600814,杭州解百,5.58,5.72,5.52,5.7,5.72,-0.14,-2.4476,0.6638,300800,1687000.0,634579920.0,252874440.0
1995-06-29,'600814,杭州解百,5.72,5.82,5.7,5.71,5.69,0.03,0.5272,0.295,133700,895000.0,650501280.0,259218960.0
1995-06-28,'600814,杭州解百,5.69,5.75,5.61,5.75,5.71,-0.02,-0.3503,0.4605,208700,1188000.0,647089560.0,257859420.0
1995-06-27,'600814,杭州解百,5.71,5.95,5.7,5.85,5.82,-0.11,-1.89,0.4852,219900,1281000.0,649364040.0,258765780.0
1995-06-26,'600814,杭州解百,5.82,5.86,5.71,5.71,5.79,0.03,0.5181,0.4947,224200,1304000.0,661873680.0,263750760.0
1995-06-23,'600814,杭州解百,5.79,5.8,5.75,5.75,5.7,0.09,1.5789,0.5329,241500,1394000.0,658461960.0,262391220.0
1995-06-22,'600814,杭州解百,5.7,5.85,5.69,5.85,5.83,-0.13,-2.2298,0.489,221600,1277000.0,648226800.0,258312600.0
1995-06-21,'600814,杭州解百,5.83,5.85,5.66,5.66,5.72,0.11,1.9231,0.3998,181200,1048000.0,663010920.0,264203940.0
1995-06-20,'600814,杭州解百,5.72,5.8,5.66,5.75,5.72,0.0,0.0,0.664,300900,1733000.0,650501280.0,259218960.0
1995-06-19,'600814,杭州解百,5.72,5.8,5.72,5.72,5.9,-0.18,-3.0508,0.7213,326900,1880000.0,650501280.0,259218960.0
1995-06-16,'600814,杭州解百,5.9,5.94,5.71,5.71,5.85,0.05,0.8547,0.8692,393900,2717000.0,670971600.0,267376200.0
1995-06-15,'600814,杭州解百,5.85,6.31,5.65,6.31,6.38,-0.53,-8.3072,3.4384,1558200,9238000.0,665285400.0,265110300.0
1995-06-14,'600814,杭州解百,6.38,6.5,6.32,6.5,6.47,-0.09,-1.391,0.8546,387300,0.0,725559120.0,289128840.0
1995-06-13,'600814,杭州解百,6.47,6.5,6.45,6.5,6.48,-0.01,-0.1543,0.3716,168400,1090000.0,735794280.0,293207460.0
1995-06-12,'600814,杭州解百,6.48,6.54,6.37,6.5,6.6,-0.12,-1.8182,0.8059,365200,2354000.0,736931520.0,293660640.0
1995-06-09,'600814,杭州解百,6.6,6.74,6.45,6.5,6.5,0.1,1.5385,0.9994,452900,2978000.0,750578400.0,299098800.0
1995-06-08,'600814,杭州解百,6.5,6.9,6.45,6.63,6.75,-0.25,-3.7037,2.0804,942800,6319000.0,739206000.0,294567000.0
1995-06-07,'600814,杭州解百,6.75,6.78,6.32,6.63,6.52,0.23,3.5276,0.7992,362200,2390000.0,767637000.0,305896500.0
1995-06-06,'600814,杭州解百,6.52,6.57,6.29,6.49,6.65,-0.13,-1.9549,1.1717,531000,3424000.0,741480480.0,295473360.0
1995-06-05,'600814,杭州解百,6.65,6.98,6.55,6.65,6.62,0.03,0.4532,5.1006,2311500,15440000.0,756264600.0,301364700.0
1995-06-02,'600814,杭州解百,6.62,6.76,6.46,6.5,6.45,0.17,2.6357,1.9939,903600,6020000.0,752852880.0,300005160.0
1995-06-01,'600814,杭州解百,6.45,6.68,6.3,6.3,6.33,0.12,1.8957,0.7474,338700,2176000.0,733519800.0,292301100.0
1995-05-31,'600814,杭州解百,6.33,6.55,6.25,6.55,6.55,-0.22,-3.3588,1.2013,544400,3450000.0,719872920.0,286862940.0
1995-05-30,'600814,杭州解百,6.55,6.8,6.41,6.67,6.67,-0.12,-1.7991,1.1536,522800,3485000.0,744892200.0,296832900.0
1995-05-29,'600814,杭州解百,6.67,6.7,6.5,6.61,6.82,-0.15,-2.1994,1.8567,841400,5554000.0,758539080.0,302271060.0
1995-05-26,'600814,杭州解百,6.82,7.8,6.05,6.2,6.41,0.41,6.3963,5.7584,2609600,17654000.0,775597680.0,309068760.0
1995-05-25,'600814,杭州解百,6.41,7.15,6.4,6.98,6.95,-0.54,-7.7698,3.6222,1641500,11388000.0,728970840.0,290488380.0
1995-05-24,'600814,杭州解百,6.95,7.55,6.82,7.38,7.2,-0.25,-3.4722,5.8184,2636800,18698000.0,790381800.0,314960100.0
1995-05-23,'600814,杭州解百,7.2,8.2,7.1,7.3,8.9,-1.7,-19.1011,10.4268,4725200,36533000.0,818812800.0,326289600.0
1995-05-22,'600814,杭州解百,8.9,9.99,8.5,8.5,7.15,1.75,24.4755,19.0348,8626200,77462000.0,1012143600.0,403330200.0
1995-05-19,'600814,杭州解百,7.15,7.25,6.05,6.17,6.05,1.1,18.1818,11.7,5302200,36234000.0,813126600.0,324023700.0
1995-05-18,'600814,杭州解百,6.05,6.5,5.52,6.3,4.84,1.21,25.0,7.1464,3238600,19450000.0,688030200.0,274173900.0
1995-05-17,'600814,杭州解百,4.84,4.92,4.83,4.83,4.83,0.01,0.207,0.1205,54600,264000.0,550424160.0,219339120.0
1995-05-16,'600814,杭州解百,4.83,4.88,4.83,4.88,4.82,0.01,0.2075,0.0925,41900,203000.0,549286920.0,218885940.0
1995-05-15,'600814,杭州解百,4.82,4.99,4.7,4.99,4.91,-0.09,-1.833,0.2021,91600,443000.0,548149680.0,218432760.0
1995-05-12,'600814,杭州解百,4.91,4.99,4.85,4.86,4.84,0.07,1.4463,0.3683,166900,820000.0,558384840.0,222511380.0
1995-05-11,'600814,杭州解百,4.84,4.94,4.76,4.94,4.75,0.09,1.8947,0.1489,67500,326000.0,550424160.0,219339120.0
1995-05-10,'600814,杭州解百,4.75,4.97,4.62,4.97,4.86,-0.11,-2.2634,0.1684,76300,367000.0,540189000.0,215260500.0
1995-05-09,'600814,杭州解百,4.86,4.92,4.85,4.87,4.85,0.01,0.2062,0.2037,92300,451000.0,552698640.0,220245480.0
1995-05-08,'600814,杭州解百,4.85,4.97,4.8,4.97,5.49,-0.64,-11.6576,0.2772,125600,611000.0,551561400.0,219792300.0
1995-05-05,'600814,杭州解百,5.49,5.5,5.35,5.4,5.43,0.06,1.105,0.7816,354200,1936000.0,624344760.0,248795820.0
1995-05-04,'600814,杭州解百,5.43,5.47,5.36,5.47,5.47,-0.04,-0.7313,0.6218,281800,1527000.0,617521320.0,246076740.0
1995-05-03,'600814,杭州解百,5.47,5.54,5.45,5.47,5.45,0.02,0.367,0.777,352100,1937000.0,622070280.0,247889460.0
1995-05-02,'600814,杭州解百,5.45,5.49,5.34,5.35,5.32,0.13,2.4436,0.5799,262800,1431000.0,619795800.0,246983100.0
1995-04-28,'600814,杭州解百,5.32,5.35,5.15,5.2,5.08,0.24,4.7244,0.856,387900,2054000.0,605011680.0,241091760.0
1995-04-27,'600814,杭州解百,5.08,5.25,4.7,5.09,5.37,-0.29,-5.4004,1.175,532500,2697000.0,577717920.0,230215440.0
1995-04-26,'600814,杭州解百,5.37,5.62,5.31,5.58,5.5,-0.13,-2.3636,0.6818,309000,1670000.0,610697880.0,243357660.0
1995-04-25,'600814,杭州解百,0.0,0.0,0.0,0.0,5.5,None,None,0.0,0,0.0,625482000.0,249249000.0
1995-04-24,'600814,杭州解百,5.5,5.55,5.4,5.55,5.58,-0.08,-1.4337,0.4599,208400,1146000.0,625482000.0,249249000.0
1995-04-21,'600814,杭州解百,5.58,5.67,5.57,5.64,5.64,-0.06,-1.0638,0.5316,240900,1357000.0,634579920.0,252874440.0
1995-04-20,'600814,杭州解百,5.64,5.68,5.57,5.57,5.56,0.08,1.4388,0.5148,233300,1314000.0,641403360.0,255593520.0
1995-04-19,'600814,杭州解百,5.56,5.56,5.5,5.52,5.45,0.11,2.0183,0.3467,157100,868000.0,632305440.0,251968080.0
1995-04-18,'600814,杭州解百,5.45,5.48,5.4,5.41,5.42,0.03,0.5535,0.3008,136300,741000.0,619795800.0,246983100.0
1995-04-17,'600814,杭州解百,5.42,5.48,5.41,5.48,5.48,-0.06,-1.0949,0.3738,169400,920000.0,616384080.0,245623560.0
1995-04-14,'600814,杭州解百,5.48,5.5,5.3,5.35,5.5,-0.02,-0.3636,0.7631,345800,1868000.0,623207520.0,248342640.0
1995-04-13,'600814,杭州解百,5.5,5.8,5.11,5.8,5.75,-0.25,-4.3478,0.8879,402400,2218000.0,625482000.0,249249000.0
1995-04-12,'600814,杭州解百,5.75,5.8,5.66,5.75,5.75,0.0,0.0,0.3579,162200,931000.0,653913000.0,260578500.0
1995-04-11,'600814,杭州解百,5.75,5.9,5.75,5.81,5.92,-0.17,-2.8716,0.7295,330600,1921000.0,653913000.0,260578500.0
1995-04-10,'600814,杭州解百,5.92,6.05,5.91,6.0,5.97,-0.05,-0.8375,0.7564,342800,2050000.0,673246080.0,268282560.0
1995-04-07,'600814,杭州解百,5.97,6.0,5.9,5.93,5.95,0.02,0.3361,1.1598,525600,3129000.0,678932280.0,270548460.0
1995-04-06,'600814,杭州解百,5.95,6.0,5.8,5.83,5.9,0.05,0.8475,0.5934,268900,1577000.0,676657800.0,269642100.0
1995-04-05,'600814,杭州解百,5.9,6.04,5.85,6.0,6.02,-0.12,-1.9934,0.8462,383500,2287000.0,670971600.0,267376200.0
1995-04-04,'600814,杭州解百,6.02,6.09,5.95,6.0,6.02,0.0,0.0,1.2353,559800,3377000.0,684618480.0,272814360.0
1995-04-03,'600814,杭州解百,6.02,6.2,5.92,5.96,5.96,0.06,1.0067,1.7485,792400,4765000.0,684618480.0,272814360.0
1995-03-31,'600814,杭州解百,5.96,6.0,5.75,5.87,5.9,0.06,1.0169,0.8012,363100,2146000.0,677795040.0,270095280.0
1995-03-30,'600814,杭州解百,5.9,6.07,5.9,6.05,6.05,-0.15,-2.4793,1.1673,529000,3152000.0,670971600.0,267376200.0
1995-03-29,'600814,杭州解百,6.05,6.1,5.81,5.95,5.99,0.06,1.0017,1.2331,558800,3310000.0,688030200.0,274173900.0
1995-03-28,'600814,杭州解百,5.99,6.15,5.96,6.08,6.1,-0.11,-1.8033,1.9842,899200,5413000.0,681206760.0,271454820.0
1995-03-27,'600814,杭州解百,6.1,6.18,6.01,6.05,5.96,0.14,2.349,4.4417,2012900,12278000.0,693716400.0,276439800.0
1995-03-24,'600814,杭州解百,5.96,5.98,5.71,5.75,5.58,0.38,6.81,4.3261,1960500,11436000.0,677795040.0,270095280.0
1995-03-23,'600814,杭州解百,5.58,5.7,5.46,5.62,5.6,-0.02,-0.3571,0.9954,451100,2513000.0,634579920.0,252874440.0
1995-03-22,'600814,杭州解百,5.6,5.6,5.37,5.42,5.36,0.24,4.4776,0.8555,387700,2122000.0,636854400.0,253780800.0
1995-03-21,'600814,杭州解百,5.36,5.38,5.28,5.28,5.32,0.04,0.7519,0.3323,150600,802000.0,609560640.0,242904480.0
1995-03-20,'600814,杭州解百,5.32,5.49,5.32,5.48,5.4,-0.08,-1.4815,0.7121,322700,1755000.0,605011680.0,241091760.0
1995-03-17,'600814,杭州解百,5.4,5.41,5.2,5.25,5.25,0.15,2.8571,0.4413,200000,1068000.0,614109600.0,244717200.0
1995-03-16,'600814,杭州解百,5.25,5.25,5.18,5.2,5.21,0.04,0.7678,0.2884,130700,679000.0,597051000.0,237919500.0
1995-03-15,'600814,杭州解百,5.21,5.37,5.15,5.37,5.3,-0.09,-1.6981,0.395,179000,934000.0,592502040.0,236106780.0
1995-03-14,'600814,杭州解百,5.3,5.41,5.27,5.41,5.27,0.03,0.5693,0.5214,236300,1264000.0,602737200.0,240185400.0
1995-03-13,'600814,杭州解百,5.27,5.47,5.24,5.38,5.29,-0.02,-0.3781,0.4098,185700,985000.0,599325480.0,238825860.0
1995-03-10,'600814,杭州解百,5.29,5.43,5.25,5.41,5.46,-0.17,-3.1136,0.8125,368200,1956000.0,601599960.0,239732220.0
1995-03-09,'600814,杭州解百,5.46,5.63,5.45,5.5,5.63,-0.17,-3.0195,1.6406,743500,4116000.0,620933040.0,247436280.0
1995-03-08,'600814,杭州解百,5.63,5.7,5.5,5.51,5.66,-0.03,-0.53,2.176,986100,6260000.0,640266120.0,255140340.0
1995-03-07,'600814,杭州解百,5.66,5.75,5.32,5.46,5.35,0.31,5.7944,3.2261,1462000,8121000.0,643677840.0,256499880.0
1995-03-06,'600814,杭州解百,5.35,5.38,5.17,5.25,5.13,0.22,4.2885,0.8765,397200,2618000.0,608423400.0,242451300.0
1995-03-03,'600814,杭州解百,5.13,5.2,5.12,5.12,5.07,0.06,1.1834,0.6207,281300,1454000.0,583404120.0,232481340.0
1995-03-02,'600814,杭州解百,5.07,5.12,5.0,5.1,5.1,-0.03,-0.5882,0.1847,83700,426000.0,576580680.0,229762260.0
1995-03-01,'600814,杭州解百,5.1,5.1,5.0,5.01,5.0,0.1,2.0,0.2396,108600,549000.0,579992400.0,231121800.0
1995-02-28,'600814,杭州解百,5.0,5.05,4.95,5.0,5.09,-0.09,-1.7682,0.4131,187200,936000.0,568620000.0,226590000.0
1995-02-27,'600814,杭州解百,5.09,5.28,5.05,5.18,5.04,0.05,0.9921,0.5587,253200,1298000.0,578855160.0,230668620.0
1995-02-24,'600814,杭州解百,5.04,5.28,4.94,5.25,5.2,-0.16,-3.0769,0.807,365700,1846000.0,573168960.0,228402720.0
1995-02-23,'600814,杭州解百,5.2,5.57,5.16,5.31,5.38,-0.18,-3.3457,1.0248,464400,2480000.0,591364800.0,235653600.0
1995-02-22,'600814,杭州解百,5.38,5.45,5.04,5.04,5.04,0.34,6.746,0.8754,396700,2115000.0,611835120.0,243810840.0
1995-02-21,'600814,杭州解百,5.04,5.05,4.96,4.98,4.98,0.06,1.2048,0.1551,70300,352000.0,573168960.0,228402720.0
1995-02-20,'600814,杭州解百,4.98,5.05,4.95,4.95,5.0,-0.02,-0.4,0.1086,49200,245000.0,566345520.0,225683640.0
1995-02-17,'600814,杭州解百,5.0,5.04,4.98,5.0,5.03,-0.03,-0.5964,0.1624,73600,368000.0,568620000.0,226590000.0
1995-02-16,'600814,杭州解百,5.03,5.1,4.96,5.0,5.03,0.0,0.0,0.147,66600,334000.0,572031720.0,227949540.0
1995-02-15,'600814,杭州解百,5.03,5.1,5.03,5.04,5.08,-0.05,-0.9843,0.1604,72700,368000.0,572031720.0,227949540.0
1995-02-14,'600814,杭州解百,5.08,5.12,5.02,5.1,5.1,-0.02,-0.3922,0.1207,54700,307000.0,577717920.0,230215440.0
1995-02-13,'600814,杭州解百,5.1,5.1,5.02,5.06,5.07,0.03,0.5917,0.1628,73800,374000.0,579992400.0,231121800.0
1995-02-10,'600814,杭州解百,5.07,5.23,5.05,5.18,5.18,-0.11,-2.1236,0.2423,109800,566000.0,576580680.0,229762260.0
1995-02-09,'600814,杭州解百,5.18,5.23,5.1,5.1,5.1,0.08,1.5686,0.2185,99000,511000.0,589090320.0,234747240.0
1995-02-08,'600814,杭州解百,5.1,5.13,5.08,5.1,5.03,0.07,1.3917,0.1882,85300,435000.0,579992400.0,231121800.0
1995-02-07,'600814,杭州解百,5.03,5.1,5.0,5.01,5.07,-0.04,-0.789,0.1576,71400,360000.0,572031720.0,227949540.0
1995-02-06,'600814,杭州解百,5.07,5.24,5.01,5.24,5.29,-0.22,-4.1588,0.1657,75100,383000.0,576580680.0,229762260.0
1995-01-27,'600814,杭州解百,5.29,5.34,5.24,5.25,5.23,0.06,1.1472,0.2414,109400,580000.0,601599960.0,239732220.0
1995-01-26,'600814,杭州解百,5.23,5.26,5.2,5.21,5.21,0.02,0.3839,0.1818,82400,431000.0,594776520.0,237013140.0
1995-01-25,'600814,杭州解百,5.21,5.25,5.15,5.15,5.19,0.02,0.3854,0.2101,95200,496000.0,592502040.0,236106780.0
1995-01-24,'600814,杭州解百,5.19,5.23,5.16,5.2,5.2,-0.01,-0.1923,0.1624,73600,382000.0,590227560.0,235200420.0
1995-01-23,'600814,杭州解百,5.2,5.28,5.15,5.25,5.28,-0.08,-1.5152,0.2452,111100,579000.0,591364800.0,235653600.0
1995-01-20,'600814,杭州解百,5.28,5.45,5.18,5.2,5.25,0.03,0.5714,0.3392,153700,808000.0,600462720.0,239279040.0
1995-01-19,'600814,杭州解百,5.25,5.45,5.21,5.45,5.43,-0.18,-3.3149,0.25,113300,606000.0,597051000.0,237919500.0
1995-01-18,'600814,杭州解百,5.43,5.45,5.35,5.35,5.38,0.05,0.9294,0.1719,77900,421000.0,617521320.0,246076740.0
1995-01-17,'600814,杭州解百,5.38,5.44,5.36,5.4,5.38,0.0,0.0,0.2061,93400,504000.0,611835120.0,243810840.0
1995-01-16,'600814,杭州解百,5.38,5.44,5.32,5.4,5.5,-0.12,-2.1818,0.3374,152900,824000.0,611835120.0,243810840.0
1995-01-13,'600814,杭州解百,5.5,5.55,5.42,5.55,5.48,0.02,0.365,0.4802,217600,1198000.0,625482000.0,249249000.0
1995-01-12,'600814,杭州解百,5.48,5.78,5.48,5.78,5.72,-0.24,-4.1958,0.3105,140700,794000.0,623207520.0,248342640.0
1995-01-11,'600814,杭州解百,5.72,5.8,5.6,5.75,5.71,0.01,0.1751,0.2888,130900,744000.0,650501280.0,259218960.0
1995-01-10,'600814,杭州解百,5.71,5.85,5.68,5.85,5.9,-0.19,-3.2203,0.4638,210200,1208000.0,649364040.0,258765780.0
1995-01-09,'600814,杭州解百,5.9,6.0,5.87,5.99,6.05,-0.15,-2.4793,0.3557,161200,952000.0,670971600.0,267376200.0
1995-01-06,'600814,杭州解百,6.05,6.05,5.9,5.9,6.08,-0.03,-0.4934,0.3637,164800,984000.0,688030200.0,274173900.0
1995-01-05,'600814,杭州解百,6.08,6.2,6.02,6.17,6.14,-0.06,-0.9772,0.2763,125200,766000.0,691441920.0,275533440.0
1995-01-04,'600814,杭州解百,6.14,6.2,5.95,6.0,6.0,0.14,2.3333,0.3255,147500,897000.0,698265360.0,278252520.0
1995-01-03,'600814,杭州解百,6.0,6.05,5.9,5.9,6.0,0.0,0.0,0.1997,90500,540361.0,682344000.0,271908000.0
1994-12-30,'600814,杭州解百,6.0,6.01,5.91,6.01,5.99,0.01,0.1669,0.4415,200100,1197000.0,682344000.0,271908000.0
1994-12-29,'600814,杭州解百,5.99,6.08,5.92,6.04,6.03,-0.04,-0.6633,0.6079,275500,1655000.0,681206760.0,271454820.0
1994-12-28,'600814,杭州解百,6.03,6.2,6.02,6.17,6.09,-0.06,-0.9852,0.5839,264600,1614000.0,685755720.0,273267540.0
1994-12-27,'600814,杭州解百,6.09,6.28,6.0,6.12,6.08,0.01,0.1645,1.0945,496000,3026000.0,692579160.0,275986620.0
1994-12-26,'600814,杭州解百,6.08,6.15,6.03,6.15,6.05,0.03,0.4959,0.6145,278500,1694000.0,691441920.0,275533440.0
1994-12-23,'600814,杭州解百,6.05,6.18,6.0,6.03,6.0,0.05,0.8333,1.2328,558700,3404000.0,688030200.0,274173900.0
1994-12-22,'600814,杭州解百,6.0,6.15,6.0,6.15,6.17,-0.17,-2.7553,0.9981,452300,2735000.0,682344000.0,271908000.0
1994-12-21,'600814,杭州解百,6.17,6.28,6.1,6.15,6.2,-0.03,-0.4839,1.3374,606100,3755000.0,701677080.0,279612060.0
1994-12-20,'600814,杭州解百,6.2,6.3,6.12,6.13,6.19,0.01,0.1616,0.7335,332400,2053000.0,705088800.0,280971600.0
1994-12-19,'600814,杭州解百,6.19,6.45,6.0,6.45,6.45,-0.26,-4.031,2.8022,1269900,7843000.0,703951560.0,280518420.0
1994-12-16,'600814,杭州解百,6.45,6.57,6.28,6.39,6.39,0.06,0.939,4.0441,1832700,11827000.0,733519800.0,292301100.0
1994-12-15,'600814,杭州解百,6.39,6.48,5.95,5.95,5.98,0.41,6.8562,0.8215,372300,2307000.0,726696360.0,289582020.0
1994-12-14,'600814,杭州解百,5.98,6.03,5.82,6.0,6.1,-0.12,-1.9672,0.3257,147600,883000.0,680069520.0,271001640.0
1994-12-13,'600814,杭州解百,6.1,6.2,5.99,6.16,6.0,0.1,1.6667,0.4711,213500,1290000.0,693716400.0,276439800.0
1994-12-12,'600814,杭州解百,6.0,6.1,5.99,6.0,6.17,-0.17,-2.7553,0.3923,177800,1069000.0,682344000.0,271908000.0
1994-12-09,'600814,杭州解百,6.17,6.24,6.08,6.15,6.16,0.01,0.1623,0.2992,135600,832000.0,701677080.0,279612060.0
1994-12-08,'600814,杭州解百,6.16,6.34,6.15,6.34,6.21,-0.05,-0.8052,0.4144,187800,1159000.0,700539840.0,279158880.0
1994-12-07,'600814,杭州解百,6.21,6.3,6.16,6.25,6.21,0.0,0.0,0.1993,90300,560000.0,706226040.0,281424780.0
1994-12-06,'600814,杭州解百,6.21,6.25,6.12,6.21,6.29,-0.08,-1.2719,0.5133,232600,1442000.0,706226040.0,281424780.0
1994-12-05,'600814,杭州解百,6.29,6.42,6.2,6.3,6.39,-0.1,-1.5649,0.2747,124500,783000.0,715323960.0,285050220.0
1994-12-02,'600814,杭州解百,6.39,6.42,6.38,6.4,6.39,0.0,0.0,0.1472,66700,427000.0,726696360.0,289582020.0
1994-12-01,'600814,杭州解百,6.39,6.4,6.38,6.4,6.42,-0.03,-0.4673,0.1931,87500,559000.0,726696360.0,289582020.0
1994-11-30,'600814,杭州解百,6.42,6.45,6.37,6.37,6.37,0.05,0.7849,0.3343,151500,972000.0,730108080.0,290941560.0
1994-11-29,'600814,杭州解百,6.37,6.38,6.29,6.35,6.42,-0.05,-0.7788,0.5199,235600,1490000.0,724421880.0,288675660.0
1994-11-28,'600814,杭州解百,6.42,6.48,6.38,6.4,6.45,-0.03,-0.4651,0.2458,111400,713000.0,730108080.0,290941560.0
1994-11-25,'600814,杭州解百,6.45,6.63,6.36,6.45,6.39,0.06,0.939,0.9153,414800,2680000.0,733519800.0,292301100.0
1994-11-24,'600814,杭州解百,6.39,6.4,6.35,6.4,6.4,-0.01,-0.1563,0.4084,185100,1181000.0,726696360.0,289582020.0
1994-11-23,'600814,杭州解百,6.4,6.5,6.38,6.45,6.5,-0.1,-1.5385,0.4949,224300,1441000.0,727833600.0,290035200.0
1994-11-22,'600814,杭州解百,6.5,6.65,6.46,6.61,6.5,0.0,0.0,0.2348,106400,696000.0,739206000.0,294567000.0
1994-11-21,'600814,杭州解百,6.5,6.6,6.45,6.45,6.53,-0.03,-0.4594,0.3681,166800,1091000.0,739206000.0,294567000.0
1994-11-18,'600814,杭州解百,6.53,6.55,6.44,6.45,6.54,-0.01,-0.1529,0.5278,239200,1551000.0,742617720.0,295926540.0
1994-11-17,'600814,杭州解百,6.54,6.65,6.52,6.65,6.6,-0.06,-0.9091,0.4724,214100,1406000.0,743754960.0,296379720.0
1994-11-16,'600814,杭州解百,6.6,6.68,6.5,6.61,6.63,-0.03,-0.4525,0.88,398800,2615000.0,750578400.0,299098800.0
1994-11-15,'600814,杭州解百,6.63,6.75,6.5,6.66,6.88,-0.25,-3.6337,1.7018,771200,5104000.0,753990120.0,300458340.0
1994-11-14,'600814,杭州解百,6.88,6.95,6.75,6.88,6.85,0.03,0.438,1.292,585500,4027000.0,782421120.0,311787840.0
1994-11-11,'600814,杭州解百,6.85,6.85,6.65,6.7,6.65,0.2,3.0075,0.997,451800,3050000.0,779009400.0,310428300.0
1994-11-10,'600814,杭州解百,6.65,7.05,6.62,6.98,6.84,-0.19,-2.7778,2.1954,994900,6804000.0,756264600.0,301364700.0
1994-11-09,'600814,杭州解百,6.84,6.85,6.38,6.4,6.7,0.14,2.0896,2.1442,971700,6538000.0,777872160.0,309975120.0
1994-11-08,'600814,杭州解百,6.7,7.05,6.61,6.78,6.48,0.22,3.3951,3.7122,1682300,11510000.0,761950800.0,303630600.0
1994-11-07,'600814,杭州解百,6.48,6.58,6.28,6.3,6.4,0.08,1.25,1.1276,511000,3291000.0,736931520.0,293660640.0
1994-11-04,'600814,杭州解百,6.4,6.98,6.4,6.95,6.95,-0.55,-7.9137,2.5824,1170300,7729000.0,727833600.0,290035200.0
1994-11-03,'600814,杭州解百,6.95,7.6,6.3,6.3,6.36,0.59,9.2767,4.8349,2191100,15050000.0,790381800.0,314960100.0
1994-11-02,'600814,杭州解百,6.36,6.4,6.25,6.36,6.4,-0.04,-0.625,0.6604,299300,1899000.0,723284640.0,288222480.0
1994-11-01,'600814,杭州解百,6.4,6.47,6.18,6.4,6.2,0.2,3.2258,2.1212,961300,6058000.0,727833600.0,290035200.0
1994-10-31,'600814,杭州解百,6.2,6.35,6.15,6.25,6.6,-0.4,-6.0606,2.582,1170100,7303000.0,705088800.0,280971600.0
1994-10-28,'600814,杭州解百,6.6,6.85,6.52,6.85,6.9,-0.3,-4.3478,1.3716,621600,4158000.0,750578400.0,299098800.0
1994-10-27,'600814,杭州解百,6.9,6.98,6.5,6.5,6.7,0.2,2.9851,1.2891,584200,3902000.0,784695600.0,312694200.0
1994-10-26,'600814,杭州解百,6.7,7.15,6.5,7.0,7.2,-0.5,-6.9444,2.5668,1163200,7870000.0,761950800.0,303630600.0
1994-10-25,'600814,杭州解百,7.2,7.8,7.12,7.79,7.69,-0.49,-6.3719,5.1496,2333700,17366000.0,818812800.0,326289600.0
1994-10-24,'600814,杭州解百,7.69,7.7,7.16,7.3,7.02,0.67,9.5442,5.7487,2605200,19312000.0,874537560.0,348495420.0
1994-10-21,'600814,杭州解百,7.02,7.58,6.84,7.27,7.18,-0.16,-2.2284,8.5611,3879700,28230000.0,798342480.0,318132360.0
1994-10-20,'600814,杭州解百,7.18,7.28,6.6,6.6,6.5,0.68,10.4615,3.8153,1729000,11750000.0,816538320.0,325383240.0
1994-10-19,'600814,杭州解百,6.5,6.5,6.3,6.3,6.24,0.26,4.1667,1.6733,758300,4867000.0,739206000.0,294567000.0
1994-10-18,'600814,杭州解百,6.24,6.34,6.15,6.2,6.1,0.14,2.2951,0.7659,347100,2164000.0,709637760.0,282784320.0
1994-10-17,'600814,杭州解百,6.1,6.15,5.9,6.0,6.35,-0.25,-3.937,0.9372,424700,2588000.0,693716400.0,276439800.0
1994-10-14,'600814,杭州解百,6.35,6.6,5.58,5.9,6.2,0.15,2.4194,2.5003,1133100,6960000.0,722147400.0,287769300.0
1994-10-13,'600814,杭州解百,6.2,7.1,6.2,7.08,7.01,-0.81,-11.5549,3.0813,1396400,9063000.0,705088800.0,280971600.0
1994-10-12,'600814,杭州解百,7.01,7.19,6.9,6.99,7.1,-0.09,-1.2676,2.0266,918400,6508000.0,797205240.0,317679180.0
1994-10-11,'600814,杭州解百,7.1,7.3,6.93,7.3,7.1,0.0,0.0,2.1283,964500,6841000.0,807440400.0,321757800.0
1994-10-10,'600814,杭州解百,7.1,7.45,6.85,7.0,7.9,-0.8,-10.1266,5.3934,2444200,17463000.0,807440400.0,321757800.0
1994-10-07,'600814,杭州解百,7.9,8.5,5.3,6.1,6.58,1.32,20.0608,6.2494,2832100,17686000.0,898419600.0,358012200.0
1994-10-06,'600814,杭州解百,6.58,7.47,6.3,7.36,7.0,-0.42,-6.0,3.2738,1483600,10409000.0,748303920.0,298192440.0
1994-10-05,'600814,杭州解百,7.0,7.8,6.5,7.77,8.0,-1.0,-12.5,3.5778,1621400,11480000.0,796068000.0,317226000.0
1994-09-30,'600814,杭州解百,8.0,8.58,7.91,8.18,8.82,-0.82,-9.2971,3.3236,1506200,12317000.0,909792000.0,362544000.0
1994-09-29,'600814,杭州解百,8.82,9.75,8.52,9.75,9.67,-0.85,-8.7901,1.8988,860500,7855000.0,1003045680.0,399704760.0
1994-09-28,'600814,杭州解百,9.67,9.7,9.4,9.5,9.3,0.37,3.9785,1.4332,649500,6230000.0,1099711080.0,438225060.0
1994-09-27,'600814,杭州解百,9.3,9.6,9.23,9.49,9.58,-0.28,-2.9228,1.3196,598000,5650000.0,1057633200.0,421457400.0
1994-09-26,'600814,杭州解百,9.58,9.69,9.2,9.35,9.5,0.08,0.8421,1.8372,832600,7848000.0,1089475920.0,434146440.0
1994-09-23,'600814,杭州解百,9.5,9.9,9.4,9.9,9.95,-0.45,-4.5226,4.2764,1938000,18599000.0,1080378000.0,430521000.0
1994-09-22,'600814,杭州解百,9.95,10.79,9.95,10.7,10.6,-0.65,-6.1321,4.225,1914700,20058000.0,1131553800.0,450914100.0
1994-09-21,'600814,杭州解百,10.6,10.89,9.9,9.98,9.75,0.85,8.7179,5.3815,2438800,25422000.0,1205474400.0,480370800.0
1994-09-20,'600814,杭州解百,9.75,10.12,9.53,9.93,10.09,-0.34,-3.3697,2.4558,1112900,10870000.0,1108809000.0,441850500.0
1994-09-19,'600814,杭州解百,10.09,10.49,9.92,10.25,10.57,-0.48,-4.5412,2.4767,1122400,11497000.0,1147475160.0,457258620.0
1994-09-16,'600814,杭州解百,10.57,10.85,10.0,10.75,10.4,0.17,1.6346,5.2019,2357400,24566000.0,1202062680.0,479011260.0
1994-09-15,'600814,杭州解百,10.4,11.8,9.87,11.8,10.59,-0.19,-1.7941,10.209,4626500,49233000.0,1182729600.0,471307200.0
1994-09-14,'600814,杭州解百,10.59,11.45,10.58,11.4,11.25,-0.66,-5.8667,4.9287,2233600,24501000.0,1204337160.0,479917620.0
1994-09-13,'600814,杭州解百,11.25,11.74,10.5,10.5,11.4,-0.15,-1.3158,24.6626,11176600,124977000.0,1279395000.0,509827500.0
1994-09-12,'600814,杭州解百,11.4,12.1,10.81,11.94,12.22,-0.82,-6.7103,34.1157,9757100,113360000.0,1296453600.0,326040000.0
1994-09-09,'600814,杭州解百,12.22,13.2,11.6,11.6,11.55,0.67,5.8009,44.2993,12669600,157056992.0,1389707280.0,349492000.0
1994-09-08,'600814,杭州解百,11.55,11.98,10.9,11.2,10.8,0.75,6.9444,16.8486,4818700,54708000.0,1313512200.0,330330000.0
1994-09-07,'600814,杭州解百,10.8,12.0,10.6,11.45,12.0,-1.2,-10.0,20.9591,5994300,67868000.0,1228219200.0,308880000.0
1994-09-06,'600814,杭州解百,12.0,12.1,9.71,10.0,9.7,2.3,23.7113,44.0343,12593800,132535000.0,1364688000.0,343200000.0
1994-09-05,'600814,杭州解百,9.7,9.7,8.78,8.98,8.47,1.23,14.5218,22.115,6324900,58500000.0,1103122800.0,277420000.0
1994-09-02,'600814,杭州解百,8.47,8.5,8.18,8.28,8.15,0.32,3.9264,5.6598,1618700,13390000.0,963242280.0,242242000.0
1994-09-01,'600814,杭州解百,8.15,8.68,8.15,8.5,8.27,-0.12,-1.451,9.0192,2579500,21782000.0,926850600.0,233090000.0
1994-08-31,'600814,杭州解百,8.27,8.28,7.85,7.98,7.75,0.52,6.7097,10.4633,2992500,24166000.0,940497480.0,236522000.0
1994-08-30,'600814,杭州解百,7.75,7.99,7.46,7.5,7.46,0.29,3.8874,4.0836,1167900,8994000.0,881361000.0,221650000.0
1994-08-29,'600814,杭州解百,7.46,7.79,7.4,7.79,7.55,-0.09,-1.1921,1.871,535100,4009000.0,848381040.0,213356000.0
1994-08-26,'600814,杭州解百,7.55,7.85,7.53,7.81,7.68,-0.13,-1.6927,2.2497,643400,4941000.0,858616200.0,215930000.0
1994-08-25,'600814,杭州解百,7.68,7.8,7.65,7.65,7.81,-0.13,-1.6645,2.0385,583000,4508000.0,873400320.0,219648000.0
1994-08-24,'600814,杭州解百,7.81,8.3,7.8,8.1,8.1,-0.29,-3.5802,6.4339,1840100,14864000.0,888184440.0,223366000.0
1994-08-23,'600814,杭州解百,8.1,8.15,7.48,7.6,7.5,0.6,8.0,3.7318,1067300,8248000.0,921164400.0,231660000.0
1994-08-22,'600814,杭州解百,7.5,7.79,7.4,7.5,7.92,-0.42,-5.303,3.2664,934200,7098000.0,852930000.0,214500000.0
1994-08-19,'600814,杭州解百,7.92,8.6,7.5,8.6,8.5,-0.58,-6.8235,10.7643,3078600,24827000.0,900694080.0,226512000.0
1994-08-18,'600814,杭州解百,8.5,8.8,8.1,8.25,8.2,0.3,3.6585,10.371,2966100,25274000.0,966654000.0,243100000.0
1994-08-17,'600814,杭州解百,8.2,8.2,7.7,7.85,7.8,0.4,5.1282,4.7255,1351500,10670000.0,932536800.0,234520000.0
1994-08-16,'600814,杭州解百,7.8,8.2,7.32,7.52,7.4,0.4,5.4054,4.4629,1276400,9865000.0,887047200.0,223080000.0
1994-08-15,'600814,杭州解百,7.4,7.72,7.25,7.7,7.85,-0.45,-5.7325,3.615,1033900,7762000.0,841557600.0,211640000.0
1994-08-12,'600814,杭州解百,7.85,8.75,7.61,7.9,8.12,-0.27,-3.3251,6.0601,1733200,13997000.0,892733400.0,224510000.0
1994-08-11,'600814,杭州解百,8.12,9.3,8.0,9.3,8.98,-0.86,-9.5768,19.0724,5454700,48262000.0,923438880.0,232232000.0
1994-08-10,'600814,杭州解百,8.98,9.1,7.2,7.4,7.5,1.48,19.7333,24.0664,6883000,55571000.0,1021241520.0,256828000.0
1994-08-09,'600814,杭州解百,7.5,10.18,7.01,9.99,9.5,-2.0,-21.0526,36.558,10455600,95636000.0,852930000.0,214500000.0
1994-08-08,'600814,杭州解百,9.5,10.8,8.88,9.2,7.69,1.81,23.5371,35.6965,10209200,99724000.0,1080378000.0,271700000.0
1994-08-05,'600814,杭州解百,7.69,7.8,6.61,6.8,6.3,1.39,22.0635,17.6255,5040900,35351000.0,874537560.0,219934000.0
1994-08-04,'600814,杭州解百,6.3,7.09,5.91,6.1,5.67,0.63,11.1111,30.2895,8662800,55963000.0,716461200.0,180180000.0
1994-08-03,'600814,杭州解百,5.67,5.8,4.8,4.8,4.88,0.79,16.1885,8.9472,2558900,13335000.0,644815080.0,162162000.0
1994-08-02,'600814,杭州解百,4.88,5.6,4.88,5.0,4.9,-0.02,-0.4082,12.3836,3541700,18456000.0,554973120.0,139568000.0
1994-08-01,'600814,杭州解百,4.9,5.05,4.21,4.5,3.8,1.1,28.9474,8.9129,2549100,11988000.0,557247600.0,140140000.0
1994-07-29,'600814,杭州解百,3.8,3.9,3.62,3.9,3.98,-0.18,-4.5226,1.9,543400,2050000.0,432151200.0,108680000.0
1994-07-28,'600814,杭州解百,3.98,4.25,3.9,4.2,4.27,-0.29,-6.7916,1.821,520800,2110000.0,452621520.0,113828000.0
1994-07-27,'600814,杭州解百,4.27,4.65,4.15,4.52,4.5,-0.23,-5.1111,4.2035,1202200,5372000.0,485601480.0,122122000.0
1994-07-26,'600814,杭州解百,4.5,4.6,4.2,4.28,4.28,0.22,5.1402,3.0612,875500,3851000.0,511758000.0,128700000.0
1994-07-25,'600814,杭州解百,4.28,4.28,4.05,4.1,4.08,0.2,4.902,0.8703,248900,1037000.0,486738720.0,122408000.0
1994-07-22,'600814,杭州解百,4.08,4.28,4.07,4.18,4.22,-0.14,-3.3175,0.9129,261100,1087000.0,463993920.0,116688000.0
1994-07-21,'600814,杭州解百,4.22,4.28,4.2,4.26,4.3,-0.08,-1.8605,0.6276,179500,760000.0,479915280.0,120692000.0
1994-07-20,'600814,杭州解百,4.3,4.37,4.23,4.37,4.3,0.0,0.0,0.8014,229200,987000.0,489013200.0,122980000.0
1994-07-19,'600814,杭州解百,4.3,4.46,4.21,4.3,4.3,0.0,0.0,0.8517,243600,1045000.0,489013200.0,122980000.0
1994-07-18,'600814,杭州解百,4.3,4.34,4.18,4.2,4.3,0.0,0.0,1.092,312300,1324000.0,489013200.0,122980000.0
1994-07-15,'600814,杭州解百,4.3,4.58,4.24,4.58,4.6,-0.3,-6.5217,1.3535,387100,1692000.0,489013200.0,122980000.0
1994-07-14,'600814,杭州解百,4.6,4.74,4.5,4.68,4.68,-0.08,-1.7094,1.1643,333000,1554000.0,523130400.0,131560000.0
1994-07-13,'600814,杭州解百,4.68,4.69,4.6,4.68,4.58,0.1,2.1834,0.3867,110600,514000.0,532228320.0,133848000.0
1994-07-12,'600814,杭州解百,4.58,4.65,4.56,4.65,4.6,-0.02,-0.4348,0.4531,129600,595000.0,520855920.0,130988000.0
1994-07-11,'600814,杭州解百,4.6,4.78,4.46,4.78,4.74,-0.14,-2.9536,1.0189,291400,1354000.0,523130400.0,131560000.0
1994-07-08,'600814,杭州解百,4.74,4.74,4.58,4.68,4.6,0.14,3.0435,1.0427,298200,1386000.0,539051760.0,135564000.0
1994-07-07,'600814,杭州解百,4.6,4.7,4.54,4.65,4.7,-0.1,-2.1277,1.1252,321800,1486000.0,523130400.0,131560000.0
1994-07-06,'600814,杭州解百,4.7,5.0,4.68,4.95,4.92,-0.22,-4.4715,1.3955,399100,1952000.0,534502800.0,134420000.0
1994-07-05,'600814,杭州解百,4.92,4.95,4.78,4.8,4.88,0.04,0.8197,0.8325,238100,1159000.0,559522080.0,140712000.0
1994-07-04,'600814,杭州解百,4.88,5.1,4.88,5.02,5.3,-0.42,-7.9245,1.5689,448700,2220000.0,554973120.0,139568000.0
1994-07-01,'600814,杭州解百,5.3,5.45,5.01,5.45,5.48,-0.18,-3.2847,5.6979,1629600,8596000.0,602737200.0,151580000.0
1994-06-30,'600814,杭州解百,5.48,5.49,5.32,5.45,5.46,0.02,0.3663,4.3976,1257700,6794000.0,623207520.0,156728000.0
1994-06-29,'600814,杭州解百,5.46,5.54,5.32,5.45,5.44,0.02,0.3676,3.4514,987100,5333000.0,620933040.0,156156000.0
1994-06-28,'600814,杭州解百,5.44,5.85,5.31,5.78,5.73,-0.29,-5.0611,4.2308,1210000,6799000.0,618658560.0,155584000.0
1994-06-27,'600814,杭州解百,5.73,5.86,5.41,5.6,5.66,0.07,1.2367,4.3584,1246500,7063000.0,651638520.0,163878000.0
1994-06-24,'600814,杭州解百,5.66,6.08,5.55,6.08,6.03,-0.37,-6.136,5.0615,1447600,8414000.0,643677840.0,161876000.0
1994-06-23,'600814,杭州解百,6.03,6.1,5.82,5.82,5.7,0.33,5.7895,10.9203,3123200,18654000.0,685755720.0,172458000.0
1994-06-22,'600814,杭州解百,5.7,5.71,5.4,5.4,5.35,0.35,6.5421,3.5322,1010200,5700000.0,648226800.0,163020000.0
1994-06-21,'600814,杭州解百,5.35,5.4,5.25,5.29,5.3,0.05,0.9434,0.7899,225900,1202000.0,608423400.0,153010000.0
1994-06-20,'600814,杭州解百,5.3,5.75,5.21,5.5,5.5,-0.2,-3.6364,1.9161,548000,3043000.0,602737200.0,151580000.0
1994-06-17,'600814,杭州解百,5.5,5.53,5.22,5.32,5.22,0.28,5.364,1.2738,364300,1959000.0,625482000.0,157300000.0
1994-06-16,'600814,杭州解百,5.22,5.3,5.13,5.3,5.14,0.08,1.5564,0.4552,130200,675000.0,593639280.0,149292000.0
1994-06-15,'600814,杭州解百,5.14,5.4,5.0,5.0,5.02,0.12,2.3904,0.3503,100200,516000.0,584541360.0,147004000.0
1994-06-14,'600814,杭州解百,5.02,5.37,4.92,5.01,5.0,0.02,0.4,0.6983,199700,1002000.0,570894480.0,143572000.0
1994-06-13,'600814,杭州解百,5.0,5.14,4.91,5.08,5.2,-0.2,-3.8462,0.708,202500,1021000.0,568620000.0,143000000.0
1994-06-10,'600814,杭州解百,5.2,5.3,5.18,5.2,5.35,-0.15,-2.8037,0.6276,179500,936000.0,591364800.0,148720000.0
1994-06-09,'600814,杭州解百,5.35,5.54,5.18,5.48,5.5,-0.15,-2.7273,0.4059,116100,628000.0,608423400.0,153010000.0
1994-06-08,'600814,杭州解百,5.5,5.58,5.32,5.39,5.49,0.01,0.1821,0.3776,108000,585000.0,625482000.0,157300000.0
1994-06-07,'600814,杭州解百,5.49,5.7,5.38,5.7,5.7,-0.21,-3.6842,0.4441,127000,700000.0,624344760.0,157014000.0
1994-06-06,'600814,杭州解百,5.7,5.85,5.69,5.8,5.8,-0.1,-1.7241,0.1843,52700,303000.0,648226800.0,163020000.0
1994-06-03,'600814,杭州解百,5.8,5.89,5.75,5.8,5.8,0.0,0.0,0.4252,121600,707000.0,659599200.0,165880000.0
1994-06-02,'600814,杭州解百,5.8,5.9,5.7,5.83,5.85,-0.05,-0.8547,0.3385,96800,560000.0,659599200.0,165880000.0
1994-06-01,'600814,杭州解百,5.85,5.99,5.81,5.98,6.0,-0.15,-2.5,0.2853,81600,481000.0,665285400.0,167310000.0
1994-05-31,'600814,杭州解百,6.0,6.0,5.71,5.8,5.93,0.07,1.1804,0.5346,152900,900000.0,682344000.0,171600000.0
1994-05-30,'600814,杭州解百,5.93,6.3,5.86,6.3,6.3,-0.37,-5.873,0.801,229100,1392000.0,674383320.0,169598000.0
1994-05-27,'600814,杭州解百,6.3,6.49,6.21,6.21,6.39,-0.09,-1.4085,0.5332,152500,961000.0,716461200.0,180180000.0
1994-05-26,'600814,杭州解百,6.39,6.66,6.34,6.36,6.35,0.04,0.6299,0.6689,191300,1220000.0,726696360.0,182754000.0
1994-05-25,'600814,杭州解百,6.35,6.89,6.3,6.35,6.35,0.0,0.0,1.558,445600,2888000.0,722147400.0,181610000.0
1994-05-24,'600814,杭州解百,6.35,6.43,6.3,6.4,6.43,-0.08,-1.2442,0.6192,177100,1122000.0,722147400.0,181610000.0
1994-05-23,'600814,杭州解百,6.43,6.58,6.35,6.55,6.58,-0.15,-2.2796,0.9185,262700,1689000.0,731245320.0,183898000.0
1994-05-20,'600814,杭州解百,6.58,6.6,6.5,6.6,6.6,-0.02,-0.303,0.3497,100000,657000.0,748303920.0,188188000.0
1994-05-19,'600814,杭州解百,6.6,6.65,6.46,6.5,6.58,0.02,0.304,0.601,171900,1121000.0,750578400.0,188760000.0
1994-05-18,'600814,杭州解百,6.58,6.78,6.45,6.55,6.58,0.0,0.0,1.8133,518600,3432000.0,748303920.0,188188000.0
1994-05-17,'600814,杭州解百,6.58,6.62,6.42,6.62,6.58,0.0,0.0,0.4003,114500,748000.0,748303920.0,188188000.0
1994-05-16,'600814,杭州解百,6.58,6.76,6.42,6.68,6.58,0.0,0.0,0.7958,227600,1509000.0,748303920.0,188188000.0
1994-05-13,'600814,杭州解百,6.58,6.58,6.18,6.5,6.58,0.0,0.0,1.6483,471400,2982000.0,748303920.0,188188000.0
1994-05-12,'600814,杭州解百,6.58,6.8,6.55,6.68,6.75,-0.17,-2.5185,0.6724,192300,1278000.0,748303920.0,188188000.0
1994-05-11,'600814,杭州解百,6.75,7.0,6.65,6.98,6.89,-0.14,-2.0319,1.5836,452900,3145000.0,767637000.0,193050000.0
1994-05-10,'600814,杭州解百,6.89,6.98,6.58,6.81,6.82,0.07,1.0264,1.0031,286900,1969000.0,783558360.0,197054000.0
1994-05-09,'600814,杭州解百,6.82,7.06,6.7,7.05,9.38,-2.56,-27.2921,1.0094,288700,1984000.0,775597680.0,195052000.0
1994-05-06,'600814,杭州解百,9.38,9.5,8.8,9.25,9.32,0.06,0.6438,2.6777,589100,5360000.0,820562400.0,206360000.0
1994-05-05,'600814,杭州解百,9.32,9.65,9.1,9.65,9.78,-0.46,-4.7035,2.6236,577200,5388000.0,815313600.0,205040000.0
1994-05-04,'600814,杭州解百,9.78,9.84,9.58,9.8,9.68,0.1,1.0331,3.5323,777100,7577000.0,855554400.0,215160000.0
1994-05-03,'600814,杭州解百,9.68,9.76,9.5,9.5,9.38,0.3,3.1983,4.155,914100,8820000.0,846806400.0,212960000.0
1994-04-29,'600814,杭州解百,9.38,10.45,9.01,9.58,10.18,-0.8,-7.8585,17.3777,3823100,37554000.0,820562400.0,206360000.0
1994-04-28,'600814,杭州解百,10.18,10.45,7.88,9.4,9.22,0.96,10.4121,14.1327,3109200,30845000.0,890546400.0,223960000.0
1994-04-27,'600814,杭州解百,9.22,9.28,8.95,9.02,9.01,0.21,2.3307,1.8886,415500,3793000.0,806565600.0,202840000.0
1994-04-26,'600814,杭州解百,9.01,9.09,8.58,8.65,8.68,0.33,3.8018,1.8064,397400,3531000.0,788194800.0,198220000.0
1994-04-25,'600814,杭州解百,8.68,9.06,8.58,9.06,9.1,-0.42,-4.6154,1.7759,390700,3422000.0,759326400.0,190960000.0
1994-04-22,'600814,杭州解百,9.1,9.48,8.95,9.4,9.4,-0.3,-3.1915,3.0964,681200,6289000.0,796068000.0,200200000.0
1994-04-21,'600814,杭州解百,9.4,9.4,8.58,8.58,8.78,0.62,7.0615,2.6977,593500,5391000.0,822312000.0,206800000.0
1994-04-20,'600814,杭州解百,8.78,9.2,8.58,9.1,9.3,-0.52,-5.5914,2.1577,474700,4246000.0,768074400.0,193160000.0
1994-04-19,'600814,杭州解百,9.3,9.7,9.2,9.51,9.4,-0.1,-1.0638,4.1445,911800,8663000.0,813564000.0,204600000.0
1994-04-18,'600814,杭州解百,9.4,9.8,8.8,9.2,9.3,0.1,1.0753,4.5427,999400,9495000.0,822312000.0,206800000.0
1994-04-15,'600814,杭州解百,9.3,9.6,9.0,9.6,9.6,-0.3,-3.125,1.6709,367600,3384000.0,813564000.0,204600000.0
1994-04-14,'600814,杭州解百,9.6,9.74,9.38,9.71,9.8,-0.2,-2.0408,1.2591,277000,2641000.0,839808000.0,211200000.0
1994-04-13,'600814,杭州解百,9.8,10.02,9.75,10.0,9.81,-0.01,-0.1019,0.6032,132700,1314000.0,857304000.0,215600000.0
1994-04-12,'600814,杭州解百,9.81,9.9,9.68,9.73,9.78,0.03,0.3067,0.7364,162000,1583000.0,858178800.0,215820000.0
1994-04-11,'600814,杭州解百,9.78,10.1,9.78,10.1,10.21,-0.43,-4.2116,1.0068,221500,2205000.0,855554400.0,215160000.0
1994-04-08,'600814,杭州解百,10.21,10.35,10.16,10.3,10.38,-0.17,-1.6378,0.7455,164000,1674000.0,893170800.0,224620000.0
1994-04-07,'600814,杭州解百,10.38,10.5,10.16,10.38,10.45,-0.07,-0.6699,0.9759,214700,2221000.0,908042400.0,228360000.0
1994-04-06,'600814,杭州解百,10.45,10.6,10.35,10.55,10.55,-0.1,-0.9479,1.9845,436600,4582000.0,914166000.0,229900000.0
1994-04-05,'600814,杭州解百,10.55,10.9,10.49,10.81,10.8,-0.25,-2.3148,2.1377,470300,5012000.0,922914000.0,232100000.0
1994-04-04,'600814,杭州解百,10.8,10.87,10.3,10.42,10.68,0.12,1.1236,7.8914,1736100,18454000.0,944784000.0,237600000.0
1994-04-01,'600814,杭州解百,10.68,11.15,10.2,11.1,11.26,-0.58,-5.151,11.6295,2558500,27224000.0,934286400.0,234960000.0
1994-03-31,'600814,杭州解百,11.26,11.26,10.15,10.2,10.2,1.06,10.3922,11.8655,2610400,28133000.0,985024800.0,247720000.0
1994-03-30,'600814,杭州解百,10.2,10.4,10.1,10.33,10.3,-0.1,-0.9709,1.4686,323100,3315000.0,892296000.0,224400000.0
1994-03-29,'600814,杭州解百,10.3,10.58,10.2,10.4,10.39,-0.09,-0.8662,2.3309,512800,5287000.0,901044000.0,226600000.0
1994-03-28,'600814,杭州解百,10.39,10.79,9.88,10.0,10.18,0.21,2.0629,5.2159,1147500,11896000.0,908917200.0,228580000.0
1994-03-25,'600814,杭州解百,10.18,10.21,9.9,10.0,9.9,0.28,2.8283,2.4545,540000,5430000.0,890546400.0,223960000.0
1994-03-24,'600814,杭州解百,9.9,10.48,9.77,9.9,9.66,0.24,2.4845,2.4727,544000,5431000.0,866052000.0,217800000.0
1994-03-23,'600814,杭州解百,9.66,10.06,9.64,9.94,9.94,-0.28,-2.8169,1.6582,364800,3611000.0,845056800.0,212520000.0
1994-03-22,'600814,杭州解百,9.94,10.0,9.51,9.55,9.69,0.25,2.58,1.0227,225000,2172000.0,869551200.0,218680000.0
1994-03-21,'600814,杭州解百,9.69,10.18,9.5,10.1,10.3,-0.61,-5.9223,1.6127,354800,3516000.0,847681200.0,213180000.0
1994-03-18,'600814,杭州解百,10.3,10.95,10.15,10.8,10.82,-0.52,-4.8059,2.935,645700,6789000.0,901044000.0,226600000.0
1994-03-17,'600814,杭州解百,10.82,11.5,10.65,10.99,10.59,0.23,2.1719,9.3686,2061100,22662000.0,946533600.0,238040000.0
1994-03-16,'600814,杭州解百,10.59,10.98,10.2,10.3,10.3,0.29,2.8155,3.8623,849700,8982000.0,926413200.0,232980000.0
1994-03-15,'600814,杭州解百,10.3,11.0,10.18,11.0,11.0,-0.7,-6.3636,4.92,1082400,11361000.0,901044000.0,226600000.0
1994-03-14,'600814,杭州解百,11.0,11.31,10.11,10.3,9.82,1.18,12.0163,8.2582,1816800,19358000.0,962280000.0,242000000.0
1994-03-11,'600814,杭州解百,9.82,10.0,9.7,9.73,9.72,0.1,1.0288,2.3995,527900,5173000.0,859053600.0,216040000.0
1994-03-10,'600814,杭州解百,9.72,10.48,9.6,9.83,9.7,0.02,0.2062,5.3418,1175200,11672000.0,850305600.0,213840000.0
1994-03-09,'600814,杭州解百,9.7,9.98,9.3,9.35,9.22,0.48,5.2061,2.95,649000,6272000.0,848556000.0,213400000.0
1994-03-08,'600814,杭州解百,9.22,9.65,9.2,9.2,9.2,0.02,0.2174,2.3591,519000,4827000.0,806565600.0,202840000.0
1994-03-07,'600814,杭州解百,9.2,9.45,8.98,9.38,9.59,-0.39,-4.0667,0.105,23100,215000.0,804816000.0,202400000.0
1994-03-04,'600814,杭州解百,9.59,9.75,9.55,9.75,9.85,-0.26,-2.6396,1.1309,248800,2399000.0,838933200.0,210980000.0
1994-03-03,'600814,杭州解百,9.85,9.98,9.78,9.98,10.05,-0.2,-1.99,1.2241,269300,2664000.0,861678000.0,216700000.0
1994-03-02,'600814,杭州解百,10.05,10.4,10.02,10.32,10.37,-0.32,-3.0858,1.1377,250300,2560000.0,879174000.0,221100000.0
1994-03-01,'600814,杭州解百,10.37,10.78,10.34,10.34,10.34,0.03,0.2901,0.9468,208300,2177000.0,907167600.0,228140000.0
1994-02-28,'600814,杭州解百,10.34,10.71,10.21,10.7,10.71,-0.37,-3.4547,1.1741,258300,2709000.0,904543200.0,227480000.0
1994-02-25,'600814,杭州解百,10.71,10.84,10.45,10.68,10.4,0.31,2.9808,2.0455,450000,4785000.0,936910800.0,235620000.0
1994-02-24,'600814,杭州解百,10.4,10.45,10.27,10.45,10.5,-0.1,-0.9524,0.9545,210000,2171000.0,909792000.0,228800000.0
1994-02-23,'600814,杭州解百,10.5,10.7,10.4,10.6,10.55,-0.05,-0.4739,0.4764,104800,1102000.0,918540000.0,231000000.0
1994-02-22,'600814,杭州解百,10.55,10.89,10.18,10.2,10.31,0.24,2.3278,0.8114,178500,1881000.0,922914000.0,232100000.0
1994-02-21,'600814,杭州解百,10.31,10.6,10.25,10.6,10.6,-0.29,-2.7358,0.5977,131500,1370000.0,901918800.0,226820000.0
1994-02-18,'600814,杭州解百,10.6,10.63,10.3,10.6,10.65,-0.05,-0.4695,0.6023,132500,1401000.0,927288000.0,233200000.0
1994-02-17,'600814,杭州解百,10.65,10.8,10.55,10.8,10.88,-0.23,-2.114,0.5173,113800,1243000.0,931662000.0,234300000.0
1994-02-16,'600814,杭州解百,10.88,10.93,10.79,10.8,10.8,0.08,0.7407,0.5732,126100,1367000.0,951782400.0,239360000.0
1994-02-15,'600814,杭州解百,10.8,10.9,10.35,10.8,11.04,-0.24,-2.1739,1.0818,238000,2528000.0,944784000.0,237600000.0
1994-02-14,'600814,杭州解百,11.04,11.72,11.0,11.6,11.38,-0.34,-2.9877,2.4973,549400,6285000.0,965779200.0,242880000.0
1994-02-04,'600814,杭州解百,11.38,11.48,11.06,11.1,11.0,0.38,3.4545,2.5627,563800,6359000.0,995522400.0,250360000.0
1994-02-03,'600814,杭州解百,11.0,11.34,10.79,11.0,10.75,0.25,2.3256,2.8014,616300,6816000.0,962280000.0,242000000.0
1994-02-02,'600814,杭州解百,10.75,10.79,10.38,10.4,10.49,0.26,2.4786,1.8409,405000,4291000.0,940410000.0,236500000.0
1994-02-01,'600814,杭州解百,10.49,10.9,10.18,10.38,10.98,-0.49,-4.4627,1.4195,312300,3291000.0,917665200.0,230780000.0
1994-01-31,'600814,杭州解百,10.98,11.5,10.98,11.5,11.61,-0.63,-5.4264,2.1064,463400,5157000.0,960530400.0,241560000.0
1994-01-28,'600814,杭州解百,11.61,12.0,11.58,11.95,11.86,-0.25,-2.1079,2.0991,461800,5392000.0,1015642800.0,255420000.0
1994-01-27,'600814,杭州解百,11.86,11.95,11.78,11.85,11.85,0.01,0.0844,1.2059,265300,3150000.0,1037512800.0,260920000.0
1994-01-26,'600814,杭州解百,11.85,12.1,11.72,11.95,12.03,-0.18,-1.4963,1.5027,330600,3933000.0,1036638000.0,260700000.0
1994-01-25,'600814,杭州解百,12.03,12.46,12.0,12.44,12.44,-0.41,-3.2958,1.8686,411100,5001000.0,1052384400.0,264660000.0
1994-01-24,'600814,杭州解百,12.44,12.62,12.33,12.62,12.22,0.22,1.8003,2.4986,549700,6848000.0,1088251200.0,273680000.0
1994-01-21,'600814,杭州解百,12.22,12.43,12.01,12.2,12.2,0.02,0.1639,3.2414,713100,8747000.0,1069005600.0,268840000.0
1994-01-20,'600814,杭州解百,12.2,12.2,11.55,11.98,12.09,0.11,0.9098,4.3545,958000,11382000.0,1067256000.0,268400000.0
1994-01-19,'600814,杭州解百,12.09,12.59,11.88,12.5,12.39,-0.3,-2.4213,4.1577,914700,11046000.0,1057633200.0,265980000.0
1994-01-18,'600814,杭州解百,12.39,13.18,12.28,13.05,13.24,-0.85,-6.4199,4.3223,950900,11905000.0,1083877200.0,272580000.0
1994-01-17,'600814,杭州解百,13.24,13.5,13.1,13.25,13.0,0.24,1.8462,8.3686,1841100,24470000.0,1158235200.0,291280000.0
1994-01-14,'600814,杭州解百,13.0,14.5,12.82,14.5,5.68,7.32,128.8732,36.4109,8010400,109484000.0,1137240000.0,286000000.0
